0.022180	0.849850
0.023236	0.697156
0.021279	0.928840
0.020874	0.951516
0.017489	0.697419
0.020249	0.981952
0.019249	0.730261
0.023579	0.875064
0.022042	0.844140
0.028109	0.872175
0.023028	1.049044
0.023882	0.978179
0.027161	0.974604
0.024422	0.993695
0.021171	1.045763
0.023196	0.789980
0.022286	0.818782
0.019790	0.624007
0.028608	1.007868
0.026182	0.476161
0.033617	0.578695
0.023707	0.466438
0.018396	0.650114
0.015639	0.494214
0.007282	0.704824
0.002107	0.615503
0.022334	0.436262
0.016955	0.452379
0.022409	0.553389
0.009156	0.652046
0.008237	0.770974
0.019838	0.448316
0.009718	0.676086
0.010382	0.526708
0.021904	0.555393
0.009412	0.470916
0.011861	0.442925
0.007219	0.514139
0.015337	0.411412
0.012149	0.501591
0.020225	0.751886
0.008423	0.282605
0.011996	0.420918
0.028941	1.089902
0.014175	0.422930
0.008683	0.176809
0.027687	0.298601
0.014964	0.557253
0.033758	0.639741
0.005559	0.441151
0.004574	0.470533
0.007579	0.515019
0.029505	0.464125
0.033939	0.475146
0.014151	0.383002
0.015827	0.334102
0.029366	0.191840
0.021830	0.284710
0.031322	0.209582
0.023159	0.457605
0.024608	0.260264
0.030063	0.372072
0.027812	0.142965
0.009637	0.156337
0.023273	0.298570
0.017279	0.319772
0.005538	0.262065
0.013943	0.234199
0.021152	0.200077
0.014118	0.161729
0.039289	0.578670
0.023182	0.519899
0.022203	0.556802
0.017055	0.605667
0.016379	0.374361
0.040808	0.498649
0.040144	0.592875
0.045685	0.659130
0.039394	0.918715
0.040092	1.145056
0.038684	1.035151
0.053994	1.349138
0.036961	1.359997
0.033805	1.367301
0.032814	1.192420
0.016807	1.015696
0.021347	1.490250
0.022710	1.481398
0.016541	1.238327
0.014660	1.340999
0.036774	1.669847
0.029510	1.386650
0.027324	1.265886
0.010284	1.644110
0.021624	1.639303
0.014740	1.615683
0.020387	1.633130
0.016117	1.622322
0.017669	1.200355
0.028557	1.004553
0.029062	1.301421
0.033504	1.537259
0.030255	1.406530
0.030313	1.484762
0.040240	1.015921
0.042384	1.093499
0.038421	1.103122
0.031347	1.163288
0.036921	1.289797
0.022337	1.397504
0.020904	1.443402
0.025740	1.692916
0.017805	1.832233
0.023982	1.721080
0.013369	1.499127
0.021809	1.612440
0.036060	1.990600
0.028319	1.850095
0.021505	1.892035
0.020816	1.807539
0.028955	1.611262
0.029399	1.710251
0.028645	1.736830
0.022037	1.677633
0.030378	1.483652
0.026538	1.604002
0.041996	1.504852
0.044446	1.431102
0.050406	1.421178
0.041927	1.258236
0.043695	0.809991
0.027538	1.269683
0.035323	1.045804
0.033048	1.060322
0.032876	1.072890
0.030364	1.235185
0.029293	1.277992
0.027585	1.213360
0.026174	1.129972
0.029821	1.294384
0.031846	1.335616
0.037705	1.403053
0.021892	1.373345
0.021775	1.241528
0.018890	1.040096
0.020973	0.811255
0.024914	0.768843
0.033573	0.820512
0.028338	0.908511
0.013625	0.728087
0.022548	0.410118
0.034199	0.507151
0.034453	0.490177
0.026163	0.342628
0.022939	0.205776
0.020426	0.376821
0.012246	0.532504
0.041392	0.495956
0.021694	0.321678
0.025827	0.363820
0.053991	0.575532
0.048744	0.305538
0.062194	0.513241
0.059727	0.612935
0.077380	1.193524
0.086101	1.008739
0.090686	1.292226
0.051437	1.259464
0.076883	1.035144
0.075144	0.629280
0.085695	0.721804
0.097230	0.556910
0.081129	0.271465
0.073842	0.232073
0.080947	0.520121
0.078218	0.337959
0.061077	0.683690
0.074711	0.768763
0.062729	0.477423
0.071716	0.805762
0.047869	0.655453
0.014109	0.735258
0.012965	0.723825
0.013579	0.513027
0.027120	0.522956
0.035749	0.517274
0.031969	0.372513
0.038276	0.390220
0.005318	0.442901
0.028343	0.380195
0.073032	0.374437
0.091981	0.545507
0.082813	0.549506
0.094349	0.463275
0.092318	0.733960
0.078584	0.856881
0.085227	0.929512
0.061691	1.128684
0.031337	1.054280
0.041545	1.259599
0.054128	1.325954
0.033297	1.639667
0.022060	1.237954
0.048585	1.207467
0.038586	1.091140
0.040129	1.047458
0.031094	1.548919
0.031943	1.127244
0.028761	0.915182
0.027221	0.953078
0.019806	1.072669
0.024075	1.059432
0.012006	0.992572
0.027850	0.896625
0.012917	0.852077
0.016536	0.672066
0.019743	0.533903
0.011331	0.590883
0.038421	0.676348
0.029933	0.636949
0.044385	0.717063
0.062857	0.648550
0.057805	0.677471
0.071848	0.810615
0.074001	0.719276
0.065957	0.610213
0.063981	0.540054
0.043298	0.547808
0.071921	0.588301
0.080044	0.792783
0.073491	0.487121
0.038776	0.597881
0.068976	0.300658
0.028725	0.406114
0.047597	0.287472
0.036912	0.390319
0.029276	0.495219
0.052367	0.472764
0.032411	0.618584
0.024999	0.434038
0.038564	0.339135
0.047774	0.373906
0.023195	0.296455
0.037676	0.302052
0.016827	0.444925
0.012268	0.464008
0.017903	0.516941
0.020507	0.360220
0.048926	0.898922
0.024108	0.692735
0.029589	0.677441
0.059013	0.907249
0.029479	0.635473
0.043665	0.672588
0.028249	0.427386
0.026905	0.488087
0.025008	0.455616
0.031282	0.544771
0.043166	0.677175
0.057313	0.647391
0.044102	0.415219
0.061682	0.471515
0.065142	0.465089
0.078825	0.608033
0.072377	0.514219
0.078407	0.526329
0.093971	0.511069
0.068907	0.405347
0.068602	0.408407
0.065518	0.458782
0.059813	0.199928
0.048512	0.316682
0.059226	0.386204
0.031229	0.410840
0.041844	0.352943
0.074017	0.490857
0.047110	0.422411
0.037400	0.403098
0.037665	0.376590
0.054289	0.325389
0.049451	0.368806
0.043443	0.351217
0.050010	0.337044
0.038686	0.277707
0.038422	0.335138
0.041193	0.471880
0.024118	0.326726
0.043837	0.203052
0.054805	0.360915
0.047812	0.343570
0.049690	0.321260
0.057868	0.380167
0.044196	0.400059
0.046708	0.395443
0.059730	0.388113
0.062959	0.583636
0.043558	0.784310
0.043413	0.811470
0.054757	0.652969
0.059624	0.420130
0.057594	0.729421
0.063985	0.507546
0.063496	0.524871
0.070832	0.480440
0.072686	0.612930
0.093802	0.490925
0.083512	0.609776
0.072570	0.426859
0.078333	0.486172
0.085625	0.504782
0.085203	0.513506
0.069293	0.467867
0.065502	0.427233
0.075954	0.226553
0.075565	0.226411
0.045934	0.319991
0.046238	0.398208
0.066619	0.330923
0.066488	0.322711
0.059388	0.374153
0.035075	0.538948
0.043126	0.671521
0.043019	0.663490
0.049042	0.676601
0.063559	0.762432
0.050358	0.817906
0.051222	0.826897
0.070323	1.009988
0.075900	1.122164
0.032518	1.136634
0.060977	1.330587
0.096351	2.238713
0.061884	1.289151
0.060400	1.159277
0.053639	1.292405
0.053181	0.967815
0.055247	1.151688
0.077700	1.894621
0.050721	1.118551
0.055756	1.321022
0.060962	1.619891
0.063094	1.508222
0.061431	1.251845
0.060723	1.240863
0.063005	1.250484
0.055756	1.187557
0.060072	1.211565
0.049460	1.316085
0.050849	1.296397
0.051197	1.312129
0.060388	1.547690
0.058483	1.479917
0.052057	1.440296
0.052283	1.507483
0.052509	1.495731
0.071063	2.485432
0.066462	1.927606
0.052437	1.600218
0.062911	2.040719
0.059262	1.754429
0.058571	1.646646
0.052711	1.614684
0.049187	1.352856
0.047524	1.396985
0.048231	1.411669
0.046356	1.234496
0.039312	1.281498
0.038828	1.322160
0.049888	1.449977
0.049976	1.451847
0.057226	1.329599
0.039219	1.015287
0.029469	0.808326
0.039506	1.040863
0.029501	0.607606
0.029601	0.610637
0.046461	0.400378
0.049251	0.513912
0.041017	0.549623
0.042798	0.412211
0.053466	0.420752
0.053788	0.431406
0.039830	0.260967
0.045011	0.205065
0.031593	0.347569
0.033237	0.335864
0.032964	0.329208
0.037773	0.335556
0.041193	0.379652
0.057698	0.368028
0.039683	0.896950
0.036902	0.833633
0.038960	0.868847
0.026656	0.780153
0.050550	1.174853
0.034001	1.216072
0.032241	1.111933
0.034843	1.196437
0.034112	1.183711
0.031747	1.498948
0.044677	1.237119
0.047113	1.486848
0.045721	1.283071
0.060434	1.683637
0.046184	0.913093
0.046338	0.958711
0.049012	0.734201
0.057427	0.969150
0.058952	0.691626
0.053864	0.944677
0.055265	0.979835
0.056522	0.927940
0.062632	1.380916
0.049917	1.064444
0.049385	1.249316
0.037429	1.357609
0.027834	1.136507
0.013937	0.679275
0.043059	0.761439
0.064196	1.079639
0.066844	1.139177
0.066684	0.919850
0.053150	1.028881
0.054069	1.053830
0.046801	1.107331
0.069792	0.919655
0.062808	0.871858
0.074300	0.832527
0.087582	0.639160
0.064902	0.665679
0.065428	0.686425
0.065594	0.669883
0.043851	1.069469
0.038510	1.176333
0.033202	1.245697
0.033112	1.248311
0.046884	1.274876
0.043865	1.178515
0.023399	1.176067
0.031367	1.347701
0.014703	1.000236
0.010786	1.267228
0.025901	0.836414
0.004155	1.283506
0.026974	1.150186
0.028983	0.985099
0.027278	0.851803
0.017281	0.934959
0.010012	0.868507
0.030706	0.907036
0.031857	0.912651
0.023281	0.796032
0.043966	0.829330
0.053355	0.945571
0.041365	0.722402
0.036816	0.725935
0.044806	0.841806
0.057612	0.929745
0.043327	1.019228
0.034261	0.817921
0.032660	0.591039
0.028225	0.568313
0.017543	0.808943
0.015811	0.916182
0.012920	0.655900
0.020762	0.767636
0.021441	1.080558
0.016520	0.960820
0.022983	0.736724
0.058347	0.808095
0.060158	0.894365
0.059951	0.870737
0.011680	1.030248
0.007017	1.047007
0.011253	0.956945
0.012468	1.024889
0.006958	0.793600
0.036499	0.715585
0.029769	0.561208
0.006069	0.843222
0.001096	0.965977
0.012785	0.783133
0.017626	1.020300
0.011831	0.954308
0.014251	0.764219
0.016167	0.280589
0.022903	0.561261
0.038472	0.800730
0.028782	1.186076
0.027089	1.091326
0.023008	0.705914
0.027556	1.138317
0.026330	1.237594
0.037978	1.126635
0.037432	1.211110
0.038412	1.239383
0.026104	1.115111
0.032947	1.357232
0.025180	1.372609
0.027878	1.010078
0.027563	1.005501
0.030561	0.778096
0.031580	1.059132
0.049105	1.069649
0.061673	0.859487
0.044252	0.919317
0.043932	0.925818
0.034311	0.658035
0.022672	0.242763
0.019999	0.765721
0.034384	1.074212
0.072357	1.072039
0.064438	0.705779
0.027968	0.746896
0.025522	0.879933
0.032048	0.920390
0.028519	0.744798
0.032545	0.908724
0.041559	0.981541
0.051825	0.976110
0.041516	0.969402
0.026457	0.884211
0.028561	0.915177
0.020089	0.958216
0.030640	0.708637
0.035600	0.844974
0.032684	0.681331
0.027434	0.604873
0.014016	0.512171
0.025895	0.630259
0.016435	0.527566
0.031501	0.379240
0.039238	0.312416
0.057317	0.176855
0.068496	0.503800
0.078597	0.400987
0.080373	0.619475
0.057869	0.349924
0.096860	0.137259
0.064672	0.304328
0.030375	0.195408
0.010122	0.153863
0.013330	0.137342
0.016821	0.180688
0.013500	0.324373
0.038145	0.441606
0.033958	0.386576
0.019709	0.238226
0.020362	0.395430
0.018492	0.354722
0.019022	0.301197
0.008536	0.380100
0.010350	0.776013
0.019871	0.545377
0.026196	0.553510
0.009775	0.732182
0.007755	0.756184
0.019067	0.553203
0.020236	0.683279
0.013362	0.735452
0.017857	0.903352
0.040635	1.159105
0.048153	0.969388
0.025042	1.153853
0.024686	1.349226
0.038974	1.491045
0.046640	1.275279
0.039085	1.050131
0.035994	0.802057
0.044521	0.702261
0.037559	0.761158
0.056676	0.765778
0.046407	0.716394
0.025191	0.760501
0.030869	0.567917
0.038740	0.384997
0.020620	0.643875
0.022280	0.475862
0.030044	0.692549
0.024120	0.747373
0.023653	0.637245
0.028124	0.756397
0.032865	0.487074
0.029998	0.462970
0.032670	0.405242
0.033266	0.560456
0.028580	0.431795
0.019061	0.419568
0.023714	0.445728
0.036018	0.360673
0.033345	0.521052
0.045298	0.679926
0.038214	0.680573
0.030054	0.588225
0.033218	0.529195
0.038275	0.561699
0.042570	0.603943
0.049569	0.494338
0.044226	0.501800
0.043226	0.385868
0.049368	0.331433
0.059755	0.452394
0.045381	0.127346
0.064996	0.463740
0.055719	0.159013
0.063124	0.380459
0.064784	0.269026
0.060607	0.213068
0.061102	0.227439
0.064517	0.187747
0.063537	0.155875
0.054586	0.190714
0.042525	0.223074
0.032442	0.145487
0.053435	0.215361
0.063782	0.217799
0.067985	0.179608
0.055382	0.289713
0.065977	0.358899
0.042886	0.447908
0.039587	0.408935
0.039710	0.465704
0.038212	0.612004
0.046932	0.505989
0.057483	0.491493
0.043253	0.491268
0.053036	0.613814
0.045436	0.553659
0.049039	0.512160
0.035798	0.429220
0.041045	0.438266
0.056059	0.487320
0.058389	0.491195
0.075574	0.745061
0.088572	0.698127
0.077440	0.776341
0.066462	0.679372
0.064802	0.829321
0.061905	0.773398
0.055387	0.788343
0.059989	0.816198
0.045488	0.822395
0.038013	0.909560
0.058746	0.799152
0.060392	0.840200
0.038036	0.913738
0.069778	0.615964
0.040198	0.710123
0.023004	0.807176
0.023322	0.811220
0.036224	0.806442
0.044955	0.637415
0.045971	0.521283
0.046224	0.515702
0.046194	0.581677
0.042615	0.589585
0.059975	0.755831
0.059866	0.765453
0.052199	0.669168
0.058037	0.651590
0.071888	0.631109
0.071776	0.596158
0.065863	0.599655
0.066269	0.592106
0.094367	0.588935
0.100615	0.658885
0.095504	0.728118
0.078331	0.589677
0.063624	0.768011
0.049304	0.885161
0.055962	1.648141
0.051425	0.972841
0.021679	1.084721
0.024195	1.042145
0.028054	0.993723
0.051605	1.081438
0.046286	0.941085
0.047191	0.831028
0.053791	1.037078
0.046102	0.950716
0.042939	0.973043
0.053553	1.030086
0.055145	1.041324
0.055445	1.079965
0.054357	0.905082
0.054666	0.838507
0.050798	1.059377
0.054216	0.943238
0.049422	0.988125
0.039801	0.765209
0.042422	0.888116
0.039089	0.595734
0.042222	0.957876
0.044051	0.937032
0.017165	0.627965
0.019405	0.805702
0.021679	1.252527
0.026545	1.663159
0.033819	0.818221
0.035711	0.305446
0.056551	0.716219
0.092939	0.743730
0.051530	0.820489
0.046327	0.452263
0.075950	0.337863
0.068172	0.844746
0.064308	0.387011
0.127256	1.476595
0.122760	2.424865
0.134536	1.521993
0.180743	1.520429
0.186409	1.628343
0.109471	1.126907
0.110264	0.598246
0.104805	0.563246
0.124391	0.872790
0.112931	1.141173
0.123844	1.440733
0.123097	1.148875
0.080468	2.106922
0.087393	1.954359
0.071452	1.570914
0.077529	2.053748
0.095909	1.325643
0.042973	2.630032
0.065440	1.293759
0.064588	1.302743
0.019861	2.381261
0.041178	1.632795
0.031172	1.974560
0.018321	2.290825
0.052429	1.730412
0.051289	1.711068
0.041083	1.777172
0.059146	1.355623
0.059618	1.231217
0.080338	1.680313
0.075435	1.299865
0.076288	1.603598
0.068202	1.303179
0.089095	0.979641
0.088169	0.960101
0.085007	1.660293
0.080233	1.845031
0.098758	1.746465
0.056775	1.224356
0.055687	1.151732
0.071418	1.096132
0.063707	0.884587
0.065921	1.558532
0.062306	1.176617
0.037901	1.095874
0.036688	1.301839
0.049870	1.200456
0.039527	0.958287
0.033897	0.789297
0.020899	1.092481
0.027145	1.171467
0.026246	0.838105
0.016844	1.075572
0.029376	1.184915
0.041464	0.943002
0.040409	0.774706
0.063122	0.963387
0.038162	0.902555
0.017959	0.823367
0.018430	0.936198
0.023102	0.881330
0.054168	1.101022
0.080574	1.054769
0.079827	1.065444
0.065362	1.077357
0.047863	0.830306
0.102590	1.201343
0.101641	1.108098
0.127696	1.312753
0.147545	1.073593
0.150076	0.942093
0.177076	1.162874
0.148993	1.125189
0.254742	1.284604
0.219354	1.331025
0.399592	2.059159
0.456766	2.499840
0.492326	2.672667
0.806791	4.157825
1.177124	6.097099
1.681757	8.849644
2.048679	9.728562
2.266504	10.621736
2.530437	12.229889
2.577172	12.028142
3.146175	14.674137
3.117634	14.128479
3.541890	15.982902
3.638804	15.838493
3.872406	16.397604
3.274246	13.931280
4.197027	16.843588
2.710507	10.408128
1.619290	6.786007
0.846176	4.987461
0.875156	4.752314
0.867701	4.547037
0.898346	4.691065
0.785459	4.093995
0.780848	4.386074
1.087696	5.795825
1.054434	5.237530
0.849745	4.711380
1.155884	6.206182
1.077078	5.347751
1.093457	5.439053
1.153996	5.715063
1.320112	4.681261
1.590938	6.305157
1.646459	6.236460
1.701605	6.176508
1.602012	6.494759
1.635764	6.533964
1.533986	6.143987
1.549282	6.164425
1.593553	6.370149
1.512216	6.182138
1.488693	6.628658
1.337345	6.432332
1.726157	6.985209
1.539856	6.282416
1.928792	6.802158
1.658131	6.199767
2.047991	6.932717
1.383475	6.258305
1.882536	6.788478
1.688713	6.279378
1.741799	6.475940
1.511571	5.828571
1.540620	5.224066
1.506513	5.960585
1.110071	5.064856
1.071389	5.338945
0.795918	4.568446
0.651320	4.013003
0.513104	3.619539
0.529987	3.892404
0.412089	3.035048
0.343839	3.149707
0.268350	2.548418
0.200441	2.137454
0.176712	1.539562
0.175222	1.513084
0.148037	1.574212
0.104536	1.208734
0.106016	1.520521
0.097213	1.396123
0.084636	1.218575
0.092774	1.231518
0.090817	1.261470
0.109263	1.361745
0.104266	0.849166
0.124262	0.969695
0.123751	1.360657
0.106675	0.873763
0.102880	1.025727
0.121647	1.162657
0.102484	0.674762
0.100947	0.991965
0.128561	1.191433
0.097945	1.061480
0.119735	1.130436
0.109485	1.100820
0.102737	0.869523
0.108754	1.009897
0.104132	0.821944
0.088238	0.860107
0.089357	0.629065
0.089641	0.623831
0.093179	0.750242
0.085088	0.660730
0.065170	0.634335
0.071874	0.775940
0.073780	0.749703
0.071997	0.661615
0.069885	0.610492
0.065904	0.419789
0.063690	0.304979
0.054075	0.272001
0.062324	0.232796
0.067175	0.227600
0.052914	0.345183
0.039144	0.216710
0.037609	0.414770
0.042489	0.597185
0.059350	0.614810
0.057468	0.636611
0.048060	0.690601
0.062060	0.799984
0.069654	0.806751
0.092750	0.893294
0.082018	0.769054
0.044845	2.432152
0.051341	0.526087
0.069225	0.644949
0.028769	0.331561
0.040967	0.420049
0.041702	0.403702
0.037919	0.429752
0.071858	0.328419
0.036687	1.854157
0.043411	0.522224
0.051111	0.651344
0.037613	0.656267
0.037341	0.657005
0.043140	0.681666
0.062296	0.366003
0.062593	0.349145
0.062372	0.540181
0.050422	0.573661
0.050908	0.561469
0.075599	0.558281
0.080413	0.688953
0.060939	0.912015
0.061106	0.913202
0.066311	0.620711
0.030256	0.853173
0.019731	0.987325
0.019589	0.988380
0.019449	0.726736
0.009967	0.726749
0.038758	0.910230
0.039545	0.890407
0.044801	0.796612
0.024805	0.766255
0.032024	0.632709
0.031539	0.639970
0.028904	0.653061
0.046520	0.412924
0.035411	0.711723
0.023812	1.988336
0.021265	0.851196
0.024020	0.862102
0.027778	0.604459
0.018498	0.839811
0.025359	0.852210
0.024700	0.843739
0.029695	0.659664
0.022881	0.704253
0.021469	0.809874
0.015228	0.854644
0.025724	0.694258
0.041440	0.984414
0.042657	0.611306
0.042885	0.655797
0.024841	0.755790
0.023068	0.665828
0.026295	0.534932
0.023133	0.539172
0.024687	0.541093
0.027644	0.350202
0.025637	0.515407
0.016264	0.483490
0.049192	1.014709
0.049718	1.032759
0.021625	0.802236
0.018394	0.798660
0.014024	0.732606
0.024084	0.750078
0.027001	0.927686
0.039683	0.783188
0.040028	0.787425
0.062432	1.240356
0.058300	0.909180
0.067274	1.000336
0.049181	1.007671
0.058690	0.991543
0.062636	1.025786
0.099418	1.595005
0.080027	1.351579
0.066059	1.144597
0.065933	1.219095
0.066848	1.227609
0.061919	1.154041
0.091125	1.338422
0.101893	1.590419
0.102757	1.691654
0.081331	1.210487
0.065107	1.201014
0.057848	1.231322
0.056082	1.180792
0.055589	0.967037
0.054144	0.976303
0.047752	0.727994
0.034500	0.491914
0.040783	0.524099
0.048097	0.752226
0.036226	0.555675
0.036956	0.718309
0.036590	0.792072
0.029416	0.658968
0.026892	0.745400
0.027608	0.734720
0.013514	0.458975
0.022201	0.537098
0.017264	0.612590
0.022998	0.431883
0.023032	0.455337
0.027194	0.640721
0.023394	0.912988
0.028864	1.024677
0.031620	1.035094
0.033085	0.715651
0.017058	0.626242
0.026959	0.712827
0.051426	0.894699
0.026962	0.586492
0.040724	0.722262
0.042914	0.758993
0.046446	0.735701
0.038647	0.618379
0.040615	0.598980
0.049966	0.788380
0.051409	1.187234
0.047570	0.949818
0.055607	1.130560
0.046517	1.090081
0.043278	1.096710
0.049996	1.163419
0.045965	1.191326
0.035646	1.539308
0.030519	0.915614
0.048494	1.037179
0.039854	1.262144
0.041992	1.316490
0.035919	1.625414
0.036723	1.310896
0.038224	1.703008
0.030366	0.921081
0.027120	1.308674
0.022679	1.197737
0.031428	1.080267
0.034615	0.480754
0.027627	1.037347
0.027120	0.990078
0.034885	0.828748
0.040296	0.727290
0.038867	0.756711
0.025364	0.640160
0.025399	0.437289
0.026416	0.673115
0.025986	0.686320
0.029345	0.486180
0.034126	0.235137
0.031545	0.349609
0.029773	0.384655
0.037325	0.442983
0.020469	0.397567
0.018875	0.437235
0.019974	0.540694
0.028521	0.304576
0.027726	0.538139
0.027294	0.503362
0.041180	0.289211
0.042310	0.307571
0.062051	0.387843
0.062388	0.396346
0.059549	0.307450
0.080706	0.647310
0.081467	0.674307
0.067234	0.712888
0.073153	0.674738
0.059011	0.837476
0.058271	0.829549
0.072773	0.928466
0.069581	0.662218
0.058632	0.976484
0.046010	1.124256
0.051461	0.912159
0.049414	0.858740
0.042938	0.802075
0.037412	1.045603
0.051624	0.641161
0.050433	0.447636
0.067578	0.508787
0.060325	0.867772
0.073854	0.670450
0.065392	0.614408
0.064383	0.529794
0.065439	0.588094
0.065181	0.587174
0.059229	0.654917
0.051475	0.777133
0.060766	0.773837
0.040776	0.723571
0.041157	0.746855
0.054772	1.074215
0.069561	1.052435
0.074321	0.938402
0.086284	1.091445
0.066964	0.766742
0.067371	0.800658
0.077580	0.787604
0.082541	1.039779
0.103363	0.847443
0.073159	1.116949
0.069138	0.759772
0.070135	0.899048
0.070871	0.834342
0.067481	1.231081
0.065754	1.087166
0.070338	1.126199
0.062267	0.863076
0.070456	0.858667
0.061127	0.764946
0.060731	0.758089
0.066300	0.857100
0.071616	0.623224
0.062568	0.806572
0.099104	0.784688
0.092367	0.803079
0.074880	0.684692
0.072926	0.683036
0.081339	0.607105
0.110961	0.547245
0.104623	0.667057
0.089662	0.982792
0.098439	0.832519
0.113747	1.171533
0.098050	0.666413
0.098205	0.678610
0.129031	0.706232
0.111238	0.599504
0.087133	0.244761
0.096498	0.137620
0.090438	0.166387
0.072358	0.145195
0.074621	0.211084
0.086964	0.993395
0.054953	0.283121
0.055411	0.209254
0.054379	0.224819
0.082787	0.218414
0.074408	0.098592
0.075205	0.327936
0.094216	0.198552
0.104882	0.056432
0.085265	0.190774
0.085331	0.200298
0.101033	0.341692
0.078313	0.402299
0.103605	0.253655
0.110450	0.515053
0.111864	0.646747
0.111649	0.636067
0.097588	0.783576
0.117661	0.483051
0.125966	0.482960
0.119958	0.427601
0.142932	0.987641
0.119646	0.382936
0.137641	0.472082
0.136059	0.383147
0.137885	0.413726
0.139182	0.662448
0.138538	0.655419
0.129602	0.696017
0.112189	0.906230
0.119966	0.948965
0.150866	0.933858
0.133478	1.041322
0.134684	1.074223
0.145352	1.296773
0.123168	1.276807
0.120519	1.227162
0.167038	1.348876
0.140696	0.906643
0.172932	1.340330
0.181965	1.085684
0.205802	1.502439
0.181846	1.048275
0.213627	1.230217
0.219188	1.445584
0.212196	1.229044
0.205966	1.294478
0.226804	1.318309
0.225123	1.295912
0.243248	1.139401
0.246784	1.245637
0.250381	1.350178
0.245113	1.359226
0.220357	1.006145
0.210413	1.275362
0.197656	1.183018
0.179758	0.875804
0.209842	1.292135
0.180065	1.281259
0.180906	1.304780
0.172547	1.282508
0.148567	1.188102
0.187824	1.380707
0.189332	1.416824
0.182735	1.063813
0.232512	1.351511
0.157695	1.041957
0.159201	1.081304
0.199866	1.407391
0.152211	0.920701
0.123046	0.806774
0.123662	0.827183
0.068916	0.644549
0.063399	0.563288
0.072648	0.933652
0.069628	0.894587
0.066943	0.688231
0.082967	0.562182
0.078542	0.770000
0.078771	0.772662
0.074492	0.500272
0.107526	0.475603
0.107585	0.494224
0.097398	0.261190
0.101605	0.200228
0.114042	0.116554
0.114474	0.138359
0.100058	0.423831
0.100197	0.421375
0.146699	0.309724
0.138219	0.188455
0.155572	0.232153
0.156402	0.198233
0.181307	0.422537
0.198718	0.361778
0.198390	0.368955
0.225271	0.417059
0.258441	0.855341
0.258863	0.644280
0.269055	0.563270
0.248064	1.428306
0.239741	1.110254
0.270849	1.028099
0.343615	1.440564
0.344369	1.411016
0.279663	1.482179
0.379902	1.281826
0.367729	1.713737
0.477382	2.286894
0.526005	3.040309
0.524808	3.066234
0.751400	4.114371
0.755695	4.454296
0.603271	3.311954
0.811499	4.728842
1.357198	7.977664
1.358157	7.957920
1.147200	6.792268
1.386280	8.566667
1.386449	8.578437
2.806646	18.663963
2.559146	16.460474
2.559669	16.463821
2.728731	18.005922
1.915124	13.257927
2.778342	18.445978
2.778356	18.456512
2.466119	16.522122
1.953919	14.287781
1.953346	14.295945
1.955497	14.341642
2.178301	15.415675
2.179723	15.394490
2.390107	17.370955
1.866218	13.564308
2.078585	14.592054
2.078280	14.609052
1.739778	12.425377
1.861932	13.292560
1.861650	13.308382
1.768058	11.980996
1.202104	8.546097
1.203011	8.545728
0.926605	5.916347
0.807424	5.314563
0.715697	4.310954
0.735258	5.084003
0.547734	3.972848
0.474793	3.485661
0.474492	3.499871
0.416471	2.854249
0.293878	2.352389
0.293775	2.346884
0.223292	1.579843
0.140280	1.294156
0.080840	1.426602
0.080340	1.448945
0.066019	0.928172
0.039813	1.264460
0.048571	0.798231
0.046937	0.833278
0.040159	0.877851
0.042242	0.685141
0.064656	0.492124
0.064946	0.501745
0.044052	0.792012
0.032330	0.681632
0.024858	0.740766
0.027523	0.666139
0.023673	1.449797
0.042313	0.701824
0.042308	0.624863
0.027725	0.792043
0.028467	1.035703
0.034574	0.851420
0.044241	0.399123
0.044311	0.403125
0.046345	0.582616
0.033536	0.537062
0.026687	1.053124
0.020000	0.882049
0.019610	0.895929
0.026006	0.853132
0.012606	0.812915
0.026801	0.841945
0.042956	0.816602
0.043276	0.856260
0.041722	0.748787
0.018447	0.593928
0.007152	0.492941
0.007235	0.519884
0.037625	0.618544
0.046557	0.581101
0.078071	0.751269
0.076855	0.732391
0.124629	0.971940
0.089544	0.607174
0.091055	0.625210
0.090630	0.595630
0.076736	0.486008
0.064195	0.449023
0.064879	0.459910
0.051034	0.566897
0.040695	0.461846
0.047306	1.109090
0.030453	0.239367
0.051415	0.413443
0.051424	0.417873
0.033414	0.294164
0.015779	0.451167
0.015978	0.449188
0.016620	0.699778
0.018912	0.721705
0.029105	0.668178
0.035355	0.978859
0.022358	0.907717
0.034117	1.038565
0.034642	1.042819
0.054352	1.401322
0.062506	2.246458
0.034287	1.250167
0.032362	1.284236
0.030728	1.256636
0.030538	1.264652
0.049855	0.939546
0.046262	0.878804
0.046082	0.876267
0.047618	0.980973
0.063009	0.815501
0.062145	0.635335
0.062485	0.628257
0.047428	0.942388
0.038104	0.930641
0.038151	0.919931
0.050238	0.887434
0.046637	0.951334
0.060112	1.551446
0.051250	1.046432
0.058913	0.820556
0.059146	0.797008
0.041419	0.903510
0.048664	0.837537
0.048779	0.775171
0.048982	0.757933
0.054925	0.543237
0.065409	1.457453
0.048058	0.891666
0.049798	0.685170
0.033782	0.985452
0.034668	1.001563
0.040263	0.938650
0.056615	1.028433
0.056528	1.019539
0.047349	0.933744
0.056567	0.832926
0.057016	0.838744
0.038318	0.872796
0.023783	0.885007
0.023738	0.896814
0.028952	0.689441
0.030478	1.120130
0.039406	0.656386
0.045207	0.593848
0.042873	0.731557
0.041924	0.711131
0.048866	0.447540
0.038323	0.572599
0.038593	0.571357
0.070784	0.511439
0.065962	0.474849
0.075648	0.714299
0.059917	0.533038
0.075367	0.517299
0.084819	0.591209
0.084220	0.589192
0.086316	0.908538
0.086528	0.911001
0.128866	0.800403
0.079174	0.733204
0.078943	0.733519
0.108586	0.897292
0.108269	0.909758
0.134697	0.812882
0.115618	0.689298
0.115621	0.685168
0.136985	0.916732
0.121827	1.017713
0.122255	1.003260
0.086700	1.026475
0.086650	1.026917
0.116554	0.853024
0.108660	1.646463
0.107868	0.900457
0.123336	0.781266
0.123674	0.776075
0.102882	1.127884
0.100600	0.872758
0.100366	0.864622
0.081860	0.908929
0.081758	0.898696
0.071598	0.549676
0.072570	0.536883
0.053696	0.466684
0.053154	0.642444
0.052649	0.647376
0.039009	0.786727
0.039864	0.782846
0.055919	0.519908
0.050351	0.385233
0.050127	0.390156
0.064538	0.485035
0.069591	0.442611
0.070305	0.459836
0.060010	0.515942
0.051391	0.368095
0.050598	0.358390
0.065250	0.511296
0.105027	0.847856
0.079936	0.641703
0.072702	0.680325
0.072189	0.677289
0.067000	0.772304
0.085811	0.580861
0.085432	0.582551
0.093210	0.651880
0.127776	1.400589
0.094738	0.665562
0.111333	0.620596
0.110182	0.588632
0.106797	0.824957
0.171542	1.546541
0.135971	0.819034
0.164158	0.792546
0.163436	0.780315
0.134672	0.934382
0.120643	1.038607
0.120177	1.020885
0.101668	1.145932
0.086887	0.702720
0.087324	0.705237
0.146117	0.988129
0.145680	0.977619
0.151677	0.981653
0.150370	1.120347
0.149944	1.096731
0.126190	1.116054
0.145711	1.037149
0.145811	1.044616
0.139920	0.586900
0.181539	0.772173
0.180983	0.749278
0.201254	0.572281
0.201035	0.551999
0.203007	0.486756
0.187947	0.708623
0.188073	0.703108
0.182821	0.730843
0.182725	0.720510
0.187737	0.536547
0.175219	0.843836
0.174171	0.851333
0.164822	0.850668
0.164699	0.867856
0.188905	1.249321
0.170550	1.635043
0.170576	1.625200
0.133866	1.855604
0.132486	1.833868
0.132453	2.212984
0.149379	2.277109
0.147119	2.243562
0.149904	2.722071
0.122392	2.091079
0.123536	2.111892
0.136975	2.207666
0.128560	2.142450
0.130033	2.161371
0.129700	2.014981
0.102402	1.922583
0.103384	1.941912
0.101328	1.973651
0.086438	1.346370
0.083504	1.479733
0.084117	1.514656
0.070224	1.019445
0.057181	0.861227
0.055941	0.854124
0.087042	0.516400
0.092980	0.334254
0.093325	0.386525
0.060106	0.689567
0.058748	0.522731
0.057179	0.456295
0.069728	0.443353
0.073038	0.720561
0.049748	0.765918
0.074565	1.448169
0.075462	1.494662
0.109846	2.016617
0.050097	1.588994
0.068243	1.976307
0.070997	2.226472
0.084940	2.609416
0.064683	2.220260
0.108947	2.302648
0.092299	1.759335
0.073054	1.873415
0.078892	2.363567
0.047361	1.591383
0.054252	2.634891
0.045570	3.121959
0.081410	3.810632
0.044303	2.768403
0.068035	3.154494
0.118148	4.136791
0.060295	2.382496
0.096324	2.843407
0.145412	3.791535
0.083818	2.780974
0.073554	2.839253
0.098090	2.138970
0.070117	1.873027
0.074428	2.335188
0.074140	1.856586
0.081500	2.567644
0.084260	3.207010
0.090545	2.740401
0.076795	2.689086
0.088116	2.185384
0.061917	2.262510
0.064381	2.854846
0.078325	2.214887
0.075319	2.304242
0.108567	2.652340
0.090575	2.174762
0.068596	2.001284
0.090418	2.095763
0.141264	2.484154
0.140548	2.172021
0.076394	2.511737
0.146773	2.604321
0.078546	2.769549
0.145765	2.591453
0.184924	2.204940
0.167116	2.614643
0.165754	1.877475
0.163080	2.698794
0.108351	1.606938
0.157548	2.367433
0.071049	2.497341
0.041063	2.105190
0.125625	2.696241
0.057043	3.292008
0.063039	3.725563
0.086031	2.739740
0.096535	3.080007
0.105357	3.507384
0.113663	3.178397
0.150803	3.077711
0.165446	4.264358
0.100301	3.867693
0.132720	4.838133
0.089018	4.401192
0.095389	5.253442
0.106157	5.271028
0.117166	6.024567
0.093450	5.958741
0.079598	5.502655
0.094288	5.903718
0.074369	4.260095
0.078116	4.174726
0.080438	3.367336
0.050359	3.237600
0.046880	2.652616
0.022897	2.931784
0.051225	2.663220
0.044631	2.522469
0.035232	1.913536
0.067916	1.732208
0.048583	1.755050
0.080021	1.902944
0.092295	2.020311
0.043802	1.489269
0.067571	1.655396
0.104711	2.115096
0.074032	1.817626
0.057587	1.635743
0.060781	1.775979
0.076981	2.164508
0.066718	1.616293
0.081469	1.993432
0.055834	1.233345
0.042245	0.896531
0.105290	1.086626
0.093949	0.801520
0.096230	0.593367
0.084820	0.553963
0.129999	0.436484
0.119270	0.708900
0.060370	0.638883
0.072616	0.623824
0.105034	0.751194
0.066843	0.413633
0.045015	0.276667
0.073740	0.451316
0.048881	0.619170
0.024977	0.421386
0.022050	0.526454
0.025297	0.482792
0.038009	0.362350
0.077747	0.543900
0.082416	0.577402
0.070056	0.480689
0.106100	0.552681
0.103721	0.815818
0.102439	0.672713
0.062587	0.660741
0.057314	0.698654
0.096081	0.605010
0.063315	0.505309
0.028275	0.242186
0.036797	0.386504
0.046869	0.181736
0.054010	0.380356
0.047708	0.338055
0.043956	0.618448
0.045366	0.943372
0.056357	1.429465
0.056070	0.999706
0.066195	1.126397
0.088857	1.523787
0.065182	1.317333
0.063265	1.285247
0.064497	1.273952
0.056408	1.278532
0.041890	1.009116
0.060421	1.495469
0.054789	1.268320
0.044527	1.108037
0.036370	0.724353
0.046606	0.738632
0.036859	0.606515
0.031190	0.651461
0.042486	0.860385
0.041230	0.756911
0.036112	0.662588
0.078647	0.576402
0.076556	0.510251
0.081498	0.353278
0.072650	0.529566
0.074811	0.455190
0.049833	0.274558
0.033569	0.326389
0.027138	0.279545
0.025698	0.433703
0.032191	0.381266
0.030672	0.293804
0.052001	0.425159
0.006170	0.353906
0.016234	0.511317
0.040966	0.773437
0.061986	0.465332
0.048993	0.499433
0.058521	0.452839
0.022112	0.233815
0.011498	0.680852
0.041834	0.531192
0.018310	0.147211
0.021093	0.181382
0.024340	0.462340
0.051574	0.491672
0.037494	0.448770
0.048938	0.347389
0.044756	0.286277
0.043971	0.516985
0.086716	0.893215
0.113212	0.489584
0.068279	1.018270
0.084222	0.680730
0.093058	0.733325
0.088940	0.829772
0.102734	0.495915
0.088514	0.538259
0.094868	0.704353
0.098541	1.032139
0.127408	0.927523
0.086411	0.708666
0.066743	0.605339
0.087686	0.803318
0.066820	0.712439
0.058910	0.614594
0.039895	0.423734
0.051389	0.583042
0.066371	0.643303
0.078179	0.717949
0.089423	0.889394
0.092313	0.811078
0.065887	0.872868
0.078059	0.734819
0.088708	0.785968
0.067798	0.867063
0.067144	0.763198
0.061533	0.846981
0.030901	0.839759
0.050688	0.862308
0.063179	0.820465
0.088635	1.107336
0.061136	1.111066
0.059295	1.010462
0.055282	0.916665
0.048165	1.029801
0.035112	0.999561
0.038515	0.963960
0.032450	1.212298
0.035325	0.996590
0.030721	1.063601
0.071053	0.961332
0.081475	0.990970
0.057958	1.168503
0.065275	1.119368
0.056876	0.974823
0.064635	0.898402
0.064606	0.750996
0.064498	0.670763
0.067284	0.919005
0.050119	0.913774
0.052368	0.739822
0.052477	0.867221
0.047732	1.059170
0.048560	0.782966
0.043387	0.626788
0.037567	0.759871
0.034621	0.704065
0.035390	0.548775
0.026736	0.567368
0.030736	0.509350
0.026052	0.326913
0.028713	0.275435
0.028756	0.302359
0.026922	0.333162
0.022013	0.213426
0.021393	0.254972
0.026322	0.140413
0.028280	0.104943
0.036882	0.330150
0.038764	0.378133
0.034979	0.462684
0.033453	0.334533
0.038408	0.500963
0.034293	0.403966
0.032730	0.267417
0.032392	0.219406
0.030863	0.425284
0.031866	0.327782
0.036122	0.487973
0.031698	0.318392
0.032193	0.299635
0.032207	0.223531
0.035443	0.390208
0.030183	0.273492
0.031826	0.297993
0.029271	0.305008
0.029498	0.150246
0.033638	0.233047
0.025687	0.082342
0.034580	0.258960
0.029555	0.381760
0.030934	0.260873
0.042840	0.410456
0.054049	0.327534
0.053855	0.462543
0.039410	0.345415
0.035710	0.370454
0.033187	0.529755
0.029792	0.654822
0.029599	0.516990
0.038425	0.631410
0.046931	0.494171
0.062016	0.505440
0.052084	0.700406
0.061141	0.902430
0.073304	0.953595
0.074996	0.932347
0.083294	0.850615
0.094937	1.118612
0.081293	0.817340
0.089041	0.856462
0.073254	0.929168
0.096831	1.208517
0.075012	1.089132
0.074679	0.889826
0.065846	0.822359
0.072576	0.831482
0.081473	1.030523
0.076091	0.711861
0.069110	0.818306
0.095009	1.093594
0.054958	0.976941
0.042374	1.058486
0.047057	1.038739
0.040828	0.931752
0.041481	1.211417
0.045002	1.081896
0.092745	1.007100
0.092149	1.000736
0.055950	0.668663
0.041650	0.793520
0.041678	0.795122
0.035533	0.881231
0.046242	0.942398
0.046064	0.939617
0.037162	0.899447
0.080173	1.114210
0.056390	1.137261
0.056132	1.128821
0.039881	0.928508
0.040408	0.917289
0.029528	0.871469
0.041229	0.795065
0.029858	1.029678
0.029784	1.028997
0.038968	0.760249
0.042317	0.980391
0.029329	0.767852
0.028561	0.779222
0.036270	0.527460
0.022231	0.569765
0.048357	1.133403
0.031276	0.468431
0.024167	0.744046
0.032169	0.543113
0.032273	0.529475
0.034782	0.425612
0.021848	0.572044
0.037342	0.606784
0.038211	0.614176
0.014330	0.376364
0.015399	0.325698
0.014791	0.376512
0.033146	0.366758
0.032710	0.355992
0.034084	0.352469
0.033372	0.318613
0.060911	0.408157
0.058646	0.329181
0.067494	0.511164
0.043885	0.429173
0.063716	0.502552
0.072334	0.618667
0.078182	0.611433
0.078519	0.622637
0.086615	0.675679
0.087478	0.558323
0.097875	0.735860
0.089222	0.734686
0.084101	0.875558
0.060451	0.497725
0.068202	0.576871
0.076376	0.719434
0.063455	0.704800
0.058012	0.543961
0.057431	0.572900
0.067032	0.748632
0.045813	0.742621
0.056804	0.662460
0.064440	0.725211
0.044678	0.554641
0.023556	0.648248
0.024509	0.646588
0.034060	0.749275
0.048185	0.966117
0.051398	0.840776
0.061471	0.921859
0.081661	1.103413
0.057456	0.932372
0.052652	0.773826
0.055711	0.765917
0.065200	0.979644
0.060760	0.875961
0.068960	1.021397
0.058894	0.864271
0.070356	0.898165
0.074003	1.089463
0.076947	1.036609
0.076853	1.027293
0.053934	0.797386
0.053622	0.854086
0.048410	0.865221
0.055243	1.011088
0.041943	0.974853
0.050368	0.937195
0.040904	0.571266
0.030916	0.716885
0.039614	0.743785
0.037728	0.689167
0.058779	0.724982
0.049024	0.677185
0.039950	0.581698
0.042801	0.617690
0.042600	0.615017
0.051506	0.492308
0.057635	0.562830
0.067129	0.703925
0.064858	0.611666
0.068915	0.627572
0.048342	0.548707
0.055335	0.469298
0.069502	0.557735
0.138476	1.435555
0.106284	0.917303
0.065400	0.589380
0.050925	0.448905
0.040047	0.397065
0.029514	0.457534
0.042144	0.394865
0.071754	0.656491
0.069426	0.704977
0.049231	0.472432
0.049577	0.480285
0.069783	0.734373
0.060365	0.688966
0.059944	0.631648
0.067316	0.690289
0.067104	0.746567
0.056098	0.509524
0.073223	0.927758
0.098291	1.157943
0.099629	1.188026
0.079204	1.078891
0.083716	1.152521
0.084146	1.152448
0.069508	1.190885
0.050982	0.982099
0.056965	1.033050
0.066489	1.197224
0.071961	1.765615
0.055056	1.067011
0.070326	1.238828
0.077136	1.157540
0.036134	0.990976
0.049874	1.752386
0.037072	0.875526
0.020789	0.613633
0.046851	0.808765
0.046259	0.760417
0.046966	0.763931
0.050962	0.751737
0.037513	0.677803
0.022033	0.485222
0.021714	0.483193
0.024042	0.534678
0.015617	0.426812
0.013105	0.527688
0.012164	0.523724
0.034086	0.531294
0.040640	0.599032
0.053483	0.549341
0.053374	0.544684
0.057489	0.500015
0.039284	0.433793
0.026526	0.419193
0.026363	0.420110
0.028948	0.360741
0.020478	0.329185
0.022959	0.274364
0.069694	1.424949
0.070250	1.473179
0.063499	1.359714
0.077603	1.436568
0.069818	1.438667
0.081427	1.192606
0.082640	1.253154
0.088142	1.524392
0.075849	1.265016
0.079399	1.516688
0.081360	1.185870
0.075376	1.694728
0.082696	1.581832
0.080730	1.258170
0.088023	1.063202
0.092982	1.126465
0.088833	0.921516
0.107256	0.684664
0.083866	0.671906
0.072890	0.927615
0.081968	0.901251
0.077923	0.778928
0.064263	0.989106
0.075749	0.913492
0.069463	0.983468
0.076690	1.230993
0.072815	0.925791
0.080147	1.013142
0.075733	1.115527
0.081052	1.112629
0.091733	1.141484
0.096308	1.062242
0.086202	0.970557
0.091384	0.988492
0.089723	0.862132
0.062470	0.580297
0.067084	0.525104
0.060375	0.557698
0.055121	0.672618
0.057855	0.560932
0.028609	0.751987
0.026936	0.919032
0.021807	0.870512
0.021494	0.762124
0.019519	0.487072
0.018205	0.674953
0.015639	0.541085
0.023686	0.616265
0.031760	0.891700
0.020942	0.622990
0.014906	0.453318
0.017856	0.432527
0.015742	0.471683
0.018245	0.290543
0.019355	0.565248
0.023472	0.504005
0.009568	0.343158
0.016537	0.273087
0.013282	0.278591
0.021680	0.258954
0.017625	0.403600
0.035490	0.503443
0.039712	0.650529
0.025641	0.650959
0.031204	0.430507
0.023567	0.562770
0.017360	0.360882
0.020995	0.521794
0.026424	0.288992
0.023068	0.231753
0.024097	0.135585
0.023640	0.247631
0.015974	0.412014
0.010954	0.228423
0.015044	0.197097
0.010854	0.442597
0.010498	0.177193
0.011904	0.414422
0.010306	0.284519
0.010635	0.265766
0.020646	0.238880
0.019484	0.241131
0.027434	0.412237
0.016921	0.434608
0.029219	0.367316
0.023246	0.299581
0.028708	0.312241
0.044270	0.740029
0.033296	0.306208
0.020957	0.410391
0.012811	0.501330
0.013915	0.332026
0.016321	0.415067
0.021115	0.298186
0.025749	0.301418
0.017553	0.590960
0.008981	0.601785
0.007698	0.528926
0.012846	0.625623
0.012311	0.449928
0.021120	0.475246
0.025572	0.319733
0.023983	0.930957
0.019531	0.968100
0.032170	0.878755
0.020746	0.890151
0.018445	0.841563
0.027828	0.900723
0.011615	1.087234
0.035981	1.122306
0.039888	1.088909
0.043031	1.385248
0.022260	1.448246
0.026021	1.107533
0.041427	1.055641
0.034844	0.862993
0.029116	1.013511
0.029211	0.967078
0.039543	1.058766
0.019022	1.271554
0.041731	1.300550
0.033911	1.378403
0.054320	1.358304
0.033367	1.278896
0.045952	1.463486
0.032072	1.910661
0.031782	1.598245
0.039191	1.577168
0.064736	1.736170
0.076002	1.161728
0.087698	1.086901
0.072018	1.047719
0.058833	1.059202
0.069761	1.308343
0.075459	1.507715
0.088160	1.801922
0.089227	1.935190
0.087216	1.809278
0.098154	2.070141
0.076266	1.683367
0.062338	1.359345
0.051356	1.288579
0.055465	1.419101
0.060779	1.502340
0.063640	1.476773
0.079267	1.735596
0.083818	1.899746
0.092195	1.787666
0.063674	1.540268
0.084232	1.740910
0.064196	1.587741
0.072932	1.506873
0.101496	2.024450
0.098112	1.839017
0.084347	1.729334
0.093319	1.672734
0.085012	1.589695
0.121097	1.762099
0.124709	2.238241
0.123252	2.301556
0.090267	1.781510
0.098703	1.717288
0.082659	1.827372
0.069294	1.670835
0.085656	1.855726
0.061836	1.747505
0.071799	2.105877
0.057228	2.005761
0.056910	1.995291
0.067228	2.206999
0.060023	2.117271
0.062124	2.086056
0.069459	2.150932
0.063164	2.312118
0.063510	2.302564
0.062216	2.090185
0.073819	2.565238
0.042144	2.412303
0.081354	2.762045
0.072366	2.676494
0.074430	2.699380
0.079657	2.627624
0.097075	2.883420
0.078160	2.746544
0.086688	2.754363
0.083697	2.819106
0.077484	2.662941
0.098721	2.677738
0.064784	2.743789
0.067921	2.597557
0.119228	3.055163
0.185456	3.529246
0.085515	2.919362
0.085125	2.911675
0.125126	3.196819
0.087863	3.007824
0.113703	3.315144
0.109609	3.153921
0.097929	3.068908
0.059922	2.569861
0.064038	2.519471
0.074227	2.493482
0.075432	2.604501
0.056221	1.955602
0.049761	2.180736
0.095366	1.928149
0.094570	1.956245
0.048709	2.020423
0.100113	1.830704
0.097058	1.745516
0.133288	1.641740
0.133053	1.658985
0.078322	1.626545
0.114051	1.644526
0.081787	1.690204
0.116498	1.677366
0.125354	1.545016
0.126312	1.547857
0.129445	1.382552
0.109289	1.479022
0.115740	1.332286
0.159055	1.336830
0.134822	1.348444
0.161479	1.370379
0.176557	1.294007
0.160096	1.147918
0.163644	1.097409
0.161470	1.204038
0.061615	1.675288
0.075269	0.990095
0.084855	0.914429
0.060145	1.003556
0.058788	0.996920
0.043571	0.946547
0.058700	0.874148
0.064672	0.695921
0.045062	0.675190
0.029015	0.627344
0.031002	0.542346
0.034544	0.504913
0.042202	0.484834
0.016863	0.259027
0.029935	0.300299
0.082887	0.511137
0.075042	0.566297
0.070973	0.444205
0.044072	0.196663
0.023080	0.096138
0.013622	0.341168
0.005479	0.719834
0.020395	0.261598
0.017165	0.386560
0.017380	0.366760
0.004001	0.430650
0.015556	0.307716
0.015870	0.189669
0.002753	0.342266
0.014093	0.084994
0.026298	0.379595
0.035155	0.441158
0.031574	0.451807
0.034085	0.360116
0.041992	0.210268
0.038252	0.209244
0.031866	0.287090
0.047542	0.517398
0.045610	0.336561
0.039793	0.294824
0.032694	0.457723
0.049007	0.731204
0.052928	0.653420
0.059739	0.849210
0.045194	1.111745
0.046199	1.071862
0.034678	1.418865
0.017510	0.952378
0.022406	1.138216
0.025452	0.960966
0.015251	0.878184
0.012799	0.822664
0.018386	0.664209
0.030047	0.690711
0.024868	0.934098
0.022647	0.772448
0.024262	1.007301
0.047239	0.968312
0.041551	0.767800
0.047934	0.906933
0.062187	0.892704
0.046690	1.065652
0.051131	0.938544
0.046491	1.182800
0.043559	1.326403
0.061481	0.779780
0.038944	2.082990
0.039483	0.905910
0.038653	0.774938
0.049813	0.749889
0.052970	0.752891
0.060634	0.435475
0.084324	0.490024
0.054521	0.362593
0.074170	0.274564
0.062947	0.600668
0.072839	0.820759
0.159259	0.921828
0.166297	1.608542
0.189519	1.439290
3.597716	90.006211
4.369133	90.000132
3.331597	179.999991
4.877776	20.493335
3.499337	179.999991
4.052471	179.999991
3.652314	179.999991
4.832446	162.391600
4.047266	180.000005
4.844235	160.902741
4.282532	90.002011
4.221549	89.999996
3.730570	90.000651
3.912344	90.000050
3.752747	90.005105
0.737785	3.924205
0.059042	1.608159
0.037776	1.955974
0.035545	1.926501
0.037578	1.616118
0.023776	1.744600
0.028296	1.729805
0.040481	1.257852
0.029622	1.007387
0.041124	0.608560
0.034573	0.197167
0.051502	0.280435
0.076380	0.222073
0.087446	0.796013
0.100809	0.656072
0.085831	0.636214
0.100698	0.612588
0.111455	0.584527
0.099958	0.775194
0.112370	0.725048
0.098636	0.871091
0.099530	0.743079
0.091668	1.041735
0.089634	0.895338
0.112806	1.158481
0.125113	1.481084
0.113722	1.514284
0.113966	1.609245
0.147369	1.708875
0.142879	1.680630
0.127661	2.199538
0.160323	1.847990
0.141871	1.726236
0.142261	1.710062
0.120004	1.529137
0.140233	1.687238
0.143804	1.728142
0.105228	1.667998
0.085700	1.395482
0.093710	1.451761
0.091250	1.578970
0.069646	1.417806
0.064988	1.240046
0.064240	1.205454
0.067771	1.145428
0.075202	1.026019
0.072280	1.023821
0.087457	1.076293
0.094003	1.016261
0.122386	0.785605
0.092792	0.968810
0.088988	1.007640
0.099350	1.008681
0.078184	1.078118
0.068943	1.281907
0.066381	1.354850
0.079603	1.306311
0.065703	1.288179
0.070587	1.418855
0.063494	1.391513
0.081142	1.163257
0.089628	1.084504
0.070788	1.190049
0.077391	1.094388
0.088748	1.130588
0.083550	1.057462
0.088775	1.079194
0.066651	0.992003
0.075241	0.963248
0.074164	0.907601
0.066693	0.933898
0.066133	0.850351
0.076288	0.787245
0.069817	0.917321
0.089690	0.810615
0.081139	0.834902
0.078709	0.767321
0.092712	0.900322
0.069551	0.990833
0.066440	0.974376
0.054579	1.084126
0.052492	1.049170
0.047758	0.951406
0.069350	1.058505
0.070367	1.025447
0.047954	0.983216
0.038401	0.953713
0.047248	0.796234
0.034815	0.728268
0.031044	0.818247
0.043150	0.784322
0.048763	0.816643
0.033953	0.823551
0.036754	0.857136
0.034240	0.942397
0.031559	0.964048
0.042647	0.872807
0.063360	0.889388
0.038319	0.902160
0.031734	0.897020
0.029524	1.012351
0.029219	0.950014
0.044491	1.041098
0.060963	0.702160
0.068954	0.709229
0.058075	0.635832
0.062605	0.714050
0.057965	0.911485
0.053163	0.821565
0.054386	0.624244
0.047105	0.626884
0.056495	0.618077
0.043761	0.523020
0.049333	0.569582
0.038698	0.485403
0.066705	0.530318
0.049453	0.628125
0.059505	0.862276
0.060367	1.106803
0.061669	1.248107
0.053464	1.083312
0.066947	0.984754
0.063234	0.994820
0.067789	1.181856
0.039347	1.395265
0.034681	1.009672
0.030440	1.199350
0.029379	1.147339
0.037064	1.195595
0.033577	1.583934
0.053973	1.744416
0.052200	1.577603
0.049621	1.871949
0.044462	1.967421
0.038521	1.384232
0.040092	1.108581
0.030383	0.859117
0.027073	0.899034
0.022834	0.829563
0.016015	0.752827
0.026403	0.840061
0.013733	1.268097
0.015357	1.185745
0.022555	0.932921
0.020355	1.358325
0.024292	1.389069
0.021453	1.120034
0.039205	0.927890
0.024073	1.007381
0.030432	1.476128
0.018219	1.074541
0.017868	1.280601
0.014463	0.953421
0.011227	0.989097
0.023495	1.313784
0.017959	1.240396
0.021994	1.704104
0.036344	1.603143
0.035157	1.178433
0.044184	1.083531
0.029306	1.203174
0.040922	1.598622
0.029343	1.179243
0.027602	0.702373
0.040373	0.657930
0.032118	0.892977
0.023828	0.596889
0.011998	0.696206
0.031767	1.063067
0.048702	0.786924
0.028335	0.760595
0.054015	0.955959
0.038154	0.792247
0.035644	0.648386
0.025047	0.573427
0.041626	0.738048
0.026533	0.586691
0.029512	0.801873
0.031822	0.830566
0.033861	0.576331
0.039010	0.601085
0.037033	0.707697
0.058912	1.174188
0.069036	1.359046
0.049476	1.509503
0.059614	1.361027
0.046400	1.410634
0.060052	1.482653
0.072878	1.649008
0.034825	1.303943
0.037862	1.617841
0.050313	1.450813
0.056106	1.577698
0.044011	1.257852
0.044502	1.179921
0.030747	1.287062
0.030879	1.265885
0.028320	1.238753
0.029010	1.164360
0.034491	1.139737
0.023576	1.102651
0.006146	0.925459
0.009735	1.143648
0.014274	1.147257
0.012669	0.990434
0.008557	0.857629
0.022618	0.811060
0.015847	0.615629
0.012494	0.671810
0.017829	0.609501
0.017149	0.664193
0.026784	0.635364
0.014952	0.665365
0.023570	0.700785
0.030986	0.623483
0.027606	0.675117
0.031821	0.688447
0.041198	0.718376
0.043113	0.672544
0.039146	0.600332
0.054493	0.593098
0.054519	0.537539
0.034929	0.498328
0.045992	0.558007
0.038878	0.831278
0.041688	0.793762
0.050580	0.768534
0.038928	0.695712
0.040695	0.979460
0.048131	1.068551
0.035705	1.242029
0.032770	1.152592
0.038896	1.143076
0.035727	1.064722
0.028054	1.089817
0.029325	1.035494
0.035769	1.171706
0.025778	1.080151
0.021959	0.903185
0.027850	0.938848
0.028111	1.076670
0.024345	0.921387
0.021692	0.933246
0.022940	0.883823
0.028145	0.765146
0.022843	0.969069
0.023257	0.656554
0.025149	0.740643
0.030720	0.963097
0.024380	0.987876
0.022413	0.944365
0.012012	0.715311
0.008742	0.520019
0.016058	0.597290
0.017718	0.598644
0.022546	0.559281
0.016712	0.457471
0.019172	0.412314
0.025650	0.414761
0.019978	0.383082
0.032879	0.444094
0.035278	0.306417
0.025887	0.366728
0.032912	0.265929
0.024773	0.310305
0.023859	0.369758
0.030459	0.237520
0.023094	0.129134
0.019957	0.188175
0.014554	0.261069
0.011642	0.406744
0.009728	0.233523
0.007834	0.388439
0.005545	0.259659
0.007452	0.370909
0.011145	0.507976
0.020219	0.621172
0.020243	0.773298
0.020801	0.796451
0.017887	0.814949
0.019586	0.948055
0.021337	1.085830
0.031686	0.424650
0.031616	1.180820
0.041339	1.071623
0.036456	1.144369
0.043151	1.146268
0.054912	1.142657
0.057291	1.316417
0.033458	0.619392
0.040121	0.391911
0.041473	0.345787
0.055413	0.358332
0.046419	0.500341
0.060436	0.477313
0.055660	0.540931
0.051191	0.506547
0.067748	0.467146
0.051835	0.414685
0.067311	0.484955
0.055314	0.434283
0.081934	0.744532
0.092686	0.824084
0.091817	0.728114
0.093264	0.798096
0.094149	0.796102
0.090921	0.854637
0.103512	0.904981
0.094758	0.871551
0.095641	1.007368
0.095758	1.075522
0.105981	1.066056
0.093475	1.157497
0.096560	1.096881
0.108656	0.966140
0.110423	1.018795
0.099707	0.964641
0.127184	0.951885
0.137130	0.978533
0.112140	0.990546
0.099596	0.917015
0.097776	1.004020
0.109150	1.013449
0.109027	0.917675
0.119196	0.968950
0.139336	0.954715
0.136071	0.801323
0.122448	0.675334
0.121314	0.614661
0.121384	0.631441
0.123339	0.933069
0.119540	0.820624
0.110155	0.692614
0.110272	0.706252
0.104994	0.607325
0.103177	0.626993
0.103232	0.641413
0.093498	0.615866
0.079576	0.680690
0.050957	0.593233
0.051006	0.599936
0.051154	0.597145
0.060940	0.521418
0.048215	0.453561
0.046000	0.175628
0.045986	0.179505
0.056002	0.153477
0.052288	0.306055
0.052322	0.304845
0.038050	0.193557
0.035370	0.296472
0.050511	0.424501
0.050658	0.420655
0.045079	0.140033
0.051437	0.196378
0.069538	0.146002
0.081479	0.179052
0.081343	0.194699
0.084047	0.302725
0.078568	0.268462
0.082575	0.321346
0.074968	0.381545
0.075114	0.382981
0.036515	0.750765
0.046868	0.455299
0.029740	0.531087
0.032630	0.528912
0.029302	0.526216
0.026147	0.597932
0.042599	0.385214
0.027398	0.589397
0.031999	0.902352
0.028777	0.823368
0.032598	0.882537
0.042502	0.857291
0.033225	0.940928
0.044398	1.099965
0.039605	1.181553
0.047712	1.339789
0.043890	1.254071
0.047287	1.965778
0.035642	1.046310
0.043903	1.165608
0.040322	1.148608
0.040703	1.071838
0.032570	0.873076
0.034483	0.868154
0.033036	0.935937
0.017846	0.673135
0.023046	0.753682
0.031120	0.910425
0.020673	0.792785
0.028350	0.906939
0.034226	0.957615
0.035729	1.095370
0.030620	1.010675
0.035879	1.188180
0.038763	1.038198
0.042278	1.050024
0.035780	0.866828
0.046277	0.850128
0.037981	0.752951
0.038511	0.796576
0.027425	0.611311
0.021217	0.477845
0.023320	0.450485
0.026589	0.318947
0.022011	0.243215
0.012379	0.232503
0.023531	0.239170
0.023129	0.237518
0.025724	0.291431
0.029582	0.295976
0.024987	0.241859
0.026186	0.226042
0.014586	0.362326
0.031088	0.421237
0.022383	0.423829
0.026505	0.390153
0.023539	0.491822
0.018271	0.652563
0.018654	0.859000
0.015758	0.665347
0.012613	0.737473
0.023111	0.737343
0.017335	0.752359
0.030056	0.736658
0.018447	0.860685
0.018265	0.883044
0.016537	0.906908
0.025837	0.720371
0.023729	0.701703
0.019001	0.714795
0.015298	0.822968
0.028187	0.715016
0.057056	0.746654
0.020371	0.249694
0.024698	0.423206
0.019062	0.600002
0.024101	0.381488
0.021347	0.407468
0.043294	0.514171
0.033578	0.200975
0.046097	0.264928
0.031505	0.281297
0.033216	0.364242
0.030114	0.203484
0.044398	0.256107
0.029335	0.257810
0.021596	0.184549
0.024061	0.122225
0.022912	0.280681
0.006975	0.140028
0.005903	0.219528
0.025288	0.130473
0.036083	0.299894
0.013426	0.319211
0.012175	0.282339
0.014150	0.228910
0.010197	0.202234
0.009101	0.406540
0.017076	0.390274
0.014656	0.421868
0.019555	0.362135
0.020541	0.204714
0.019615	0.208057
0.017024	0.258346
0.029517	0.256608
0.018105	0.212394
0.009394	0.349473
0.008808	0.176321
0.020899	0.126321
0.025410	0.198181
0.034775	0.769778
0.037841	0.126341
0.027210	0.191974
0.039414	0.351905
0.040265	0.043251
0.033136	0.105473
0.064782	0.185422
0.051534	0.282561
0.033911	0.236093
0.034722	0.251352
0.030210	0.191334
0.027515	0.299205
0.029817	0.259632
0.033388	0.227412
0.025772	0.123630
0.023821	0.341692
0.029152	0.271004
0.021072	0.298525
0.023602	0.413407
0.029516	0.220220
0.029131	0.173514
0.034058	0.213953
0.023222	0.193504
0.021752	0.108538
0.030516	0.389610
0.033729	0.226495
0.036904	0.228236
0.035130	0.253473
0.039389	0.292191
0.033736	0.286278
0.046237	0.253777
0.053059	0.297426
0.052664	0.250175
0.058749	0.279326
0.066332	0.166954
0.071489	0.316508
0.095887	0.378117
0.096051	0.214898
0.081336	0.406641
0.093934	0.232934
0.106305	0.118483
0.086899	0.224042
0.088437	0.480963
0.072089	0.416930
0.074085	0.490771
0.081299	0.837546
0.075841	0.430521
0.060437	0.377966
0.062425	0.277990
0.049881	0.285874
0.056330	0.495667
0.064960	0.657670
0.078602	0.665032
0.094018	0.563364
0.068797	0.566015
0.071630	0.459536
0.070295	0.354450
0.074340	0.427679
0.063034	0.428443
0.075821	0.706354
0.067004	0.678453
0.052684	0.520232
0.080947	0.459769
0.085141	0.516230
0.080963	0.543929
0.095892	0.472234
0.087646	0.529827
0.108925	0.604953
0.091807	0.561944
0.065348	0.474942
0.096775	0.790727
0.072415	0.432445
0.058712	0.413489
0.073839	0.932403
0.117325	1.031996
0.116592	0.904519
0.136345	0.989392
0.111738	0.979200
0.098069	0.762433
0.161505	1.371327
0.129510	0.887788
0.118842	0.858411
0.100304	0.846649
0.117698	1.127712
0.112905	0.790636
0.096936	0.901339
0.083208	1.078591
0.116314	0.802224
0.099666	0.708075
0.106527	0.944308
0.071268	0.437880
0.059694	0.215637
0.087610	0.344773
0.098821	0.627997
0.087560	0.735295
0.098143	0.813412
0.061081	0.485187
0.078255	0.531382
0.070373	0.566498
0.071854	0.500108
0.053475	0.576172
0.061719	0.686947
0.077608	0.846701
0.058019	0.932898
0.063430	0.634092
0.067983	0.809991
0.067395	0.800758
0.054326	0.856485
0.038640	0.693674
0.037164	0.816394
0.062643	1.021786
0.067154	0.894387
0.051372	1.002381
0.049506	0.927798
0.055468	1.070029
0.036893	0.889833
0.034692	1.028919
0.046785	1.032205
0.035945	1.420932
0.043857	1.148057
0.036423	1.057232
0.069749	1.459090
0.040026	1.011307
0.040838	0.431011
0.064836	0.708085
0.052234	0.943228
0.051195	0.924421
0.059414	1.006929
0.053392	1.108060
0.052697	1.101706
0.050163	1.071890
0.049419	0.973899
0.036769	0.900016
0.042007	1.225966
0.018663	1.033154
0.028053	0.691438
0.035405	0.575179
0.031572	0.556512
0.041808	0.558349
0.039695	0.643091
0.044995	0.735181
0.049812	0.709474
0.039928	0.676786
0.049435	0.713443
0.033724	0.780617
0.029105	0.775124
0.037974	0.716353
0.044194	0.768006
0.051623	0.716259
0.066305	0.573494
0.081189	0.719075
0.069801	0.453097
0.090255	0.501494
0.058587	0.513214
0.044338	0.275584
0.040457	0.287280
0.057776	0.477883
0.054174	0.499996
0.041591	0.338840
0.043075	0.308141
0.050231	0.629052
0.037390	0.300280
0.045709	0.412248
0.042995	0.476698
0.051080	0.223301
0.047930	0.256034
0.050825	0.386267
0.054845	0.386849
0.047706	0.320516
0.044103	0.283555
0.034445	0.190835
0.034466	0.366096
0.041476	0.383897
0.035215	0.326631
0.034970	0.329454
0.034390	0.290047
0.038857	0.380019
0.038938	0.380461
0.053025	0.690987
0.041511	0.524223
0.045567	0.430364
0.039082	0.501311
0.043146	0.434350
0.036321	0.843339
0.035196	0.758646
0.037477	0.649749
0.036093	0.778390
0.045343	0.368526
0.026751	0.265564
0.030536	0.491186
0.030481	0.287128
0.035479	0.257810
0.028180	0.565348
0.027254	0.359589
0.029197	0.468201
0.038751	0.328236
0.030240	0.405066
0.031994	0.455996
0.034098	0.376165
0.040717	0.574085
0.018737	0.740922
0.021148	0.842034
0.023141	0.543200
0.037227	0.421602
0.041000	1.281715
0.028237	1.161716
0.034024	1.350241
0.036708	1.263956
0.038595	1.071814
0.044760	1.457723
0.027133	0.981450
0.038375	1.184253
0.037202	0.967568
0.063696	1.177454
0.063464	0.972044
0.050509	0.776656
0.043529	0.814128
0.048156	0.601559
0.050831	0.549887
0.030306	0.309179
0.016615	0.386852
0.014746	0.460530
0.016079	0.588609
0.057793	0.505936
0.052723	0.395632
0.047861	0.513145
0.056183	0.676962
0.076546	1.051191
0.087263	0.744739
0.088685	0.717886
0.111921	0.791953
0.061292	0.716052
0.041529	0.736400
0.069713	0.494935
0.046102	0.297715
0.012498	0.571214
0.017622	0.588506
0.039975	0.843509
0.022988	1.164785
0.029222	0.820186
0.020671	0.963636
0.042644	0.829353
0.062273	0.821397
0.063972	0.820856
0.063803	0.772112
0.057599	0.755884
0.077071	1.021790
0.107342	1.051058
0.120255	0.919447
0.090817	0.457782
0.091663	0.207073
0.123895	0.954879
0.117848	0.632481
0.170190	1.196686
0.157760	1.213397
0.124150	1.279911
0.140140	1.384899
0.072189	0.954584
0.088686	1.005390
0.040740	0.726229
0.046324	1.206090
0.044450	1.272307
0.046045	1.262202
0.037398	1.307375
0.031798	1.252539
0.048313	1.320854
0.058734	1.188331
0.070709	1.189206
0.081715	1.394929
0.077857	1.610997
0.100258	1.705715
0.084622	1.437051
0.086364	1.623725
0.093366	1.468178
0.078791	1.634565
0.077456	1.593388
0.077912	1.747209
0.075418	2.015338
0.089610	1.637540
0.090807	1.426739
0.107982	1.129897
0.113891	1.517629
0.080891	1.127833
0.128390	1.760323
0.105539	1.442562
0.078265	1.252243
0.078920	0.718561
0.056924	1.033829
0.096600	1.199659
0.104890	0.930733
0.099284	0.740964
0.096622	0.892965
0.102355	0.936378
0.078019	0.834671
0.054528	1.421274
0.038118	1.260649
0.052688	1.160937
0.048712	1.066897
0.052572	0.998453
0.096502	1.909846
0.052954	1.166844
0.052941	0.735454
0.028204	0.420620
0.030499	0.203046
0.042246	0.299095
0.022656	0.633900
0.016084	0.536820
0.014280	0.768134
0.024260	1.199524
0.037858	0.901479
0.015254	1.275623
0.024106	0.782474
0.023616	1.054707
0.017622	0.646196
0.047497	0.023475
0.059399	0.474602
0.053150	0.307418
0.089003	0.270690
0.061757	1.415384
0.063441	0.567909
0.052825	0.447944
0.070306	0.699623
0.078677	0.789934
0.069263	0.622074
0.091984	0.795285
0.033630	0.756554
0.045230	0.656057
0.031008	0.718521
0.056766	0.674844
0.090935	0.559910
0.080163	0.496604
0.063400	0.316783
0.028720	0.267763
0.061053	1.275498
0.035052	0.331116
0.023187	0.681645
0.028893	1.090765
0.028797	0.793142
0.025690	0.291051
0.025887	0.472195
0.033183	0.496839
0.024807	0.351886
0.025399	0.619003
0.028987	0.704446
0.027168	0.600106
0.028783	0.755067
0.012924	1.003425
0.017062	1.676348
0.030430	1.207954
0.047746	1.714630
0.014437	1.090247
0.014437	1.169907
0.013227	1.600783
0.033691	1.789360
0.083171	1.899994
0.060630	1.319832
0.087730	1.186544
0.068109	1.003068
0.089213	1.005871
0.100479	1.314712
0.081715	1.512448
0.094560	1.191086
0.152170	2.702721
0.059482	1.055903
0.059246	0.476206
0.051236	0.182620
0.053469	0.453388
0.050398	0.432322
0.052757	0.421991
0.057120	0.228089
0.056207	0.452608
0.062667	0.832161
0.057694	0.375344
0.060771	0.367191
0.056512	0.328334
0.053306	0.364559
0.047809	0.401065
0.056548	0.363667
0.046593	0.275356
0.051874	0.309621
0.039513	0.531294
0.038642	0.944538
0.048589	1.083405
0.056360	1.180846
0.030973	0.645618
0.028894	0.631106
0.028685	0.483782
0.028029	0.522695
0.017884	0.622248
0.017475	0.634572
0.018712	0.496732
0.015466	0.617942
0.014843	0.668625
0.018441	0.644420
0.023005	0.647404
0.028982	0.731130
0.040421	0.799364
0.029310	0.561143
0.021204	0.497282
0.045187	0.815226
0.031279	0.701463
0.019264	0.556628
0.014767	0.813175
0.016451	0.807368
0.022711	0.633127
0.037064	0.623135
0.025005	0.802613
0.048012	1.136318
0.037345	0.902355
0.039190	0.552845
0.061795	0.671223
0.047248	0.486129
0.061999	1.150680
0.032411	0.724666
0.034404	0.671792
0.060792	0.501705
0.047900	0.567356
0.052664	0.716107
0.060933	0.607784
0.050517	0.722488
0.061601	0.571630
0.049211	0.683683
0.056976	0.841984
0.039592	0.833270
0.060754	0.961072
0.053746	0.637665
0.055203	0.411773
0.073596	0.432297
0.065305	0.388443
0.068642	0.476667
0.051267	0.276382
0.063526	0.403310
0.058094	0.858355
0.059377	0.705795
0.043800	0.370321
0.040379	0.576653
0.042987	0.292235
0.041727	0.263181
0.041666	0.615995
0.058747	0.571170
0.045038	0.394914
0.063365	0.572019
0.058473	0.729162
0.073042	0.562958
0.069252	0.835772
0.074855	0.856632
0.076755	0.592483
0.077876	0.879383
0.059888	0.673590
0.073354	1.177436
0.075504	1.519528
0.073951	1.853047
0.055267	1.186579
0.101774	1.610773
0.091284	2.196767
0.093131	1.446708
0.084961	1.809060
0.087437	1.969240
0.054837	1.927435
0.082045	1.965076
0.092881	2.151721
0.082033	1.730179
0.115472	1.940019
0.125267	1.911496
0.100254	2.049552
0.136300	2.260403
0.148349	1.698349
0.203848	1.739689
0.203678	1.700563
0.181917	2.016002
0.203104	2.388868
0.206936	2.112908
0.272488	2.567976
0.299271	2.732374
0.299488	2.736165
0.292663	2.605149
0.339034	3.585931
0.368937	3.256037
0.376158	2.785699
0.364914	2.490775
0.339953	2.709674
0.300241	1.890780
0.353509	2.292840
0.349762	2.057226
0.344899	2.201905
0.244063	1.615991
0.301280	1.846784
0.246496	1.536300
0.230036	1.366315
0.212683	1.444846
0.199630	1.414319
0.223836	1.738596
0.235144	1.894215
0.220331	2.084335
0.248454	2.199647
0.245156	2.268582
0.270093	2.272150
0.197742	1.907356
0.213539	1.991154
0.239755	2.216631
0.248907	2.466258
0.255349	2.461869
0.266844	2.658399
0.251980	2.524568
0.228984	2.200110
0.232620	2.214312
0.227294	2.417746
0.209296	2.440383
0.252097	2.318516
0.210400	2.410293
0.184814	2.590819
0.186620	2.639959
0.200120	2.692750
0.189862	2.655465
0.192671	2.746610
0.157817	2.523182
0.162322	2.706109
0.142202	2.459451
0.140248	2.447311
0.162028	2.468482
0.139807	2.167234
0.145585	2.071787
0.162437	2.212972
0.140238	2.085555
0.134846	1.888974
0.144852	1.898832
0.140291	1.816163
0.128611	1.633113
0.138409	1.569743
0.126181	1.555864
0.115775	1.405698
0.116578	1.364634
0.095552	1.312553
0.090979	1.054805
0.102171	1.176891
0.086377	1.132262
0.090751	1.033928
0.091264	0.923836
0.066440	0.765244
0.057804	1.093039
0.064449	0.949195
0.039558	0.891171
0.046572	1.105413
0.044820	1.007682
0.042335	1.151083
0.048428	1.242100
0.055941	1.182591
0.056259	1.167138
0.056906	1.095365
0.054388	1.719913
0.039853	0.790512
0.068902	1.037766
0.077559	0.993334
0.065600	0.752868
0.056555	0.636346
0.035972	0.462362
0.047920	0.320909
0.056911	0.533254
0.048887	0.711441
0.050732	1.359671
0.055860	0.828218
0.050803	0.963315
0.057584	1.024699
0.055175	1.204332
0.064295	1.309056
0.044664	1.308011
0.047863	1.529034
0.042058	1.669723
0.046593	1.743693
0.044094	1.947143
0.041196	1.835576
0.039227	1.355972
0.041073	1.299920
0.068328	1.462860
0.027109	1.285909
0.023962	0.917747
0.023878	0.900702
0.034295	0.859477
0.044560	0.736166
0.040595	1.204121
0.027386	1.269093
0.059931	0.876192
0.235032	1.712236
0.072859	0.494087
0.047220	0.800140
0.089265	0.828663
0.060357	0.887617
0.070598	1.064931
0.166266	1.966685
0.143227	1.592854
0.665235	7.810642
1.606793	17.226714
2.079369	21.653998
2.364361	22.485982
2.480908	22.054708
2.588282	22.138851
2.900898	19.316197
2.814660	20.221788
3.216238	16.926262
6.028252	179.999991
6.591261	179.999991
6.173542	179.999991
6.450634	179.999991
6.577747	167.245965
6.440976	161.613272
6.355765	159.647202
6.171019	161.369093
6.013806	159.994572
5.974863	156.405144
5.939850	158.079223
5.916379	152.428102
5.615543	100.101251
5.875093	104.859967
5.671390	147.683320
5.965052	154.019673
5.846240	158.193847
5.988495	159.629239
5.437003	152.617886
5.461418	154.136674
5.404648	154.976992
5.529714	153.745414
5.462669	157.010490
4.325792	93.256111
4.062455	92.430573
3.677329	92.211939
3.875025	92.551003
3.359146	17.996819
3.694978	91.713963
3.514277	17.754418
3.725975	16.024841
3.732516	12.373363
3.743816	13.244185
3.774219	91.262597
3.933364	90.874779
4.008742	91.276879
3.984394	91.188565
3.856055	91.167200
3.828712	91.443857
3.850639	91.687531
4.083306	91.719550
4.016347	91.286831
3.494855	12.515161
5.736071	179.999991
6.257738	163.364342
6.397846	162.711430
6.391770	162.948356
6.365027	179.999991
6.531036	161.524179
6.521770	160.964418
6.623041	161.355692
4.158830	93.052100
6.760172	156.063593
4.305103	93.429229
4.265981	92.551693
6.744715	179.999991
4.093471	31.469256
3.722540	32.052575
3.319579	27.391138
3.313039	23.047594
6.062803	179.999991
6.063808	179.999991
2.831129	22.702475
3.440442	36.012855
6.178983	180.000005
3.445371	21.362371
3.238459	24.008274
3.327934	30.555077
5.905410	180.000005
5.699422	179.999991
5.571232	179.999991
0.676067	4.861356
0.997980	9.210391
0.267717	2.242720
0.211050	2.336801
0.171616	2.430996
0.144337	2.478275
0.104660	2.295669
0.100528	2.222246
0.050112	1.907682
0.040216	1.953881
0.045462	2.229186
0.046906	1.748832
0.054909	2.146574
0.054281	2.150802
0.046009	2.010978
0.051376	2.138992
0.048745	2.136591
0.055127	2.152907
0.052984	2.013230
0.040231	1.682894
0.040732	1.553922
0.046249	1.853163
0.051379	1.718861
0.047209	1.535976
0.040631	1.213263
0.037653	1.034093
0.034138	1.098512
0.039343	1.072644
0.041699	0.925804
0.040930	0.909199
0.037360	1.075774
0.047289	0.980176
0.050162	0.927568
0.047034	0.996583
0.045031	0.718392
0.039199	0.680243
0.044967	0.791210
0.052755	0.999754
0.049726	0.977456
0.046139	0.907904
0.051322	0.860638
0.044065	1.002642
0.044008	0.755191
0.036676	0.842247
0.044910	0.755234
0.040122	0.782411
0.031175	0.649656
0.031518	0.484820
0.027821	0.416863
0.046976	0.616338
0.034835	0.468015
0.027519	0.638302
0.036798	0.575178
0.019810	0.544727
0.028958	0.499281
0.015633	0.426744
0.012262	0.496214
0.010088	0.468964
0.025208	0.745848
0.031585	0.624043
0.027461	0.640287
0.037987	0.602712
0.021485	0.647983
0.035364	0.485006
0.038684	0.526922
0.039829	0.530815
0.042303	0.466622
0.050836	0.645263
0.059463	0.595145
0.065050	0.818480
0.051973	0.838954
0.046859	0.613278
0.045422	0.467448
0.054146	0.767869
0.070021	1.031601
0.059956	0.915648
0.048183	0.496837
0.055567	0.722243
0.071787	0.790586
0.075984	0.732960
0.087726	0.810150
0.078315	0.556365
0.072729	0.591363
0.089881	0.662962
0.075281	0.725528
0.062226	0.509325
0.057592	0.433722
0.075267	0.518314
0.080106	0.738937
0.072606	0.484227
0.066680	0.356339
0.063013	0.334552
0.072253	0.847076
0.073646	0.891468
0.070117	0.811531
0.056005	0.604329
0.053740	0.556720
0.041117	0.525342
0.045721	0.630604
0.041782	0.757573
0.036933	0.772088
0.041968	0.565723
0.039041	0.596434
0.030979	0.659807
0.027131	0.589663
0.039391	0.738928
0.030326	0.713715
0.045397	0.781542
0.037502	0.813535
0.049602	0.835111
0.054312	0.899896
0.058951	1.031718
0.064188	1.130902
0.059529	1.047604
0.081175	1.237693
0.076353	1.304588
0.063606	1.222332
0.070922	1.481792
0.091479	1.701284
0.095752	1.508231
0.102846	1.575967
0.101586	1.810174
0.088508	1.604078
0.084542	1.557378
0.092512	1.477010
0.084607	1.616547
0.066007	1.363448
0.075600	1.505286
0.069936	1.325147
0.064782	1.493931
0.049813	1.200649
0.059799	1.348268
0.051392	1.223259
0.065172	1.408098
0.059455	1.386178
0.058374	1.424313
0.061209	1.280817
0.065602	1.282383
0.072536	1.168012
0.052720	1.228683
0.063021	1.086675
0.066569	1.132728
0.071469	1.216098
0.083294	1.113212
0.064383	1.240262
0.054274	1.122096
0.059230	1.057932
0.080246	1.461625
0.078091	1.365096
0.072414	1.395675
0.068998	1.354170
0.078299	1.459135
0.090704	1.676952
0.112034	1.587896
0.103219	1.314251
0.097285	1.532977
0.095596	1.452851
0.111513	1.469108
0.141850	1.614391
0.157695	1.889025
0.168772	1.992983
0.172441	2.118534
0.141760	1.635625
0.149840	1.716120
0.148255	1.710693
0.110145	1.644378
0.131948	1.709545
0.133950	1.820804
0.117871	1.767667
0.108971	1.903730
0.079293	1.547954
0.069156	1.317104
0.068332	1.261999
0.092272	1.537745
0.124717	1.907815
0.105489	1.766415
0.143867	2.005753
0.137009	1.760209
0.171267	2.153269
0.130456	1.909790
0.195494	2.789881
0.172672	2.622035
0.148745	2.267273
0.162249	2.743651
0.173807	2.610028
0.162692	2.858346
0.193941	2.487411
0.164019	2.319058
0.081929	2.014014
0.104892	2.232825
0.100411	1.485238
0.085328	1.608494
0.071790	1.486863
0.073217	1.423519
0.071005	1.566282
0.078654	1.838552
0.086054	1.816376
0.082794	1.647519
0.098474	2.282238
0.110664	2.305899
0.097129	1.981508
0.083539	1.868474
0.096610	2.247923
0.099680	1.907505
0.101640	1.873360
0.102044	1.920230
0.089260	2.114404
0.077552	1.740879
0.084687	1.665516
0.099567	2.098018
0.105146	2.110634
0.101453	1.725017
0.089800	1.764767
0.089647	1.755055
0.102568	2.061047
0.074152	1.757747
0.072457	1.739385
0.075457	1.629203
0.077626	1.541784
0.058828	0.870257
0.062146	0.944599
0.054929	0.833349
0.040293	0.889706
0.052460	1.085172
0.062360	0.992957
0.072676	0.880874
0.071918	1.103831
0.068923	1.229593
0.060652	0.832261
0.050175	0.376548
0.051478	0.336070
0.043723	0.718469
0.042253	0.505537
0.055286	0.464032
0.042787	0.531529
0.038817	0.591754
0.041593	0.564969
0.048953	0.193064
0.053298	0.289017
0.057134	0.167999
0.045979	0.410516
0.068397	0.298383
0.047794	0.359449
0.040818	0.239267
0.039790	0.286266
0.039621	0.293634
0.027689	0.142574
0.039131	0.128703
0.038347	0.234088
0.032541	0.150496
0.036517	0.422619
0.032768	0.321838
0.032916	0.383613
0.013043	0.488094
0.014523	0.397825
0.029203	0.351541
0.021803	0.340479
0.021589	0.622791
0.022386	0.397866
0.030724	0.727910
0.021775	0.627590
0.023486	0.503691
0.028668	0.585228
0.021995	0.487763
0.020192	0.542002
0.018534	0.479683
0.017706	0.583680
0.055470	1.658046
0.031528	0.943091
0.015969	0.758611
0.019200	0.660501
0.011927	0.566786
0.016596	0.526026
0.016046	0.587074
0.017715	0.390157
0.017696	0.361872
0.013638	0.357275
0.056638	0.397464
0.032781	0.334446
0.013121	0.470028
0.022520	0.752445
0.018340	0.787183
0.022581	0.697491
0.015906	0.502341
0.026651	0.680721
0.019837	0.775651
0.037930	0.691857
0.023781	0.890248
0.042016	1.442666
0.036395	0.826580
0.023815	0.411031
0.037258	0.709603
0.017450	0.998387
0.028830	1.228443
0.047300	1.483245
0.024248	1.397186
0.029876	1.103000
0.036581	1.047688
0.042232	1.137945
0.020790	1.272553
0.029105	2.368374
0.029078	1.671863
0.061833	2.004552
0.098182	3.180748
0.061358	2.532970
0.057544	2.024422
0.054387	2.315944
0.060726	2.483411
0.060418	2.122856
0.034859	0.788887
0.039673	0.900465
0.051640	0.950516
0.044119	1.179121
0.040923	0.829043
0.021036	0.705592
0.019564	0.556126
0.026704	0.265332
0.036867	0.647419
0.031044	0.597321
0.038293	0.643215
0.029525	0.706118
0.017200	0.752366
0.027573	1.031737
0.024992	1.172536
0.030775	1.080784
0.019598	1.378109
0.033405	1.415601
0.023182	1.365784
0.015967	1.475363
0.025963	1.555396
0.021939	1.630698
0.018063	1.622623
0.018725	1.997773
0.019115	1.869187
0.022274	1.935265
0.023483	2.195751
0.019726	2.142206
0.031524	1.809635
0.038588	1.824784
0.026881	1.625131
0.038432	1.947246
0.030020	1.337935
0.037874	1.102984
0.041699	1.301436
0.045640	1.179107
0.035143	1.184988
0.040508	1.346930
0.034440	1.391755
0.027014	1.433571
0.033234	1.346847
0.022952	1.101902
0.031691	0.929386
0.022353	0.639867
0.028980	0.304838
0.036627	0.466271
0.033937	0.311955
0.021948	0.272569
0.031026	0.462827
0.028753	0.596473
0.046455	0.372601
0.049488	0.438071
0.050766	0.317892
0.047676	0.259807
0.049940	0.290146
0.064397	0.377247
0.058031	1.148275
0.068364	1.083901
0.070221	0.950159
0.075242	1.286184
0.097351	1.402040
0.102363	1.124652
0.099362	1.332023
0.098004	1.241018
0.107044	1.416145
0.109277	1.388565
0.103476	1.092916
0.134632	1.542763
0.125350	1.667432
0.139861	1.724435
0.136656	1.728898
0.128056	1.508381
0.124450	1.619478
0.104313	1.246302
0.123568	1.142012
0.108350	1.194709
0.113225	1.156050
0.098406	0.968557
0.100903	1.086059
0.108078	1.645629
0.097095	1.475291
0.080509	1.114351
0.065210	1.036087
0.034035	1.142582
0.040062	0.845742
0.048845	0.953526
0.047007	1.194335
0.042579	1.173504
0.052476	1.306041
0.053424	1.283436
0.050949	1.422546
0.046689	1.450253
0.046456	1.409286
0.064888	1.673726
0.071329	1.605038
0.112503	1.489163
0.107762	1.601122
0.081897	1.490150
0.156403	2.072663
0.120798	1.732162
0.136262	1.864707
0.105893	1.649757
0.113306	1.676217
0.126148	1.741384
0.108024	1.509774
0.101167	1.588020
0.081186	1.317210
0.065474	1.337084
0.093461	1.483248
0.088056	1.534103
0.094615	1.468546
0.077947	1.448471
0.075741	1.245879
0.061247	1.137698
0.064859	1.348971
0.065532	1.356577
0.075500	1.243659
0.086887	1.373486
0.104631	1.559459
0.054016	0.955388
0.068891	1.158292
0.059329	0.909874
0.072774	0.972569
0.088971	1.034679
0.122922	1.294000
0.091692	1.018036
0.108595	1.033229
0.143818	1.271429
0.132280	1.057736
0.125378	0.914857
0.128660	0.898453
0.123834	0.907459
0.156766	1.017162
0.119532	0.966526
0.103686	0.640006
0.118346	0.727087
0.114088	0.774433
0.117279	0.766450
0.128611	0.941234
0.151293	0.888221
0.157624	0.787131
0.181558	0.971842
0.185173	1.047533
0.146425	0.775777
0.159183	0.809395
0.152281	0.694168
0.156998	0.685397
0.176445	0.914092
0.154431	0.814369
0.132016	0.614303
0.124633	0.542944
0.135640	0.520598
0.112101	0.513610
0.088020	0.674892
0.102476	0.654477
0.091252	0.713962
0.094437	0.721282
0.171550	0.893677
0.165857	1.026163
0.149805	1.075201
0.178625	1.062523
0.094527	0.793888
0.065662	0.351020
0.093265	0.575917
0.089798	0.556224
0.126966	0.875717
0.095443	0.645544
0.102200	0.582729
0.113393	0.686952
0.053550	0.116629
0.078241	0.362608
0.052888	0.390057
0.058820	0.430680
0.032271	0.494967
0.113576	0.725967
0.075467	0.422631
0.107657	0.658806
0.081871	0.551175
0.108275	0.920597
0.101489	0.716742
0.058313	0.489512
0.060706	0.668936
0.053565	0.483819
0.071927	0.692629
0.091485	0.808773
0.072221	0.698841
0.085638	0.852760
0.091177	0.739780
0.079947	0.389841
0.076384	0.660601
0.054844	1.154590
0.046546	1.164579
0.035846	0.930210
0.029998	0.570279
0.035837	0.548701
0.039104	0.533875
0.039357	0.408096
0.063010	0.695552
0.091861	0.713574
0.082526	0.827271
0.078382	0.849693
0.105473	0.639175
0.097064	0.713264
0.072134	0.684418
0.106815	1.098192
0.071780	0.691148
0.126962	0.893211
0.068164	0.571159
0.084256	0.837652
0.114451	0.715907
0.113377	0.835027
0.096954	0.820907
0.109547	0.924892
0.129541	0.908587
0.134940	1.091331
0.125411	1.076364
0.160785	1.200164
0.124568	0.969597
0.173880	1.935241
0.101486	0.788967
0.071492	0.472499
0.076929	0.573885
0.063888	0.489674
0.074338	0.761225
0.043932	0.516087
