0.011674	0.219949
0.006904	0.193629
0.008544	0.167007
0.010066	0.219969
0.006765	0.173644
0.011567	0.189410
0.009846	0.185439
0.008622	0.254118
0.010052	0.204943
0.007348	0.081759
0.011563	0.187888
0.014842	0.129375
0.011055	0.111827
0.012313	0.175237
0.007042	0.118665
0.007848	0.174301
0.009051	0.213349
0.008799	0.651663
0.009646	0.158909
0.009088	0.197911
0.010335	0.175335
0.009093	0.196863
0.010732	0.257615
0.009542	0.199859
0.008842	0.285141
0.007473	0.235068
0.009985	0.262920
0.011217	0.274200
0.013210	0.377163
0.025694	0.678012
0.011403	0.316889
0.011422	0.364693
0.009763	0.251114
0.011904	0.230507
0.013098	0.264859
0.015060	0.362973
0.020146	1.028819
0.015455	0.400218
0.026821	0.206252
0.021776	0.401029
0.018894	0.453762
0.024154	0.526055
0.026410	0.528480
0.021656	0.442015
0.021763	0.428951
0.018145	0.405376
0.022778	0.472334
0.016655	0.404832
0.016771	0.434851
0.019027	0.548714
0.016151	0.525590
0.012330	0.469329
0.013134	0.458133
0.022522	0.617237
0.026370	0.717545
0.021116	0.580885
0.018162	0.501257
0.021468	0.548967
0.025096	0.645006
0.028936	0.649932
0.032794	0.655099
0.027861	0.564992
0.024422	0.493106
0.012565	0.242633
0.013779	0.236946
0.011551	0.211423
0.007615	0.201433
0.011147	0.173618
0.016405	0.436044
0.023416	0.330562
0.023242	0.408553
0.009772	0.520700
0.013989	0.281943
0.017593	0.305039
0.026420	0.509247
0.019370	0.414072
0.018222	0.359340
0.021567	0.473062
0.035785	0.663887
0.030945	0.651980
0.031118	0.701501
0.015674	0.705848
0.030895	0.739095
0.025286	0.905257
0.029931	0.754319
0.015532	0.403735
0.031278	0.703449
0.030553	0.731408
0.027640	0.614435
0.027703	0.629686
0.033895	0.761772
0.031217	0.826758
0.026980	0.669110
0.031912	0.855599
0.033409	0.859718
0.022587	0.616149
0.016434	0.521040
0.020589	0.522252
0.023717	0.566571
0.021891	0.550167
0.009934	0.329510
0.005264	0.182600
0.006287	0.240319
0.006198	0.191215
0.007023	0.234591
0.009163	0.282568
0.009461	0.269808
0.007591	0.211294
0.008196	0.222616
0.006619	0.184325
0.008510	0.204525
0.005987	0.173370
0.008293	0.187791
0.007669	0.199801
0.016852	0.373257
0.008278	0.191189
0.003433	0.101848
0.009007	0.223515
0.024038	0.417827
0.003599	0.186544
0.004718	0.212070
0.004542	0.205085
0.004048	0.265218
0.011179	0.273249
0.007275	0.577144
0.003443	0.133077
0.006864	0.166093
0.006367	0.162554
0.004392	0.103117
0.006272	0.110514
0.010750	0.130273
0.008154	0.155444
0.006557	0.315378
0.013128	0.522926
0.010310	0.509586
0.007653	0.503924
0.007999	0.507127
0.011007	0.740351
0.005795	0.514303
0.006171	0.558375
0.002743	0.588996
0.003886	0.598336
0.008680	0.439360
0.006442	0.528033
0.010847	0.674329
0.017162	0.607835
0.015922	0.581849
0.026912	0.811115
0.023066	0.500933
0.022151	0.922675
0.013827	0.507212
0.016173	0.423194
0.016533	0.481039
0.009471	0.374083
0.016880	0.306656
0.018503	0.287117
0.019161	0.407778
0.013691	0.316310
0.012691	0.188195
0.010986	0.141052
0.008404	0.160238
0.012134	0.159244
0.010461	0.233579
0.009391	0.231184
0.017582	0.986134
0.015879	0.511654
0.010469	0.280550
0.009039	0.267332
0.011643	0.365645
0.012644	0.409582
0.011293	0.453537
0.013721	1.487851
0.007114	0.497234
0.009425	0.586237
0.010805	0.517142
0.015429	0.586906
0.023863	0.944022
0.029815	1.344997
0.022163	0.840275
0.020729	0.622718
0.021107	0.753813
0.019093	0.684849
0.017125	0.953770
0.018273	0.662937
0.014256	0.583329
0.008406	0.419205
0.010143	0.610717
0.010366	0.680442
0.025776	0.488863
0.014537	0.217302
0.016773	0.337746
0.010517	0.457096
0.014590	0.472574
0.012869	0.454741
0.011546	0.638311
0.013306	0.511793
0.011466	0.609397
0.021023	1.256285
0.026289	0.953077
0.014044	0.420004
0.013266	0.418672
0.020631	0.483974
0.011397	0.204359
0.011083	0.160239
0.006732	0.327802
0.008880	0.436836
0.006932	0.420036
0.007474	0.399472
0.019031	0.661394
0.005722	0.323820
0.007708	0.393359
0.013206	0.543383
0.019854	0.720348
0.014713	0.568256
0.028932	1.007431
0.034267	1.086535
0.037151	1.171912
0.036493	1.114363
0.042968	1.340074
0.046270	1.492551
0.032169	1.132864
0.038051	1.194037
0.037403	1.385513
0.035570	1.049988
0.016745	0.671362
0.024573	0.782667
0.027446	1.123062
0.028708	0.980765
0.034898	1.079968
0.033542	1.158449
0.026155	1.038848
0.024354	0.998526
0.022568	0.757260
0.027308	1.001537
0.015809	0.745951
0.012205	0.647823
0.028051	0.867389
0.018894	0.768919
0.028229	0.950168
0.033891	1.103874
0.039658	1.298739
0.033018	1.326344
0.033369	1.364225
0.042689	1.493861
0.034451	1.533528
0.028112	1.347508
0.031352	1.491938
0.031767	1.523908
0.037039	1.579844
0.034554	1.535188
0.036510	1.553928
0.036078	1.546971
0.041222	1.660259
0.041922	1.596065
0.040520	1.585064
0.043187	1.604498
0.045924	1.704602
0.039354	1.587467
0.038708	1.597396
0.039917	1.676230
0.038312	1.542379
0.037877	1.446255
0.040488	1.477079
0.035446	1.238880
0.031096	1.178279
0.026380	1.111095
0.032707	1.264517
0.032901	0.981998
0.030370	0.997338
0.031335	1.079355
0.030779	1.008705
0.035736	1.224507
0.026639	1.113376
0.032990	1.267586
0.016666	0.946965
0.012827	0.756728
0.025201	0.832512
0.017676	0.369672
0.016126	0.390722
0.018607	0.385781
0.014925	0.402333
0.014031	0.499436
0.016814	0.417340
0.024626	0.595944
0.022148	0.480382
0.021299	0.547744
0.020736	0.664590
0.020928	0.754474
0.016393	0.575743
0.023436	0.857061
0.023390	0.781626
0.025923	0.898723
0.021796	0.762679
0.023168	0.836961
0.022846	0.792461
0.025847	0.868207
0.028868	0.953963
0.026708	0.884891
0.026629	0.905367
0.032664	1.015767
0.025826	0.853085
0.030154	0.879782
0.019742	0.679806
0.024350	0.770078
0.019922	0.686613
0.022159	0.739519
0.020852	0.587685
0.019538	0.604920
0.017855	0.472097
0.011395	0.461147
0.013225	0.424632
0.016990	0.502817
0.017451	0.508349
0.015378	0.495691
0.018313	0.575918
0.016760	0.600014
0.018256	0.635633
0.021452	0.650209
0.022295	0.769812
0.019635	0.758197
0.013777	0.681424
0.007836	0.491060
0.010063	0.650976
0.008862	0.600090
0.009726	0.603648
0.011618	0.434894
0.011957	0.433687
0.009017	0.580747
0.009066	0.412249
0.012990	0.469915
0.010341	0.391366
0.010195	0.349820
0.012621	0.278336
0.010882	0.357656
0.021669	0.599131
0.012089	0.484886
0.011244	0.873809
0.011001	0.394108
0.015208	0.855148
0.009837	0.268171
0.014306	0.466662
0.011934	0.479245
0.011236	0.471858
0.009525	0.353657
0.015740	0.549506
0.014022	0.482379
0.015434	0.511125
0.012360	0.399050
0.007066	0.394874
0.008475	0.400411
0.008996	0.391610
0.011704	0.497056
0.008583	0.486738
0.006502	0.415902
0.005753	0.368430
0.006634	0.393809
0.009038	0.580670
0.006613	0.508424
0.006611	0.561739
0.004513	0.498473
0.004727	0.387380
0.005787	0.457602
0.003919	0.367376
0.004604	0.410684
0.005179	0.399500
0.007543	0.187399
0.007470	0.214384
0.006482	0.185552
0.009047	0.186747
0.006723	0.118022
0.004654	0.140932
0.005297	0.247846
0.006637	0.826672
0.002887	0.406747
0.006058	0.409203
0.008803	0.247152
0.008647	0.332414
0.018377	0.774548
0.022774	0.482499
0.025694	0.493819
0.024234	0.388672
0.019571	0.342423
0.027969	0.558571
0.032099	0.714395
0.034070	0.746448
0.032528	0.678402
0.030746	0.719934
0.031683	0.736905
0.030552	0.769560
0.029565	0.904935
0.032200	0.971094
0.033721	1.131659
0.031625	1.009578
0.014721	0.375870
0.018259	0.654296
0.025242	1.190405
0.022047	0.961440
0.016789	1.034214
0.019673	0.741960
0.017113	0.653590
0.014317	0.574109
0.013787	0.652716
0.016152	0.734919
0.014241	0.568542
0.014718	0.630567
0.013126	0.520932
0.012463	0.514611
0.012310	0.463488
0.009996	0.311995
0.010766	0.409378
0.008866	0.516947
0.005607	0.558092
0.010747	0.430258
0.007033	0.224615
0.007670	0.441284
0.008070	0.699075
0.010935	0.773785
0.008585	1.281096
0.008259	0.699968
0.009917	0.665383
0.007347	0.787385
0.009811	0.818893
0.013453	0.912791
0.012783	0.917476
0.007881	0.804780
0.008556	0.746076
0.011817	0.829118
0.007277	0.853185
0.006763	0.935154
0.005352	0.915968
0.008266	0.632487
0.009651	0.580993
0.007915	0.727826
0.006909	0.846892
0.014042	0.483877
0.007869	0.935930
0.010257	0.956545
0.007963	0.876257
0.007284	0.856312
0.008821	0.864276
0.013526	0.988522
0.014238	0.944541
0.015477	0.855942
0.017307	0.575292
0.011429	0.566754
0.008925	0.361219
0.008314	0.421214
0.006968	0.310244
0.011674	0.444846
0.006248	0.267441
0.016453	0.308060
0.012948	0.318616
0.017080	0.387960
0.019724	0.463689
0.020630	0.472200
0.018771	0.487977
0.018761	0.514834
0.019117	0.672847
0.022980	0.874902
0.018592	0.854305
0.019106	0.885555
0.021405	1.027887
0.020844	0.913414
0.022232	0.968348
0.025716	1.002305
0.030973	1.077229
0.027671	0.934804
0.027584	0.962320
0.028627	0.968184
0.036081	1.175195
0.038826	1.273614
0.029307	1.224933
0.047181	1.620705
0.049019	1.707411
0.036118	1.438713
0.027472	1.125087
0.026371	1.113547
0.028855	1.093291
0.026475	1.053569
0.024289	0.969752
0.029429	1.011737
0.018431	0.771472
0.031393	1.016776
0.024203	1.001161
0.016437	0.752178
0.014586	0.536414
0.016004	0.310979
0.014803	0.167853
0.017713	0.398846
0.035293	0.726778
0.024612	0.482017
0.026460	0.533241
0.026578	0.573888
0.023903	0.596352
0.032312	0.872924
0.018667	0.724746
0.025279	0.807449
0.028507	0.848335
0.028791	0.804523
0.021499	0.662660
0.026020	0.802188
0.017420	0.564204
0.014909	0.486853
0.019062	0.632349
0.019866	0.573959
0.029570	0.929616
0.031232	0.882711
0.018362	0.561581
0.016161	0.526206
0.024698	0.632131
0.020509	0.683074
0.009665	0.440000
0.006359	0.419553
0.016382	0.527055
0.021934	0.261960
0.011473	0.524673
0.012594	0.493883
0.015260	0.621760
0.011782	0.482117
0.009847	0.332470
0.009942	0.287903
0.008101	0.253106
0.008788	0.235232
0.009239	0.094669
0.014206	0.231926
0.010451	0.203882
0.008716	0.089552
0.019598	0.467664
0.019601	0.449199
0.022521	0.474838
0.009999	0.119834
0.017796	0.302990
0.013105	0.265970
0.008978	0.144179
0.008493	0.111656
0.011609	0.287483
0.011363	0.270754
0.011242	0.236734
0.013348	0.304397
0.016447	0.381438
0.016356	0.320420
0.013545	0.312129
0.012658	0.285213
0.016912	0.374179
0.016640	0.297786
0.016111	0.297410
0.016444	0.364109
0.012887	0.284807
0.006664	0.297486
0.011992	0.318685
0.014861	0.387847
0.013699	0.336940
0.011353	0.251486
0.008665	0.330341
0.014242	0.294129
0.012916	0.177948
0.012962	0.364596
0.015592	0.215942
0.014994	0.215081
0.017112	0.218806
0.013731	0.109570
0.013907	0.085048
0.012214	0.048439
0.019772	0.697371
0.012813	0.068192
0.010813	0.157285
0.012928	0.172984
0.011852	0.114833
0.012280	0.186592
0.012630	0.156816
0.012578	0.085875
0.017826	0.312752
0.017224	0.262315
0.017775	0.321897
0.016912	0.298954
0.016439	0.324621
0.018114	0.333302
0.020425	0.429206
0.019928	0.425681
0.016453	0.373736
0.010931	0.246350
0.013645	0.341669
0.017936	0.390039
0.022861	0.540092
0.016531	0.473330
0.018525	0.512295
0.023757	0.641806
0.019786	0.581441
0.024675	0.702689
0.024292	0.681256
0.030125	0.788837
0.029173	0.788128
0.030899	0.818149
0.028767	0.699408
0.026429	0.704545
0.027583	0.749730
0.019059	0.545847
0.021880	0.490332
0.017836	0.438179
0.038317	0.679900
0.018215	0.450493
0.017337	0.404738
0.016120	0.376165
0.020204	0.436312
0.021604	0.530502
0.023407	0.493019
0.018467	0.498054
0.023943	0.670286
0.020748	0.556590
0.026507	0.590582
0.027911	0.593873
0.025802	0.568602
0.027609	0.620810
0.023988	0.554746
0.045494	1.318363
0.034045	0.754758
0.033532	0.840297
0.025982	0.648095
0.029060	0.720731
0.029453	0.730117
0.033861	0.765879
0.033336	0.762823
0.022180	0.645009
0.017193	0.526404
0.022363	0.640770
0.014904	0.465201
0.012159	0.424570
0.012038	0.411756
0.011595	0.339948
0.010332	0.296019
0.013196	0.363139
0.010305	0.300531
0.006272	0.122694
0.008189	0.212270
0.010610	0.295860
0.010165	0.267365
0.011894	0.327055
0.008055	0.241112
0.008402	0.292901
0.009935	0.311981
0.015877	0.394273
0.010081	0.268503
0.010305	0.335682
0.013712	0.522080
0.011732	0.409424
0.010666	0.460142
0.008487	0.359926
0.009366	0.435669
0.013618	0.399845
0.008006	0.380544
0.017603	0.518884
0.021003	0.549955
0.019498	0.699286
0.021662	0.676820
0.017480	0.571838
0.014264	0.509586
0.017415	0.653960
0.027351	1.038660
0.013593	0.460189
0.027825	1.069273
0.021816	0.429464
0.029228	0.559977
0.022790	0.262351
0.023259	0.227911
0.030528	0.601642
0.045489	1.081967
0.028226	0.386300
0.049127	1.067034
0.057569	1.450976
0.035733	0.647611
0.057976	1.347193
0.055264	1.313209
0.049028	1.031013
0.061174	1.580229
0.053572	1.289239
0.049034	1.155887
0.058636	1.537076
0.056531	1.484744
0.067777	1.811038
0.065519	1.712638
0.059564	1.483570
0.063616	1.785113
0.065247	1.750505
0.057766	1.460071
0.062841	1.699368
0.051016	1.358869
0.056389	1.615135
0.075105	1.612729
0.045792	1.337441
0.057359	1.569038
0.046971	1.283351
0.038757	0.919002
0.048091	1.382810
0.042389	1.033479
0.057575	1.792326
0.049081	1.361463
0.046125	1.245170
0.050981	1.538847
0.040920	1.301278
0.044072	1.409641
0.041279	1.181101
0.040098	1.168693
0.033545	1.081594
0.030662	0.820305
0.035873	1.033962
0.032472	0.881821
0.029604	0.758385
0.019375	0.340020
0.022219	0.539560
0.023294	0.677058
0.011762	0.282334
0.020174	0.460624
0.011510	0.096586
0.016764	0.317374
0.011833	0.325855
0.009487	0.285792
0.003691	0.061771
0.004561	0.097811
0.003281	0.151815
0.012378	0.389756
0.013215	0.268916
0.004329	0.222493
0.004967	0.151970
0.009949	0.241915
0.008740	0.216809
0.021805	0.431705
0.009764	0.221711
0.021901	0.487822
0.018425	0.427102
0.011767	0.240247
0.008520	0.295607
0.015055	0.412111
0.012377	0.369611
0.018547	0.455745
0.013952	0.459574
0.033326	0.832790
0.027498	0.718003
0.011418	0.334129
0.009859	0.354271
0.021125	0.547964
0.008533	0.249854
0.007154	0.184351
0.006825	0.259231
0.016096	0.471690
0.018171	0.473097
0.018341	0.485812
0.022149	0.598535
0.017595	0.429316
0.019151	0.527608
0.016750	0.462274
0.018320	0.509294
0.027271	0.735290
0.025403	0.697490
0.026529	0.735740
0.021752	0.649770
0.026333	0.776991
0.055275	1.636280
0.035107	1.003935
0.030561	0.850858
0.030332	0.884859
0.027244	1.196049
0.033380	0.936584
0.030012	0.882346
0.033845	0.957027
0.039117	1.126351
0.035464	1.004218
0.031627	0.890982
0.028195	0.801273
0.022367	0.627821
0.026497	0.718185
0.027163	0.708426
0.031140	0.793553
0.025246	0.614877
0.033345	0.852766
0.027225	0.634163
0.022885	0.530778
0.016268	0.417820
0.014518	0.352021
0.020063	0.501576
0.019430	0.568603
0.029387	1.133232
0.027966	1.170774
0.021076	0.544827
0.025146	0.728599
0.019525	0.598766
0.021065	0.622905
0.018691	0.571684
0.021274	0.668058
0.025280	0.750011
0.015387	0.615242
0.020650	0.690100
0.028337	0.870254
0.013293	0.580970
0.018785	0.608105
0.008089	0.370302
0.011660	0.365479
0.014595	0.417166
0.009276	0.301750
0.006724	0.112694
0.007900	0.239560
0.010049	0.407815
0.006684	0.208761
0.020736	0.508066
0.015889	0.428548
0.013242	0.394327
0.015354	0.420713
0.016160	0.459156
0.009497	0.327208
0.010557	0.338941
0.008691	0.256885
0.004158	0.098839
0.011292	0.274997
0.015421	0.294572
0.019132	0.416363
0.008492	0.202770
0.008121	0.159919
0.015136	0.305876
0.014064	0.270268
0.008570	0.120400
0.015349	0.270073
0.018192	0.359216
0.007908	0.097352
0.013028	0.236096
0.014153	0.245485
0.004922	0.059034
0.014035	0.290623
0.015300	0.277143
0.013768	0.225087
0.011684	0.203515
0.013566	0.379323
0.014253	0.393883
0.015741	0.509911
0.013939	0.415648
0.014877	0.216390
0.013306	0.211242
0.016272	0.407417
0.024539	0.550160
0.023204	0.557427
0.017425	0.453927
0.020955	0.514223
0.018976	0.460761
0.020800	0.480291
0.024343	0.591698
0.019648	0.567499
0.027942	0.682962
0.032547	0.783445
0.014768	0.384394
0.017388	0.526313
0.034112	0.929059
0.023193	0.682174
0.017680	0.460083
0.013221	0.441500
0.009792	0.353154
0.009768	0.387550
0.016687	0.484907
0.013634	0.397005
0.015871	0.534141
0.017654	0.569412
0.015430	0.582191
0.015131	0.546280
0.013233	0.486419
0.008793	0.436690
0.012489	0.364052
0.015065	0.395104
0.007222	0.226663
0.009706	0.253506
0.012741	0.362476
0.009302	0.393915
0.019240	0.482372
0.015580	0.571505
0.016725	0.507452
0.027327	0.693210
0.024438	0.659581
0.024658	0.681470
0.020395	0.477479
0.013831	0.545805
0.019322	0.530414
0.029297	0.735456
0.010791	0.173930
0.026288	0.584178
0.040345	0.935906
0.028874	0.637706
0.033193	0.641045
0.043212	1.098674
0.032639	0.832900
0.027805	0.710082
0.033868	0.896585
0.021520	0.619655
0.028003	0.710939
0.032062	0.852816
0.013718	0.485862
0.012188	0.415881
0.019447	0.612267
0.017359	0.619020
0.020357	0.787641
0.020093	0.803473
0.023181	0.912933
0.020794	0.864454
0.021492	0.844548
0.013825	0.870414
0.024275	0.840901
0.030881	0.971702
0.031244	0.967681
0.025039	0.712010
0.037883	1.020291
0.046056	1.156821
0.036705	1.027193
0.025241	0.675599
0.017210	0.542281
0.016656	0.588831
0.021559	0.765261
0.036860	0.432426
0.016322	0.692972
0.016964	0.761372
0.020675	0.794212
0.021940	0.838242
0.012609	0.849598
0.016812	0.720006
0.021706	0.829585
0.029915	0.949228
0.025282	0.846683
0.029265	0.739212
0.022034	0.803856
0.026695	0.977326
0.020370	0.711140
0.018126	0.588930
0.020830	0.663426
0.023381	0.866385
0.022177	0.722623
0.023128	0.718444
0.025662	0.769305
0.018021	0.560644
0.015563	0.502598
0.024708	0.708888
0.042047	0.458499
0.026209	0.877761
0.023697	0.722012
0.032841	0.910488
0.041958	0.613322
0.027285	0.824740
0.029280	1.098303
0.034209	1.311397
0.024456	1.010527
0.022862	0.970071
0.035196	1.232452
0.026098	1.999901
0.037840	1.328869
0.035805	1.358215
0.037573	1.378737
0.031241	1.147649
0.031410	0.793065
0.034272	0.905708
0.031758	0.765397
0.024702	0.791196
0.028102	0.842337
0.024359	0.866295
0.027421	1.110786
0.022578	1.022602
0.022749	1.146328
0.030605	1.217624
0.028118	1.154290
0.030014	1.285396
0.036163	1.410643
0.029616	1.280644
0.024957	1.168090
0.035234	1.443081
0.033335	1.402356
0.020864	1.721284
0.021315	1.155287
0.028295	1.152698
0.032886	1.624730
0.029747	1.346441
0.024767	1.185376
0.033019	1.794257
0.030809	1.658488
0.046542	2.973255
0.030134	1.439451
0.821044	8.789144
0.627182	6.520817
0.024474	1.375021
1.260117	23.240509
1.314278	29.378389
1.380430	31.808321
1.534856	52.783548
0.102554	3.772687
0.058207	3.117741
0.082319	3.334358
0.125614	4.336462
0.096304	3.655712
0.090223	3.482825
0.085440	3.362927
0.068057	2.880891
0.082463	3.141985
0.069024	2.733215
0.059180	2.415270
0.066199	2.619389
0.060128	2.414061
0.061142	2.231526
0.059747	2.292954
0.062127	2.140735
0.029794	1.343345
0.024911	1.290421
0.024384	1.248862
0.025232	1.285609
0.028193	1.278594
0.026612	1.282620
0.029634	1.356154
0.021952	1.157157
0.032843	1.478656
0.039126	1.647507
0.034560	1.424115
0.035423	1.364115
0.039810	1.396091
0.023196	0.887186
0.020196	0.800656
0.025302	0.937258
0.026306	1.032929
0.027188	1.097229
0.026174	0.931207
0.038743	1.154663
0.033758	1.095779
0.033988	1.126757
0.031248	0.889251
0.036876	1.004504
0.040722	1.019044
0.030406	0.868878
0.033662	0.814048
0.034838	0.836844
0.038395	0.660781
0.034250	0.886606
0.042846	1.005440
0.049225	1.248073
0.038441	1.090016
0.044283	1.201371
0.032353	1.074992
0.037461	1.095896
0.038362	0.980361
0.041688	0.926884
0.034764	0.845422
0.041016	1.051997
0.042282	0.892258
0.028222	0.822583
0.033235	0.944457
0.034303	0.910771
0.025020	0.726765
0.019922	0.609802
0.025104	0.693315
0.048406	1.424416
0.032497	0.978351
0.032971	1.011127
0.035748	1.063501
0.024116	0.835913
0.029110	0.962014
0.021133	0.833389
0.020698	0.906542
0.016704	0.689778
0.016317	0.734577
0.014450	0.726331
0.017081	0.621296
0.019289	0.639234
0.018540	0.561350
0.008850	0.424748
0.008375	0.433155
0.006332	0.404413
0.004693	0.423035
0.005160	0.423916
0.010743	0.463374
0.015661	0.545534
0.004888	0.370811
0.005298	0.418523
0.006007	0.453401
0.008136	0.413197
0.006850	0.358373
0.003851	0.317395
0.005764	0.240845
0.007767	0.302785
0.010507	0.357798
0.007171	0.440437
0.004807	0.317258
0.007831	0.334952
0.005555	0.380628
0.014812	0.524873
0.024116	0.666951
0.008590	0.572304
0.010617	0.572519
0.014574	0.591092
0.019754	0.977972
0.008865	0.563260
0.010728	0.644577
0.009197	0.503470
0.012979	0.496057
0.012697	0.465369
0.016294	0.437755
0.021805	0.378970
0.020479	0.317003
0.020588	0.251494
0.022536	0.287032
0.015657	0.311843
0.015834	0.154843
0.017648	0.150397
0.011988	0.233103
0.013090	0.126119
0.008860	0.203775
0.009174	0.185386
0.020341	0.413609
0.025262	0.611496
0.019777	0.605037
0.020640	0.709470
0.031668	0.907741
0.032165	0.991222
0.028567	0.829005
0.034450	0.947357
0.028091	0.702461
0.033154	0.894050
0.033811	0.947862
0.030998	0.882690
0.027603	0.777539
0.030422	0.795183
0.029064	0.890206
0.024309	0.710209
0.019568	0.595981
0.025714	0.660300
0.025822	0.658451
0.027808	0.692388
0.024464	0.647448
0.024240	0.635946
0.022576	0.621390
0.028658	0.796119
0.024907	0.733607
0.022688	0.616809
0.023454	0.609987
0.024161	0.621294
0.020979	0.711142
0.021910	0.707595
0.021770	0.614021
0.017617	0.657763
0.014956	0.481360
0.011780	0.464243
0.028539	0.912722
0.012350	0.455278
0.009583	0.305529
0.006102	0.273009
0.004897	0.269151
0.007295	0.309218
0.003978	0.383125
0.003620	0.316581
0.002396	0.276246
0.016203	1.136512
0.004118	0.197818
0.004683	0.253789
0.006973	0.275865
0.009289	0.336473
0.008586	0.302567
0.005780	0.202810
0.008735	0.198048
0.011048	0.388917
0.010104	0.353312
0.007708	0.303471
0.009727	0.270323
0.010950	0.324672
0.009989	0.298685
0.011541	0.377054
0.010934	0.373361
0.010815	0.278900
0.007008	0.206075
0.009689	0.186847
0.013446	0.224007
0.011429	0.263177
0.010334	0.227515
0.013078	0.253307
0.012759	0.396929
0.015916	0.464550
0.014551	0.450055
0.015036	0.388221
0.014908	0.402488
0.018891	0.418523
0.023085	0.610032
0.022359	0.567236
0.021838	0.509223
0.027817	0.654034
0.022895	0.533930
0.023284	0.540637
0.023872	0.284292
0.022137	0.497571
0.021266	0.458639
0.024699	0.535208
0.024057	0.546079
0.025587	0.574768
0.028242	0.694652
0.033492	0.854344
0.030839	0.786138
0.031521	0.791152
0.033550	0.876813
0.036305	0.947720
0.036583	0.959406
0.033639	0.877059
0.034271	0.919911
0.032559	0.867168
0.030202	0.778314
0.036644	0.963943
0.031539	0.820369
0.029512	0.701339
0.028653	0.693441
0.032483	0.798157
0.033030	0.825780
0.024176	0.579216
0.022386	0.567270
0.031383	0.762908
0.027516	0.653025
0.023338	0.551140
0.012053	0.292129
0.018597	0.405487
0.007012	0.346341
0.013339	0.316479
0.010537	0.380864
0.012256	0.329955
0.014073	0.296953
0.003525	0.286174
0.017574	0.384787
0.010274	0.319787
0.002838	0.302289
0.006071	0.183271
0.012172	0.275634
0.008717	0.297394
0.016904	0.412631
0.012742	0.360267
0.008886	0.283259
0.014871	0.438049
0.012541	0.406436
0.014536	0.438070
0.016622	0.417561
0.006810	0.329332
0.016778	0.491157
0.016910	0.501554
0.018480	0.557270
0.014061	0.352810
0.003025	0.335046
0.002917	0.242452
0.007411	0.185889
0.006897	0.251199
0.008849	0.263210
0.012417	0.231928
0.026169	0.673798
0.023203	0.493401
0.029907	0.695952
0.035847	0.918148
0.041535	1.097564
0.039501	1.032746
0.041346	1.023230
0.037571	0.910145
0.036850	0.901460
0.044470	1.124565
0.049983	1.256624
0.047430	1.200817
0.039012	0.907105
0.041476	0.957960
0.038211	0.879083
0.047296	1.141459
0.039764	0.878440
0.053453	1.207286
0.047903	1.071888
0.049772	1.130833
0.052226	1.150036
0.053938	1.199827
0.056527	1.313913
0.056188	1.336942
0.051837	1.171412
0.056161	1.317789
0.053960	1.284363
0.056486	1.339552
0.060624	1.444724
0.053982	1.268503
0.055908	1.351341
0.052577	1.259605
0.059237	1.404893
0.058377	1.450350
0.057837	1.375322
0.058654	1.348785
0.054350	1.325435
0.060923	1.489676
0.062444	1.515563
0.065029	1.630086
0.058099	1.425172
0.061379	1.549377
0.063781	1.619084
0.062075	1.603692
0.049019	1.256249
0.046219	1.161773
0.049038	1.228279
0.037840	0.949523
0.031773	0.771271
0.039011	0.973878
0.039606	0.989046
0.048745	1.268150
0.043311	1.078161
0.040759	1.023866
0.034660	0.895593
0.029911	0.834160
0.041149	1.198727
0.033502	0.892235
0.034613	0.935204
0.025004	0.721409
0.031373	0.816248
0.029784	0.753978
0.022037	0.697093
0.020281	0.523168
0.016064	0.411775
0.011206	0.364370
0.004965	0.166745
0.008406	0.225746
0.005652	0.206197
0.010820	0.264962
0.010630	0.243012
0.007087	0.170561
0.013231	0.319738
0.024121	0.900800
0.007966	0.184543
0.010808	0.280734
0.014732	0.415652
0.027744	0.846784
0.028230	0.518688
0.024267	0.562286
0.020957	0.507739
0.023448	0.407121
0.016103	0.362214
0.022569	0.597596
0.017078	0.404748
0.010570	0.356225
0.012747	0.418781
0.011652	0.376098
0.021312	0.790768
0.006179	0.212172
0.015990	0.455647
0.015350	0.453292
0.010530	0.319881
0.034134	0.916601
0.035035	0.978259
0.017990	0.560338
0.030219	0.929952
0.025661	0.928217
0.030844	0.946138
0.022913	0.781175
0.028450	0.981192
0.031497	1.067934
0.019271	0.742604
0.024844	0.925626
0.028327	1.009612
0.038469	1.268437
0.051584	1.630279
0.025831	1.062847
0.026802	1.050976
0.020921	0.958077
0.019484	0.911704
0.026358	1.034385
0.026336	1.026060
0.016632	0.776363
0.035307	1.162602
0.041530	1.236150
0.045332	1.434284
0.046868	1.430436
0.051324	1.572028
0.052947	1.694138
0.054304	1.678114
0.052540	1.596533
0.062722	2.010356
0.057610	2.032245
0.055416	1.945612
0.062952	2.160334
0.057091	2.088709
0.067783	2.337762
0.062820	2.341296
0.078635	2.513316
0.061469	2.342145
0.067038	2.487594
0.074440	2.705758
0.062492	2.400967
0.073872	2.680234
0.072587	2.729188
0.085843	2.905516
0.067957	2.634966
0.067184	2.588746
0.065376	2.623072
0.070166	2.630603
0.060139	2.376582
0.050664	2.192230
0.050936	2.132521
0.049470	2.017189
0.054314	2.041891
0.048372	1.801518
0.050900	1.859483
0.046228	1.617631
0.044662	1.785582
0.029440	0.926766
0.025854	0.813600
0.025298	0.847743
0.019499	0.786966
0.015148	0.465298
0.019938	0.572845
0.020189	0.428329
0.012874	0.313539
0.013911	0.380707
0.012206	0.393704
0.011811	0.299773
0.006779	0.289935
0.009264	0.236869
0.013109	0.291055
0.010268	0.154059
0.004574	0.259881
0.004258	0.262134
0.006530	0.364108
0.003099	0.251159
0.015515	0.617921
0.004441	0.434432
0.008021	0.404559
0.006627	0.339563
0.003859	0.299945
0.010519	0.231038
0.005115	0.308760
0.005113	0.393004
0.004368	0.327171
0.008246	0.373455
0.009407	0.417153
0.004139	0.305703
0.008432	0.320415
0.009000	0.359827
0.007138	0.261810
0.008912	0.282314
0.007431	0.289153
0.008400	0.242411
0.007955	0.154714
0.007958	0.200576
0.006348	0.229803
0.015158	0.784948
0.008215	0.362396
0.007429	0.371526
0.008967	0.347283
0.007943	0.322693
0.014919	0.732990
0.011867	0.276322
0.008866	0.238458
0.009728	0.248806
0.009744	0.267240
0.007860	0.263781
0.006561	0.413642
0.008354	0.222002
0.008162	0.195977
0.003647	0.359025
0.005794	0.313328
0.003863	0.379256
0.005936	0.335608
0.010076	0.428679
0.006708	0.379654
0.008492	0.455494
0.025104	0.360523
0.015000	0.568126
0.006527	0.496313
0.008345	0.449443
0.011760	0.499339
0.010291	0.486881
0.014086	0.472518
0.011801	0.618859
0.005401	0.452378
0.005335	0.594759
0.008060	0.484708
0.010533	0.447850
0.009990	0.164017
0.005802	0.812041
0.004141	0.422895
0.005812	0.531779
0.005509	0.510944
0.012115	0.583245
0.006967	0.446370
0.009579	0.407334
0.014300	0.353003
0.015706	0.250369
0.013595	0.337794
0.018256	0.262978
0.017821	0.489413
0.014840	0.504241
0.011372	0.635890
0.005657	0.538537
0.005135	0.522598
0.004088	0.392915
0.005621	0.412215
0.006406	0.245533
0.008000	0.273486
0.011892	0.354884
0.010166	0.212681
0.007591	0.235935
0.006461	0.213370
0.007442	0.209418
0.011752	0.339835
0.011298	0.250825
0.007867	0.332971
0.007503	0.294647
0.005854	0.313995
0.007027	0.281130
0.009333	0.454277
0.007167	0.376069
0.010134	0.447601
0.007851	0.384244
0.007282	0.285985
0.011382	0.388958
0.005527	0.304134
0.004318	0.306595
0.006160	0.361381
0.003843	0.262870
0.003643	0.267495
0.006876	0.216331
0.002808	0.249975
0.009516	0.311576
0.004416	0.292149
0.015765	0.548315
0.019328	0.576328
0.016889	0.626514
0.024983	0.743914
0.018882	1.709562
0.015963	0.557135
0.014430	0.555238
0.019237	0.692442
0.017397	0.660107
0.014173	0.541112
0.008037	0.544470
0.015626	0.691941
0.016323	0.703050
0.008838	0.532691
0.014332	1.004641
0.017577	0.818249
0.018674	0.817982
0.014648	0.542527
0.017719	0.680469
0.015434	0.616863
0.017236	0.660691
0.014893	0.673498
0.012836	0.608123
0.015149	0.675430
0.017333	0.690232
0.021411	0.881625
0.021482	0.859726
0.017899	0.674244
0.021117	0.397001
0.023700	0.825904
0.027693	0.904080
0.017313	0.658485
0.019842	0.763968
0.022228	0.705255
0.015102	0.598067
0.016152	0.651263
0.021201	0.771386
0.018149	0.690452
0.015380	0.618607
0.016979	0.616143
0.014535	0.541291
0.015847	0.571057
0.018020	0.591980
0.015334	0.565376
0.022138	0.963695
0.018191	0.523712
0.012353	0.423320
0.010781	0.355477
0.011275	0.290685
0.010597	0.270727
0.009294	0.167223
0.010627	0.243769
0.007819	0.296015
0.008789	0.337225
0.005110	0.244348
0.005293	0.298907
0.004871	0.336662
0.005143	0.383067
0.006889	0.337645
0.008676	0.296058
0.007426	0.253490
0.007005	0.318124
0.005113	0.210749
0.007547	0.257368
0.004033	0.190013
0.005515	0.187698
0.002769	0.102278
0.004315	0.217697
0.003942	0.151849
0.003525	0.132914
0.005426	0.238771
0.002244	0.148423
0.004991	0.085205
0.004681	0.116524
0.001468	0.098705
0.002686	0.186341
0.001800	0.180257
0.005182	0.121334
0.001593	0.131365
0.002116	0.182256
0.002493	0.102334
0.004024	0.160649
0.003510	0.157589
0.005158	0.177802
0.003269	0.193393
0.006656	0.256950
0.003943	0.231828
0.006473	0.135103
0.006972	0.250653
0.007943	0.173253
0.006712	0.185401
0.008758	0.139469
0.008525	0.202360
0.007649	0.143358
0.010063	0.233184
0.012171	0.404123
0.008520	0.260949
0.008631	0.206655
0.009722	0.226755
0.007406	0.290092
0.011223	0.276374
0.008635	0.268975
0.009810	0.331021
0.008680	0.271010
0.008169	0.249130
0.009633	0.275775
0.009164	0.277440
0.010759	0.226282
0.010897	0.127696
0.007326	0.102578
0.007654	0.163978
0.007730	0.146046
0.005786	0.139391
0.011496	0.352738
0.006859	0.192143
0.005311	0.194951
0.004658	0.232229
0.004522	0.232832
0.003722	0.204311
0.004481	0.184406
0.012982	0.304823
0.006017	0.187971
0.005672	0.242059
0.012280	0.159037
0.006645	0.188665
0.008677	0.266925
0.008884	0.362185
0.009600	0.287474
0.009504	0.279550
0.008372	0.312464
0.013089	0.317040
0.010094	0.306777
0.009386	0.325810
0.008480	0.262444
0.009110	0.282713
0.011661	0.310740
0.009185	0.317272
0.010206	0.316697
0.012820	0.527008
0.012589	0.355256
0.011818	0.330273
0.010284	0.298765
0.011623	0.345269
0.013244	0.415707
0.011918	0.383529
0.013202	0.456698
0.012594	0.423717
0.012707	0.520927
0.011591	0.380871
0.016842	0.605046
0.017710	0.556069
0.017409	0.574725
0.018041	0.662161
0.016893	0.553879
0.018918	0.605152
0.019427	0.672399
0.022319	0.659786
0.022365	0.641032
0.024336	0.647420
0.031782	1.071107
0.027426	0.644068
0.029321	0.683385
0.026877	0.613096
0.032011	0.754217
0.030439	0.747109
0.030356	0.766268
0.030524	0.662390
0.032755	0.734232
0.029213	0.700212
0.033289	0.772492
0.032524	0.757267
0.032392	0.786848
0.034743	0.861991
0.036464	0.891323
0.039550	1.070872
0.032359	0.864436
0.036928	0.979882
0.036297	0.954013
0.038302	0.992042
0.033928	0.863707
0.035900	0.928503
0.038397	0.968231
0.041795	1.070242
0.035854	0.927174
0.039383	0.958348
0.039348	0.965066
0.033570	0.842103
0.040393	0.974362
0.038003	0.608653
0.035733	0.836766
0.039033	0.911619
0.039642	0.911394
0.036175	0.826963
0.038155	0.900432
0.035122	0.851669
0.036826	0.892219
0.040509	0.961591
0.042962	1.112430
0.037903	0.957376
0.042896	1.215124
0.032939	0.866777
0.036979	1.009027
0.039593	0.992261
0.036556	0.915565
0.032924	0.947982
0.041882	1.041890
0.037244	1.029602
0.030814	0.927824
0.033633	1.203039
0.038586	0.928469
0.036640	1.084213
0.037511	0.962942
0.037239	0.905982
0.040951	1.003461
0.044224	1.075328
0.041654	0.990859
0.042689	1.042810
0.042218	1.009547
0.047743	1.173285
0.043589	1.035182
0.044438	1.067844
0.046583	1.072396
0.047681	1.218876
0.050057	1.277742
0.049242	1.299742
0.051937	1.332864
0.053662	1.421173
0.052646	1.363266
0.052197	1.327560
0.048271	1.251891
0.053917	1.408993
0.064462	1.491268
0.051452	1.311419
0.054616	1.419322
0.049451	1.272523
0.044691	1.193936
0.048912	1.267492
0.045681	1.170329
0.047050	1.217347
0.050695	1.294488
0.049619	1.249061
0.053232	1.345643
0.044523	1.147522
0.045525	1.188602
0.051754	1.288958
0.048426	1.225103
0.048319	1.197446
0.050745	1.255828
0.050334	1.253400
0.051570	1.304416
0.048732	1.169562
0.049076	1.168080
0.049990	1.192162
0.044774	1.136758
0.050643	1.236481
0.044804	1.086612
0.046708	1.159430
0.041448	1.033796
0.033890	0.692296
0.038967	0.911735
0.040009	0.965275
0.027476	0.710068
0.031082	0.736753
0.032568	0.808679
0.036337	0.923077
0.035759	0.905911
0.040157	0.992964
0.034577	0.843862
0.038639	0.911265
0.039436	0.926980
0.037560	0.862230
0.035525	0.858721
0.040195	0.986732
0.038963	0.964529
0.040321	0.974271
0.040860	1.014834
0.034951	0.851071
0.033062	0.788403
0.033507	0.873994
0.036296	1.002219
0.029292	0.839743
0.021192	0.881406
0.027017	0.654839
0.030501	0.887504
0.026888	0.782810
0.033297	1.039280
0.032924	0.900512
0.027490	0.727484
0.025363	0.771137
0.024954	0.644045
0.021197	0.565936
0.028535	0.704281
0.033142	0.903682
0.041255	1.090438
0.028138	0.787916
0.039118	1.076874
0.032530	1.061141
0.024813	0.816542
0.028743	0.923238
0.063706	2.095666
0.034001	1.092111
0.035220	1.138695
0.025860	0.960511
0.037027	1.238524
0.031631	1.005885
0.031120	1.147963
0.026068	1.049109
0.028842	1.074725
0.028013	1.059350
0.035008	1.246589
0.024356	0.941926
0.037692	1.299996
0.041427	1.408385
0.041635	1.388276
0.051709	1.680860
0.052788	1.730197
0.052421	1.713372
0.051019	1.591778
0.051775	1.621271
0.053709	1.678701
0.056042	1.982435
0.054971	1.682715
0.057243	1.770651
0.060306	1.803336
0.056778	1.689319
0.052590	1.573841
0.055145	1.625654
0.049309	1.434643
0.046134	1.337381
0.046112	1.351181
0.043241	1.270323
0.044665	1.313882
0.035401	1.072166
0.036605	1.096972
0.029508	0.899687
0.036546	1.408496
0.029081	0.892425
0.033983	1.036090
0.028736	0.888231
0.025045	0.852402
0.027664	0.905308
0.028400	0.886179
0.032148	0.950727
0.027496	0.859703
0.032686	0.941638
0.031455	0.918695
0.030116	0.856627
0.026604	0.810204
0.026700	0.790902
0.028590	0.854547
0.027357	0.709887
0.030320	0.863246
0.027314	0.758170
0.028140	0.828313
0.027944	0.860032
0.022135	0.601982
0.021732	0.682185
0.022627	0.604308
0.018639	0.534731
0.019497	0.595209
0.024898	0.894361
0.015537	0.499291
0.015316	0.516599
0.011926	0.445673
0.017318	0.492354
0.010977	0.418275
0.009012	0.391343
0.008570	0.363102
0.006390	0.404547
0.012994	0.482533
0.011899	0.371369
0.006236	0.394593
0.008062	0.327112
0.005536	0.365145
0.006435	0.446667
0.005143	0.451233
0.004780	0.330224
0.009637	0.704291
0.005869	0.356089
0.006188	0.346849
0.005684	0.443492
0.008511	0.432609
0.008926	0.518919
0.006137	0.391688
0.007123	0.407813
0.005054	0.379565
0.007298	0.505318
0.009905	0.543888
0.011827	0.578420
0.016335	0.431799
0.008221	0.533288
0.008230	0.580536
0.009885	0.556353
0.013499	0.637658
0.011301	0.593119
0.009652	0.531685
0.010707	0.602891
0.015322	0.731473
0.014773	0.695272
0.014545	0.709670
0.016594	0.741087
0.014839	0.669402
0.012855	0.603122
0.016349	0.721996
0.016576	0.761167
0.018404	0.709793
0.017143	0.648847
0.020508	0.773082
0.025343	0.761761
0.020720	0.692668
0.016297	0.709397
0.016815	0.593020
0.021119	1.288638
0.022486	0.789859
0.023008	0.768182
0.019606	0.778642
0.019506	0.773655
0.020963	0.764177
0.017070	0.716988
0.017653	0.739769
0.016716	0.639992
0.019241	0.786224
0.024099	0.977007
0.017659	0.882722
0.019284	0.949466
0.019707	1.030752
0.015009	1.033277
0.017000	1.093878
0.026654	1.318432
0.025574	1.323140
0.020611	1.236899
0.027409	1.032047
0.017717	1.144598
0.023179	1.349138
0.025899	1.426072
0.026548	1.374662
0.023602	1.354403
0.024934	1.408264
0.022066	1.367757
0.026787	1.473844
0.023920	1.485766
0.026430	1.416490
0.026964	1.425620
0.026901	1.434602
0.020057	1.068681
0.024496	1.263887
0.027615	1.386964
0.024479	1.250700
0.019336	1.244081
0.020599	1.195783
0.021137	1.292822
0.021195	1.258145
0.019242	1.144801
0.021259	1.225305
0.018623	1.172671
0.023847	1.270416
0.022262	1.225882
0.023307	1.263794
0.024479	1.308069
0.019719	1.161906
0.020760	1.037338
0.021482	1.144081
0.014362	0.909784
0.018778	1.063535
0.019012	1.039265
0.021794	1.141114
0.021194	1.064434
0.016972	0.975080
0.012397	0.871330
0.019424	0.932844
0.016675	0.821189
0.016548	0.910909
0.015594	0.820604
0.017305	0.899162
0.018798	0.955309
0.018716	0.850064
0.018437	0.919492
0.019225	0.892674
0.020400	0.993583
0.018088	0.890442
0.018595	0.961214
0.016588	0.882096
0.020710	0.990466
0.012550	1.095796
0.018268	0.903102
0.021482	1.060049
0.019983	0.807585
0.019266	0.842524
