0.021377	1.044411
0.029337	1.079476
0.029468	0.941088
0.026720	1.073932
0.022218	0.916511
0.027265	1.131286
0.016373	0.914501
0.013388	0.830559
0.020106	1.010025
0.018261	0.955746
0.022162	0.827223
0.013406	0.807152
0.024759	0.950014
0.015735	0.953112
0.015168	0.988508
0.019186	0.949772
0.017632	0.938915
0.013915	0.900703
0.030176	0.968650
0.014392	0.858291
0.026435	1.021718
0.017541	1.079166
0.017171	0.904626
0.015814	0.883455
0.010889	0.872116
0.018296	0.839793
0.020705	0.946139
0.023359	1.175887
0.022422	1.056992
0.034812	1.230942
0.037305	1.357726
0.026635	1.029850
0.040381	1.598096
0.037002	1.497935
0.056127	1.765144
0.106641	2.652536
0.087732	2.253697
0.124225	2.881706
0.122397	2.765589
0.123940	2.838309
0.178839	3.538185
0.194141	3.974070
0.211755	4.171114
0.225673	4.511676
0.195718	4.310772
0.191841	4.313381
0.142393	4.028661
0.196081	4.741850
0.186126	4.336059
0.225724	4.475097
0.193254	4.792399
0.152898	3.553756
0.166209	4.210433
0.158787	3.392735
0.216191	4.273169
0.153008	4.496994
0.166989	3.719334
0.191938	4.302378
0.192415	4.403784
0.192289	4.326761
0.225304	4.814995
0.256742	5.141695
0.260929	5.272142
0.269087	5.438784
0.214951	4.940088
0.299018	6.164548
0.261015	5.652858
0.286002	6.072182
0.341202	6.998847
0.277256	7.088046
0.313864	7.346651
0.253169	7.037837
0.295522	7.811362
0.319098	8.252328
0.325996	8.110947
0.361130	8.492746
0.300134	7.956661
0.193134	7.304738
0.139802	6.898485
0.167634	7.498309
0.197421	7.611868
0.113199	6.711629
0.113704	6.705460
0.123879	6.793800
0.158388	7.992410
0.765078	2.902497
0.987159	2.250919
0.211362	6.639290
0.162819	6.018026
0.096501	5.892992
0.245875	5.802041
0.241082	5.617103
1.178991	2.133473
0.678714	3.742412
1.136539	2.561233
3.127278	11.152323
2.700772	9.242973
3.778571	13.062787
1.872952	5.633684
1.872928	5.633822
3.655146	14.284442
4.610425	179.999991
1.609463	4.319094
3.151514	13.790006
3.814716	180.000005
1.952196	7.280325
1.951980	7.391309
4.388399	179.999991
4.346335	179.999991
2.442926	8.935283
2.564404	9.948620
2.591367	11.040448
4.294920	179.999991
4.299365	180.000005
4.027358	179.999991
3.959393	180.000005
4.312851	179.999991
4.407841	179.999991
4.378360	179.999991
4.509225	179.999991
4.509861	179.999991
4.431048	180.000005
4.538126	179.999991
4.580770	180.000005
4.630911	179.999991
4.182707	8.355446
3.875888	12.853208
4.523841	180.000005
4.687133	179.999991
4.687211	179.999991
4.399377	16.269775
4.708545	179.999991
4.533537	20.103175
4.943069	164.430124
4.682523	24.803210
5.266227	179.999991
5.265992	180.000005
4.950886	36.024320
4.816483	32.103668
4.933792	37.510207
4.941796	41.256706
5.245631	48.313524
5.367636	158.384137
5.182048	159.370525
5.306558	179.999991
5.177690	179.999991
5.176574	94.676264
5.329576	179.999991
5.166724	44.744952
5.240957	43.624015
5.360407	180.000005
5.209187	42.955353
5.221831	48.294744
5.170357	49.030551
5.204360	55.844125
5.166213	93.191005
5.283500	162.242346
5.454169	180.000005
5.344778	63.754502
5.320444	94.162955
5.250570	53.391206
5.034190	179.999991
5.070056	33.758992
4.978416	30.183340
5.226477	179.999991
5.178076	30.785452
5.158049	30.880330
5.262427	30.822304
5.041152	28.206856
5.179391	31.382779
5.597013	34.350101
5.278871	33.930788
4.823180	31.227816
0.080101	1.935618
0.064992	2.123189
0.079164	2.336574
0.090097	1.992849
0.050923	1.336410
0.040962	1.416796
0.065609	1.480782
0.043818	0.942770
0.050702	1.157003
0.033383	1.073074
0.022700	0.715225
0.038881	0.938120
0.016074	1.023863
0.016591	0.781969
0.029420	0.965727
0.020232	1.066838
0.019075	0.751627
0.022032	0.920062
0.036111	0.628765
0.032813	0.446304
0.014409	1.047729
0.010355	1.127079
0.019267	1.003299
0.019254	0.803785
0.020805	0.886587
0.016733	0.852565
0.016681	0.828968
0.031359	0.916736
0.021189	0.876867
0.021635	0.767305
0.025643	0.875389
0.021371	0.716797
0.017115	0.722468
0.027971	0.992734
0.027904	1.030382
0.017981	0.839128
0.023243	0.985318
0.021490	0.725092
0.020009	0.918809
0.019016	0.736357
0.015120	0.516599
0.028132	0.361563
0.017224	0.545867
0.017569	0.643446
0.011321	0.506227
0.019503	0.597056
0.010305	0.517765
0.026958	0.698656
0.037216	0.749468
0.030375	0.749327
0.050933	0.933275
0.042756	1.469559
0.038788	1.343053
0.037880	0.821906
0.045148	0.773076
0.035581	0.688182
0.023328	0.581881
0.025399	0.583528
0.029903	0.617459
0.032482	0.726383
0.041655	0.926712
0.039891	0.799304
0.032026	0.717177
0.026588	0.677253
0.026814	0.605319
0.027705	0.703423
0.023416	0.502192
0.019563	0.509500
0.029332	0.597639
0.034260	0.966692
0.051207	1.125113
0.040560	0.838600
0.033204	0.693412
0.035005	0.778469
0.027306	0.589653
0.036938	0.874771
0.025456	0.553253
0.032683	0.726169
0.045594	0.911365
0.029378	0.670245
0.038295	0.711898
0.039082	0.800815
0.053329	0.872810
0.034069	0.787233
0.070355	1.227419
0.052744	0.761667
0.045466	0.899054
0.032897	0.708289
0.028752	0.728972
0.049643	0.804667
0.047234	0.654134
0.036277	0.682241
0.028742	0.464679
0.070455	0.631013
0.053398	0.579518
0.033189	0.524990
0.049365	0.578510
0.062481	0.858405
0.101734	0.933075
0.090483	0.883905
0.105379	0.949178
0.145609	0.956844
0.128587	0.950439
0.082263	0.956718
0.080562	0.823944
0.063886	0.571799
0.074631	0.849183
0.071517	1.166812
0.074172	0.667364
0.053266	0.599045
0.053532	0.422012
0.079598	0.785598
0.070697	0.239237
0.052869	0.397849
0.092518	0.388002
0.089120	0.277664
0.101621	0.455798
0.091123	0.349336
0.062673	0.310796
0.060016	0.234633
0.053779	0.445500
0.061357	0.561418
0.074861	0.450696
0.095637	1.698544
0.053951	0.550377
0.052648	0.701373
0.057723	0.501034
0.050830	0.539466
0.070837	0.502278
0.082935	0.340531
0.065248	0.411004
0.068358	0.312568
0.054408	0.325772
0.059019	0.387605
0.049535	0.483439
0.047576	0.437494
0.051463	0.419650
0.074337	0.423084
0.080771	1.002916
0.109915	0.872015
0.095325	0.802803
0.077632	0.728728
0.083066	0.912413
0.090249	0.725371
0.076596	0.718660
0.103087	0.901319
0.113620	0.824586
0.072944	0.739341
0.107446	0.933095
0.106629	0.799519
0.158350	0.368787
0.181123	0.723368
0.164816	0.848842
0.220018	0.849907
0.176644	0.850276
0.225402	0.674886
0.211439	0.421880
0.169832	0.618278
0.146721	0.279598
0.227162	0.987096
0.245193	0.709471
0.204495	0.944566
0.184380	0.627564
0.196555	0.614642
0.198293	0.887370
0.236512	0.939810
0.230958	0.382211
0.175772	0.469994
0.160700	1.043352
0.087093	0.771273
0.140821	0.669473
0.050844	0.822211
0.047120	1.051446
0.054593	0.671803
0.019956	0.970235
0.019907	0.961673
0.009564	1.054039
0.027891	1.094444
0.005474	1.056362
0.036233	1.059829
0.030501	0.929345
0.055698	1.161051
0.031282	0.967661
0.044316	0.977820
0.043872	0.967275
0.043262	1.069944
0.016017	0.901126
0.063145	0.814039
0.037910	1.082996
0.027191	0.770598
0.032486	0.911579
0.027396	0.788050
0.029560	0.895559
0.044507	0.976089
0.045041	0.999306
0.029761	0.997985
0.033685	0.903864
0.026274	1.005706
0.027644	1.012702
0.038588	1.120033
0.039244	1.145189
0.019842	0.919114
0.030361	1.244242
0.025738	1.262865
0.024060	1.234283
0.024391	1.287291
0.022505	1.230233
0.031771	0.835563
0.044493	1.227921
0.039498	0.993956
0.039078	1.022729
0.031984	1.148839
0.038940	1.286313
0.036090	1.204456
0.039465	0.931112
0.040149	1.161374
0.036709	1.343576
0.035804	1.193724
0.036112	1.224234
0.060946	1.056385
0.040681	1.066338
0.041706	1.249748
0.075538	1.219640
0.057558	1.251479
0.061347	1.168200
0.072419	1.131705
0.062857	1.221556
0.063443	1.242748
0.065522	1.249355
0.035730	1.464370
0.061142	1.709651
0.067944	1.124011
0.069548	1.035944
0.074484	1.348498
0.066095	1.597238
0.060885	1.708809
0.059823	1.435537
0.059493	1.420535
0.059236	1.200272
0.061789	1.601547
0.061153	1.094638
0.045521	1.366322
0.075641	1.292113
0.077379	1.126731
0.066118	1.161150
0.077462	1.039679
0.064774	0.980804
0.054347	1.152445
0.066777	1.418843
0.065061	1.137394
0.055649	1.067466
0.077009	1.006566
0.077961	1.162355
0.068142	1.100883
0.064681	1.207147
0.068004	1.298626
0.052002	1.087980
0.067166	0.943594
0.073809	1.073573
0.068922	1.137612
0.079418	1.105515
0.066235	1.190059
0.072330	1.220498
0.060393	1.068871
0.059193	1.131446
0.066468	1.229060
0.064249	1.247422
0.059516	0.893491
0.078121	1.153298
0.081998	1.071202
0.081895	1.112589
0.067303	0.888594
0.085484	1.010216
0.086429	0.859503
0.091029	0.909259
0.063997	0.906930
0.073545	0.946287
0.094889	0.921793
0.101471	0.976302
0.105067	0.975916
0.075844	0.902858
0.103514	0.972970
0.084726	1.042061
0.095434	0.914623
0.103603	0.961607
0.130277	1.211957
0.105798	1.055236
0.107702	0.927332
0.103365	0.952577
0.094644	0.914707
0.089150	0.766723
0.095603	1.022360
0.104205	0.877671
0.104698	1.112795
0.122749	1.159261
0.131901	1.168027
0.137258	1.190701
0.130817	1.224908
0.104987	0.927954
0.110096	1.116603
0.114668	1.148316
0.121017	1.457389
0.112449	1.190743
0.104843	1.080742
0.127584	1.116874
0.126970	1.181412
0.121136	1.528109
0.092681	1.340494
0.120509	1.316871
0.113971	1.276687
0.121843	1.519431
0.111506	1.385342
0.102856	1.421497
0.112527	1.474111
0.116346	1.208331
0.106589	1.197396
0.117106	1.479977
0.103406	1.225842
0.107248	1.337764
0.090425	1.035514
0.090840	1.013877
0.091012	0.652613
0.081401	0.444643
0.093900	0.899866
0.094045	0.898495
0.054503	0.597847
0.057346	0.835479
0.051572	0.614728
0.049962	0.765819
0.044001	0.781668
0.042554	0.707504
0.033330	0.773207
0.021560	0.679932
0.033695	0.831839
0.033193	0.863246
0.027436	0.753935
0.064307	0.928712
0.026509	0.969761
0.044142	0.940922
0.027999	0.878908
0.028335	0.894416
0.028009	1.068442
0.028525	1.481070
0.030226	1.341898
0.022950	1.208409
0.029346	1.212829
0.030732	1.216014
0.029417	1.134225
0.038346	1.628866
0.032962	1.480852
0.028947	1.442679
0.063383	2.129318
0.091001	2.667856
0.035393	1.574601
0.088105	2.120757
0.140447	3.283236
0.132722	2.970552
0.088275	2.792091
0.100490	2.608802
0.113266	2.660648
0.127763	3.035528
0.089588	2.308249
0.066895	2.092267
0.151169	3.344134
0.133327	2.721329
0.167825	3.476310
0.164927	3.393074
0.164319	3.414895
0.155023	3.385502
0.161393	3.611486
0.193759	3.929671
0.170498	4.185837
0.148034	3.489347
0.133448	3.329138
0.140303	2.969565
0.138310	2.940680
0.148669	3.192629
0.109268	2.976467
0.143786	3.175739
0.121665	2.798870
0.099110	2.414497
0.129872	2.910768
0.106561	2.844354
0.149011	3.035748
0.136112	2.314231
0.102045	2.160075
0.124848	2.262321
0.091027	1.623146
0.107396	1.717625
0.085311	1.776382
0.107218	1.770021
0.102503	1.432989
0.083462	1.480454
0.092741	1.506419
0.099209	1.512439
0.098825	1.592897
0.094762	1.680876
0.113432	1.563804
0.088567	1.493257
0.129017	2.145092
0.132174	1.897864
0.117381	1.862655
0.138264	2.069365
0.140658	2.030883
0.138464	2.219188
0.132672	2.199411
0.143198	2.401510
0.164540	2.742253
0.149872	2.761875
0.138567	2.419046
0.132748	2.378624
0.153572	2.588069
0.142398	2.456493
0.122724	2.411969
0.120483	2.581098
0.149905	2.730353
0.088258	2.044681
0.102816	2.748634
0.082223	2.378952
0.093316	2.064029
0.093911	2.064895
0.071619	1.919612
0.069474	1.672472
0.052857	1.491411
0.054493	1.379059
0.036533	0.848486
0.037744	0.923245
0.044478	0.795976
0.046281	0.657634
0.041789	0.927908
0.024349	0.599164
0.038874	0.851303
0.047102	0.879720
0.053606	0.600556
0.061662	0.599632
0.069864	0.185704
0.064548	0.305525
0.066011	0.637518
0.083649	0.158800
0.081466	0.604009
0.098693	0.975830
0.101220	1.962193
0.064279	0.762213
0.058957	1.187297
0.069790	1.257439
0.083710	0.519630
0.087006	1.036734
0.088393	1.040859
0.096205	0.988193
0.095802	1.170172
0.115175	0.951074
0.134278	1.455623
0.186604	1.328940
0.151120	1.428602
0.150784	1.421575
0.246708	1.786054
0.398871	1.919418
0.390408	2.438923
0.839838	4.382280
0.839995	4.378390
0.606371	3.771826
0.978449	5.993290
1.849675	12.029913
1.532902	9.863285
1.420398	9.134194
1.420818	9.142155
1.193790	8.076879
1.343030	8.942956
1.214656	8.337790
1.293077	8.903189
0.887393	6.133275
0.887369	6.141059
0.706176	4.452766
0.790252	5.162450
0.392696	2.687451
0.544422	3.821138
0.520638	3.668256
0.568682	4.425010
0.554557	3.725351
0.452867	2.796786
0.355460	2.199658
0.333201	2.144600
0.282913	1.780294
0.223029	1.676729
0.267709	1.860069
0.267748	1.855981
0.249010	1.786003
0.177783	1.367874
0.147780	1.180707
0.204867	1.166451
0.152744	1.105343
0.119144	0.877658
0.070814	0.573234
0.049272	0.871528
0.028902	0.780594
0.026177	0.749391
0.014538	0.655460
0.004575	0.696045
0.009949	0.660351
0.015699	0.671822
0.014112	0.515987
0.014635	0.570827
0.010029	0.483148
0.018495	0.857089
0.029214	0.331187
0.013597	0.410343
0.012772	0.335222
0.020254	0.690303
0.028518	0.986047
0.026293	0.658833
0.020048	0.587183
0.024648	0.657799
0.025133	0.845591
0.034273	1.073046
0.026634	1.038510
0.026782	1.011421
0.020035	0.878542
0.018807	0.786184
0.025956	0.786774
0.029214	0.587051
0.027713	0.737639
0.033611	0.816172
0.024161	0.664908
0.024152	0.547470
0.024025	0.348777
0.028155	0.495438
0.032506	0.621999
0.019114	0.604051
0.029718	0.620240
0.038022	0.495312
0.039588	0.787658
0.025639	0.713858
0.044141	0.975548
0.036915	0.676864
0.039104	0.978598
0.052025	0.888205
0.042749	0.913899
0.045054	0.640157
0.058220	1.073782
0.034399	1.164178
0.022827	0.916779
0.024595	1.074563
0.034504	1.224646
0.029349	1.104783
0.033854	1.248106
0.020788	1.320589
0.029383	1.604410
0.039347	1.461893
0.039139	1.601017
0.024967	1.454573
0.038745	1.616759
0.033999	1.306175
0.046264	1.143601
0.052464	1.236834
0.042856	1.013170
0.033152	1.194458
0.019957	1.248715
0.025885	1.082954
0.030475	1.191735
0.029398	1.378338
0.033113	1.176722
0.030686	1.036524
0.028627	0.945388
0.018319	1.007080
0.015988	0.861543
0.024068	1.333290
0.027010	0.878814
0.026943	0.846142
0.023410	1.483404
0.022777	1.184530
0.029161	1.240878
0.026230	1.470363
0.027578	1.301195
0.031290	1.441905
0.039141	1.250316
0.029967	1.152692
0.035198	1.422305
0.034649	1.542517
0.034864	1.142134
0.039951	1.819068
0.045255	2.059746
0.050319	2.249330
0.043617	1.834324
0.025256	1.152861
0.059364	2.158559
0.035749	1.762976
0.060350	2.298276
0.034147	1.940742
0.031454	1.189775
0.040841	1.784256
0.031518	1.963718
0.043770	2.430354
0.043084	2.052354
0.037656	1.807754
0.040217	1.279924
0.037368	1.491896
0.026169	1.689610
0.029984	1.584324
0.043612	1.642607
0.044712	1.790596
0.025900	1.917492
0.070689	1.775852
0.019184	2.164685
0.041572	1.379764
0.026497	1.869696
0.016388	1.773878
0.072759	2.549581
0.089732	2.458960
0.123134	2.758108
0.034620	2.057513
0.015233	1.898148
0.014392	2.043300
0.046709	2.345179
0.014043	2.019297
0.029282	1.711455
0.033713	1.572714
0.116729	2.397929
0.149595	2.459290
0.076292	2.231754
0.095068	2.687895
0.084836	2.551312
0.048828	1.479413
0.032665	1.857839
0.059845	2.104580
0.060490	2.145631
0.054156	2.543409
0.061231	2.044152
0.127787	1.766577
0.088403	2.143953
0.130660	2.018462
0.130697	1.949319
0.149210	1.719902
0.068549	2.763499
0.443152	2.851772
0.372849	2.652686
0.365050	2.484171
0.381574	2.533619
0.159035	3.848477
0.491223	3.707545
0.612954	4.624559
0.709885	4.785155
0.711779	5.281540
0.708618	5.053281
0.853795	5.792295
1.102324	7.822342
0.961903	6.714117
0.837517	6.270406
0.836430	6.229988
1.133094	7.725081
1.283586	9.304649
1.130170	8.068479
1.667598	11.865761
1.673070	11.869444
1.597217	11.100317
1.098951	7.833136
1.285953	9.081043
1.558556	11.137597
1.562703	11.092115
1.589567	11.110750
1.085476	7.510065
1.386754	9.546362
1.049818	7.393182
1.057608	7.477191
0.934941	6.214105
0.581074	3.855596
0.352783	2.358881
0.296090	2.060563
0.295912	2.057148
0.319687	2.387308
0.476460	3.351389
0.096599	1.124728
0.193906	1.247437
0.123141	1.381002
0.123100	1.387392
0.134426	1.460170
0.156133	1.515432
0.161782	1.659815
0.181238	1.704917
0.139754	1.426994
0.140783	1.340092
0.113243	1.323142
0.122383	1.393723
0.096410	1.134142
0.106378	1.166208
0.108185	1.249988
0.132833	1.199040
0.115425	1.108529
0.115529	1.089516
0.137034	1.258552
0.125887	1.282939
0.114716	0.998214
0.113885	0.988419
0.115277	1.339753
0.117852	1.274288
1.819632	8.478894
0.831271	15.184994
0.830140	15.155421
0.367665	4.794996
0.200099	3.352008
0.425707	6.449681
0.594800	12.614296
0.264818	3.973203
0.265068	3.975912
0.162243	2.780585
0.463657	7.943811
1.524845	14.134050
0.339105	2.855692
0.339060	2.850709
0.222282	4.975088
1.829957	16.751961
0.679658	5.433617
0.487757	6.312219
0.481295	6.152712
0.642701	10.170488
0.869275	7.801458
1.261952	11.006679
0.154942	2.478872
0.168019	3.867113
0.167767	3.854651
0.145166	3.586365
0.519196	8.328664
0.139124	2.545091
0.110816	3.075106
0.111285	3.062036
0.106054	3.424397
0.104184	3.553399
0.064704	2.747850
0.133051	4.299448
0.132713	4.297297
0.061201	2.335619
0.037588	1.359956
0.049505	1.602845
0.104445	1.293225
0.150671	2.391367
0.151075	2.401022
0.125515	1.260697
0.133772	1.722605
0.127842	1.882282
0.058238	2.615772
0.058311	2.614325
0.032904	1.354292
0.046275	1.832163
0.027271	0.831628
0.027606	0.860979
0.030881	1.621533
0.081564	2.825560
0.081725	3.827529
0.094226	3.935448
0.094074	3.930356
0.140653	2.436135
0.082992	4.819047
0.078743	4.236843
0.087910	4.781937
0.083704	3.465462
0.088857	4.453721
0.079055	4.622963
0.097809	4.057648
0.097706	4.059205
0.093702	4.681300
0.105352	4.856606
0.122572	4.623828
0.173434	5.021850
0.181909	4.557005
0.181785	4.561430
0.803974	7.892142
0.202023	5.836931
0.201890	5.840099
2.548918	26.337003
2.953465	31.091315
0.353423	5.686142
1.969225	19.881422
1.968647	19.868891
2.359636	25.251600
3.868044	44.877372
0.587145	7.027803
3.553682	40.011084
3.553969	40.008632
3.644992	179.999991
3.686479	179.999991
3.671593	179.999991
3.593930	180.000005
3.456801	179.999991
3.522620	179.999991
3.565320	179.999991
3.556437	179.999991
3.516903	179.999991
3.512934	180.000005
3.497983	154.525107
3.662165	180.000005
3.652309	179.999991
3.626167	179.999991
3.667648	179.999991
3.709051	179.999991
3.631844	180.000005
3.645087	179.999991
3.644905	179.999991
3.546350	179.999991
3.592997	180.000005
3.662669	180.000005
3.627750	179.999991
3.587239	180.000005
3.569006	179.999991
3.535563	148.950361
3.629451	179.999991
3.514378	179.999991
3.483132	179.999991
3.550526	179.999991
3.533350	180.000005
3.577733	179.999991
3.493633	179.999991
3.494963	179.999991
3.541893	180.000005
3.457746	179.999991
3.550939	180.000005
3.442991	179.999991
3.489473	179.999991
3.486840	180.000005
3.484605	150.314213
3.537309	179.999991
3.466307	180.000005
3.544189	179.999991
3.468035	179.999991
3.494123	180.000005
3.512823	179.999991
3.502249	179.999991
3.478255	179.999991
4.289650	39.182272
0.023132	0.297832
0.029726	0.102907
0.028778	0.086314
0.035415	0.361603
0.026622	0.058175
0.023186	0.182840
0.039028	0.286475
0.038844	0.296907
0.039891	0.247556
0.043009	0.325373
0.040564	0.312852
0.043633	0.370438
0.037446	0.300075
0.038446	0.300724
0.043647	0.474935
0.035194	0.180799
0.021126	0.155975
0.023444	0.061402
0.016678	1.434539
0.007365	0.415251
0.007659	0.258570
0.008243	0.384675
0.009688	0.429964
0.008308	0.519165
0.005632	0.326037
0.008790	0.274602
0.005478	0.291993
0.011002	0.506863
0.011116	0.590955
0.012238	0.481660
0.018725	0.687714
0.011783	0.473221
0.013652	0.505953
0.011124	0.439724
0.020659	0.220961
0.010625	0.335964
0.012000	0.361299
0.019417	0.461148
0.016608	0.492379
0.020325	0.505419
0.024514	0.523235
0.014430	0.399580
0.021495	0.482055
0.017611	0.427940
0.022774	0.535328
0.021346	0.629583
0.022241	0.649364
0.014046	0.695209
0.017011	0.759122
0.016809	0.716394
0.022959	0.620461
0.024157	0.747519
0.022988	0.683729
0.017247	0.615169
0.025785	0.705752
0.026016	0.527650
0.027481	0.611187
0.033832	0.732666
0.027199	0.666154
0.018423	0.552532
0.017729	0.529574
0.012130	0.406715
0.011902	0.504481
0.024331	0.583206
0.024974	0.594351
0.018387	0.656819
0.021069	0.698978
0.033683	0.965874
0.026938	0.791322
0.015928	0.637223
0.010330	0.650678
0.027830	1.107861
0.012000	0.676625
0.009014	0.477644
0.024179	1.118607
0.008863	0.356054
0.009301	0.260887
0.015571	0.282401
0.017287	0.188450
0.021972	0.280948
0.028564	0.397181
0.026637	0.227729
0.017198	0.252866
0.022711	0.244223
0.018519	0.261102
0.020827	0.293070
0.026134	0.139995
0.018418	0.353990
0.021751	0.262317
0.022074	0.198254
0.022525	0.363805
0.012406	0.593919
0.024182	0.378428
0.014039	0.728042
0.018934	0.657557
0.032131	0.816685
0.040727	0.550938
0.030735	0.626034
0.041259	0.329965
0.039718	1.296222
0.045537	1.374262
0.041191	1.143284
0.033130	0.756295
0.040944	0.766101
0.046497	2.021836
0.028027	1.695980
0.030118	2.062912
0.029201	2.190648
0.030126	1.475921
0.026318	1.630160
0.032992	1.506498
0.029288	2.224031
0.038510	2.121178
0.068571	2.581107
0.067139	2.537513
0.040736	2.377450
0.032741	2.603574
0.045794	2.366451
0.039374	2.321621
0.053427	2.370233
0.067272	2.554433
0.104895	2.881127
0.074968	2.345293
0.090667	3.398334
0.064281	3.217636
0.079738	3.416639
0.084220	3.167175
0.114350	4.456749
0.156943	4.250884
0.196681	6.194577
0.268131	4.526699
0.246181	5.535734
0.356963	5.768575
0.199891	4.722841
0.239692	5.797906
0.234350	5.153888
0.157149	4.132079
0.515582	5.872005
0.599436	6.961647
0.195765	7.819583
1.040941	13.039626
0.161214	5.865617
0.283642	8.543480
2.564941	179.999991
2.335642	180.000005
2.304391	179.999991
2.969701	38.709394
3.042823	39.547560
3.021948	37.723869
1.209556	16.088726
0.730494	9.448572
2.560740	32.329635
2.849026	35.509426
2.451788	30.717205
2.812319	35.440991
2.794606	34.691388
2.623246	33.514396
2.811798	35.668112
2.996454	37.833429
3.014831	38.744473
2.924103	37.479191
2.830722	36.047198
0.484559	6.498616
2.311285	30.824647
1.938971	25.843834
1.421339	18.855652
2.159404	28.831089
1.457523	19.640122
0.782053	10.983036
0.768811	10.539852
1.008499	13.730711
1.222977	16.710223
0.774294	10.483219
1.024048	14.324286
0.389289	5.823308
0.418066	5.693498
0.366112	4.818780
0.252808	3.284048
0.206885	2.636385
0.090073	1.442935
0.105160	1.361698
0.076812	1.178200
0.057906	1.204862
0.037210	0.956680
0.014319	0.721659
0.016313	0.500326
0.012016	0.492673
0.009880	0.549317
0.020436	0.512638
0.011603	0.484466
0.017324	0.474167
0.011429	0.460953
0.011868	0.636611
0.016894	0.482723
0.020722	0.432019
0.015112	0.399364
0.014281	0.645590
0.032452	0.532780
0.031229	0.571131
0.032212	0.570090
0.039889	0.599297
0.035698	0.513703
0.040559	0.489855
0.027854	0.385979
0.027802	0.748099
0.020023	0.385326
0.029148	0.305196
0.029341	0.272076
0.028554	0.370147
0.030411	0.386618
0.034006	0.412457
0.028934	0.312437
0.026355	0.372572
0.023731	0.336931
0.035124	0.254462
0.035940	0.350502
0.036167	0.404812
0.029737	0.389150
0.032092	0.805900
0.026633	0.514666
0.024944	0.529775
0.033843	0.797302
0.029571	0.640580
0.040050	0.935157
0.053534	1.148154
0.034553	0.975438
0.056912	1.289894
0.043301	1.266133
0.044506	1.327794
0.046826	1.347268
0.040665	1.343145
0.042408	1.126163
0.037076	1.252426
0.053324	1.113602
0.045686	1.193747
0.049417	1.065338
0.052153	1.192912
0.058749	1.363039
0.049343	0.893843
0.043540	1.421041
0.046878	1.385935
0.050876	1.243832
0.052375	1.553275
0.077295	2.548414
0.074869	1.989952
0.082315	2.281465
0.082312	2.249977
0.085008	2.427542
0.101285	2.658151
0.104254	2.625085
0.090748	2.207383
0.070884	1.946260
0.062317	1.746095
0.057778	1.608791
0.058193	1.602526
0.057273	1.535301
0.049724	1.642948
0.047282	1.829757
0.052728	1.699765
0.041684	1.395530
0.037395	1.317214
0.051357	1.631042
0.046962	1.190511
0.056726	1.317090
0.061435	1.355728
0.051241	0.883762
0.046508	1.103466
0.057045	1.236407
0.061059	1.037585
0.061232	0.898517
0.044168	0.832580
0.057325	0.657663
0.056067	0.541994
0.045270	0.708124
0.038559	0.532164
0.047596	0.502696
0.064429	0.725349
0.051355	0.394587
0.045588	0.381050
0.025892	0.109965
0.022831	0.340048
0.018167	0.371225
0.021775	0.422813
0.008896	0.343385
0.016657	0.316536
0.024640	0.664492
0.022024	0.444854
0.016049	0.299253
0.014944	0.241887
0.015886	0.407069
0.021220	0.442972
0.007512	0.508882
0.013207	0.558538
0.011460	0.549062
0.013216	0.485837
0.009609	0.461648
0.009803	0.443243
0.007946	0.474338
0.009868	0.511911
0.004522	0.530063
0.012038	0.594080
0.022971	0.461691
0.017327	0.579510
0.020807	0.356426
0.012089	0.366025
0.019551	0.377347
0.016025	0.468376
0.015399	0.709108
0.011521	0.655365
0.016111	0.421030
0.015393	0.389066
0.013355	0.431654
0.012734	0.392465
0.015657	0.718766
0.016242	0.660442
0.016876	0.632609
0.020891	0.770823
0.016759	0.670080
0.016512	0.699053
0.020944	0.784951
0.015383	0.596472
0.019736	0.634559
0.023250	0.565877
0.028246	0.924518
0.020787	0.802539
0.023598	0.689211
0.021095	0.695347
0.015066	0.657869
0.015313	0.670755
0.019654	0.814096
0.014523	0.638825
0.008733	0.488623
0.009343	0.715578
0.009264	0.715276
0.010644	0.547654
0.006317	0.662313
0.010082	0.623533
0.008476	0.357173
0.008296	0.364309
0.009002	0.471897
0.004020	0.781800
0.008884	0.747311
0.023371	0.472480
0.009700	0.731405
0.005408	0.738494
0.004439	0.844951
0.019510	1.043308
0.007570	0.896368
0.006505	0.855297
0.004060	0.801978
0.012947	0.781654
0.012953	0.781958
0.021511	0.682046
0.011393	0.610862
0.007499	0.600904
0.003631	0.734306
0.016620	1.391963
0.016283	1.347425
0.009246	0.805039
0.011387	0.634969
0.015816	0.624418
0.015058	0.602610
0.015107	0.639391
0.021721	0.715016
0.028091	0.726426
0.027840	0.713519
0.024236	0.542804
0.024479	0.606227
0.021273	0.465599
0.015703	0.396260
0.020985	0.428643
0.021586	0.560678
0.016600	0.403925
0.018773	0.421887
0.019078	0.422936
0.022329	0.387552
0.020401	0.257560
0.022779	0.286877
0.026193	0.306353
0.021928	0.249717
0.021543	0.304860
0.022033	0.308566
0.023037	0.495273
0.020317	0.349794
0.017412	0.200431
0.016822	0.364117
0.025694	0.574051
0.021318	0.450113
0.013577	0.158580
0.019480	0.330175
0.017589	0.593832
0.019412	0.439073
0.021361	0.378642
0.023362	0.309071
0.019859	0.364077
0.026978	0.565783
0.024572	0.453936
0.036561	0.553048
0.037986	0.500346
0.035554	0.248175
0.045311	0.429970
0.044786	1.161786
0.018113	0.346898
0.019686	0.324243
0.031607	0.308128
0.038596	0.319984
0.025043	0.356823
0.049942	0.643616
0.044664	0.561559
0.067249	0.651606
0.037299	0.714694
0.046823	0.955301
0.044702	0.811184
0.038608	0.859779
0.043463	0.697812
0.051510	0.690568
0.038414	0.689015
0.032982	0.730452
0.038594	0.900041
0.025458	1.004031
0.031258	0.905756
0.034981	1.069748
0.030557	1.044031
0.038293	1.227950
0.052051	1.371347
0.054812	1.209838
0.039207	1.079275
0.038526	0.969307
0.048022	1.388154
0.062127	1.499184
0.029050	1.267620
0.049867	1.376346
0.040861	1.365556
0.036458	1.090373
0.039324	1.286314
0.054587	1.468861
0.029677	1.373723
0.044162	1.294837
0.054216	1.387631
0.054193	1.451379
0.040241	1.190000
0.046452	1.537114
0.036162	1.408071
0.041617	1.369502
0.035164	1.186679
0.043976	1.245230
0.037746	1.241059
0.031367	1.138427
0.039356	1.335483
0.036308	1.228998
0.035249	1.052271
0.099092	0.706338
0.091021	0.771955
0.082549	0.809632
0.073337	0.979407
0.079381	1.132812
0.079528	0.878492
0.078526	0.712889
0.067784	0.576799
0.087351	0.737721
0.055058	0.739476
0.097280	0.650371
0.080093	0.664987
0.073049	0.627413
0.072760	0.612993
0.075639	0.657988
0.074226	0.682747
0.082441	0.619716
0.063806	0.821353
0.086760	0.692858
0.082894	0.765988
0.044755	0.707634
0.045130	0.509309
0.072092	1.780170
0.037653	0.715238
0.031189	0.668501
0.030626	0.679209
0.067277	1.661447
0.059769	0.975049
0.063464	1.070846
0.067592	1.024484
0.085138	1.974330
0.074988	1.330183
0.049286	1.060774
0.036202	1.011571
0.046139	0.960660
0.037096	0.544282
0.036588	0.552520
0.045301	0.833820
0.048404	0.753284
0.055711	0.798142
0.075323	1.002619
0.056228	0.588046
0.076970	1.151205
0.086770	1.206948
0.101604	1.267668
0.073582	1.033945
0.062950	0.333281
0.076834	1.067595
0.091278	1.220019
0.066331	1.007905
0.086335	0.316639
0.103166	1.376657
0.093485	1.135420
0.081559	1.023167
0.069454	1.068798
0.064357	0.952881
0.052356	0.828426
0.052215	0.824885
0.065918	1.127739
0.068351	1.154921
0.077126	1.318817
0.083429	1.314748
0.064859	1.023387
0.029165	0.690675
0.036754	0.937921
0.040113	1.090687
0.040507	1.046615
0.031670	0.944880
0.023980	0.841298
0.024725	0.926691
0.014724	0.828093
0.020567	0.898965
0.027536	0.988628
0.026929	0.989606
0.025196	0.887088
0.014945	0.788989
0.017645	0.802068
0.027650	0.991472
0.023749	0.830787
0.022685	0.593829
0.021642	0.935451
0.027269	1.002506
0.032045	1.100783
0.030687	1.108325
0.027879	1.118678
0.031764	1.210777
0.042592	1.265197
0.035014	1.168675
0.023461	1.250554
0.024590	1.312016
0.024611	1.491129
0.035158	1.411049
0.041916	1.384108
0.046066	1.135181
0.025845	1.297494
0.049411	1.263523
0.044847	1.651985
0.044474	1.401292
0.046093	1.231638
0.043103	1.698321
0.072130	1.675482
0.045878	1.612874
0.073164	1.598390
0.079724	1.139925
0.069508	0.974673
0.089061	1.077568
0.076475	0.684288
0.059083	0.724819
0.050097	0.811097
0.054688	1.160816
0.061268	0.715579
0.046652	0.648383
0.026587	1.565259
0.045209	1.284756
0.024850	1.910916
0.078210	2.316517
0.047739	2.172315
0.092775	1.855523
0.115053	2.166091
0.148503	2.562461
0.142613	2.138256
0.212901	1.804664
0.274812	1.373448
0.201872	1.897638
0.273002	1.692626
0.185730	2.284860
0.053014	3.001994
0.087341	2.678962
0.045502	2.882667
0.101103	2.647642
0.073260	2.404149
0.053170	2.862557
0.103491	2.763225
0.142652	2.617218
0.051587	3.575201
0.023787	3.132690
0.030228	2.731748
0.094766	3.576781
0.079557	4.124154
0.038673	3.631184
0.052663	3.905299
0.143533	5.011127
0.075673	4.068969
0.066706	4.883267
0.093201	4.809399
0.133600	5.246563
0.080225	4.594509
0.206661	4.330985
0.213103	5.071573
0.353877	5.789260
0.488777	5.767172
0.397622	5.527277
0.421961	5.807385
0.366778	6.240597
0.347279	7.067241
0.640023	7.234587
0.769785	7.811694
0.586513	7.584718
1.009860	7.037205
0.792274	6.736009
1.600757	6.692831
2.026931	6.214953
1.614995	6.838967
1.714000	6.433719
2.656465	6.454119
2.029973	5.333091
3.412481	179.999991
3.449996	180.000005
3.681203	179.999991
3.409193	179.999991
3.648717	179.999991
2.139785	4.615003
2.203490	5.192302
3.924629	180.000005
2.019565	3.704690
1.582816	4.904913
1.143183	4.779106
1.236749	4.406537
1.167118	4.307795
1.056965	4.199652
0.989082	5.161644
0.791039	4.072068
0.963410	4.959168
0.876740	5.645667
0.363816	3.399830
0.502720	3.799005
0.446806	3.140573
0.333035	2.269565
0.256065	1.979714
0.160139	1.147610
0.091751	0.968170
0.041460	1.330912
0.064922	0.973001
0.035375	1.094649
0.026627	0.604494
0.033637	0.574479
0.079567	0.627970
0.032073	0.358749
0.033430	0.601393
0.032351	0.559657
0.046317	0.723397
0.039881	0.712260
0.049070	0.577444
0.048068	0.368392
0.036585	0.872155
0.024612	0.856802
0.029502	0.904220
0.021013	0.496750
0.023528	0.710848
0.025513	0.816113
0.029747	1.128070
0.024733	0.969247
0.018778	0.731902
0.018656	0.771030
0.022440	1.214000
0.030715	1.175447
0.031130	1.162458
0.031754	1.200111
0.018453	0.868184
0.023536	0.882621
0.018073	0.815049
0.025901	1.024401
0.017110	0.840901
0.024847	0.934355
0.029510	0.912343
0.023389	0.961311
0.021840	0.804588
0.047615	1.035801
0.041985	0.968378
0.042748	0.913382
0.046398	1.205957
0.035234	0.924796
0.032393	1.037908
0.025927	0.841215
0.037782	0.794953
0.024381	0.990400
0.048656	1.096263
0.027138	0.989118
0.010338	0.842143
0.024071	0.854354
0.024254	0.873146
0.008968	0.839839
0.047382	0.903891
0.057197	0.930063
0.035860	0.518862
0.036357	0.503131
0.050913	0.529866
0.053011	0.768420
0.025749	0.485817
0.038994	0.557613
0.048235	0.618607
0.035903	0.442273
0.010533	0.554982
0.040470	0.364404
0.055638	0.567047
0.048656	0.712964
0.054686	1.205047
0.042208	0.567430
0.059945	0.545218
0.048444	0.459248
0.060877	1.053883
0.031672	1.243031
0.033450	1.208206
0.045586	1.073781
0.028162	1.010325
0.019969	1.322206
0.030284	0.583038
0.034766	1.001389
0.033806	1.020748
0.024531	1.045045
0.035986	0.816242
0.047416	0.596893
0.047375	0.595516
0.040828	0.641443
0.022767	0.569536
0.034545	0.475723
0.034777	0.461031
0.032860	0.566364
0.029466	0.788180
0.050949	0.735827
0.040900	0.671497
0.042520	0.839392
0.037894	0.842769
0.022015	0.702635
0.022044	0.700931
0.029689	1.113644
0.034575	0.981619
0.030100	0.862449
0.020206	1.001107
0.020319	1.004644
0.030294	1.196308
0.017875	1.093297
0.019078	1.097326
0.025720	0.851975
0.022435	1.157216
0.023698	1.030710
0.023827	0.936519
0.022445	1.172561
0.018098	0.843906
0.017898	0.792357
0.021483	0.762381
0.014970	0.676265
0.015996	0.571777
0.015474	0.515878
0.015566	0.516668
0.019031	0.496526
0.015955	0.513930
0.024929	0.306566
0.025331	0.318435
0.034584	0.440323
0.036090	0.203268
0.035585	0.206070
0.036579	0.399386
0.014833	0.282354
0.012298	0.255923
0.016580	0.123933
0.023504	0.127519
0.013981	0.193602
0.018601	0.108555
0.015296	0.264102
0.011683	0.154538
0.005854	0.144999
0.019974	0.201607
0.048773	0.162209
0.016374	0.051923
0.030143	0.083847
0.007048	0.208612
0.009530	0.293977
0.009883	0.203950
0.023078	0.340496
0.018173	0.459921
0.020603	0.509054
0.024403	0.535811
0.026173	0.620568
0.009220	0.463266
0.007525	0.323584
0.016090	0.403341
0.008974	0.414635
0.014591	0.288598
0.010114	0.409578
0.002925	0.090487
0.003113	0.071322
0.004230	0.108162
0.023122	0.304945
0.012159	0.141377
0.006093	0.109296
0.008410	0.082343
0.008433	0.075473
0.019400	0.460312
0.024591	0.415200
0.022673	0.408224
0.022511	0.337299
0.023620	0.678519
0.019303	0.536416
0.018091	0.619363
0.028623	0.914541
0.017999	0.283850
0.025993	0.968389
0.026199	0.933902
0.024732	0.963022
0.025478	1.017121
0.026845	1.088488
0.028174	1.131733
0.025753	1.006252
0.021770	0.988949
0.020426	1.026219
0.028038	1.317782
0.026224	0.861079
0.027051	0.762962
0.021914	0.935703
0.023631	0.918835
0.019640	0.765549
0.016188	0.901584
0.020068	1.024862
0.025097	1.086980
0.030694	1.134416
0.022114	0.917632
0.017627	0.885282
0.020231	0.924957
0.028173	1.105654
0.025340	1.057109
0.022015	1.042884
0.023392	0.998298
0.024214	0.956040
0.026035	1.124868
0.027821	1.201296
0.025000	1.019896
0.022726	1.036657
0.027831	1.123184
0.029219	1.118911
0.028230	1.053208
0.029366	1.146437
0.027832	0.977209
0.030511	1.001693
0.025277	0.934503
0.025190	0.926410
0.031019	0.967605
0.025514	0.869709
0.026381	0.992597
0.028707	0.911721
0.030358	0.964681
0.030130	1.012846
0.030703	0.991950
0.029169	0.948806
0.026550	0.886175
0.028562	0.980651
0.027764	0.889770
0.031555	0.931802
0.030140	0.921827
0.026474	0.972707
0.023983	0.981400
0.023588	0.909499
0.024121	0.995998
0.023253	0.960748
0.022783	0.982304
0.023228	0.853772
0.021370	0.864192
0.021844	0.897319
0.021360	0.847962
0.023760	0.984687
0.023771	0.916396
0.034784	1.206542
0.022736	0.807526
0.020586	0.753328
0.021774	0.822359
0.028566	0.902142
0.023980	0.842763
0.024592	0.856260
0.023870	0.829030
0.025936	0.813652
0.017949	0.738177
0.019154	0.679332
0.016871	0.573097
0.016718	0.454110
0.016971	0.457549
0.011750	0.441419
0.025557	0.404255
0.013666	0.347276
0.010414	0.362902
0.014313	0.291811
0.020958	0.277639
0.017470	0.286741
0.024206	0.285065
0.024260	0.455599
0.023044	0.351649
0.019931	0.219006
0.031854	0.250587
0.031936	0.245448
0.020390	0.233467
0.021310	0.260829
0.020870	0.173129
0.016216	0.220899
0.019328	0.253184
0.017629	0.150076
0.019823	0.264180
0.019883	0.645123
0.019693	0.302326
0.020529	0.274194
0.017747	0.309634
0.021573	0.202580
0.020213	0.205178
0.021862	0.307834
0.026542	0.341264
0.026539	0.380448
0.027219	0.408280
0.026471	0.418573
0.026937	0.373104
0.019892	0.369827
0.015539	0.464447
0.018965	0.496109
0.028028	0.627818
0.020035	0.566984
0.019768	0.458907
0.019741	0.450568
0.019590	0.613638
0.018541	0.681048
0.017876	0.700337
0.015106	0.689183
0.016314	0.733470
0.022352	0.864798
0.022036	0.844699
0.017099	0.685394
0.018377	0.731556
0.016143	0.768711
0.015059	0.824376
0.011984	0.810295
0.015748	0.916244
0.018789	0.935086
0.014687	0.833435
0.012435	0.762897
0.012324	0.759067
0.014578	0.911996
0.014128	0.873519
0.020931	0.985447
0.028698	0.913980
0.034323	1.222105
0.033966	1.185498
0.030557	1.173735
0.034578	1.255229
0.047776	1.516546
0.062178	1.827546
0.061431	1.897747
0.053641	1.716202
0.075722	1.884730
0.105878	2.755671
0.069020	2.893702
0.098661	3.365144
0.072828	2.908577
0.107689	3.443474
0.097138	3.423437
0.085832	3.621124
0.096351	3.351122
0.120222	3.709623
0.077311	3.481578
0.090218	3.263073
0.095745	3.094879
0.088729	3.162101
0.082802	3.136880
0.102710	3.622547
0.101820	3.363970
0.074183	2.802247
0.079439	3.119090
0.077035	3.208727
0.093419	3.330378
0.084619	3.448633
0.076510	3.368603
0.089545	3.591720
0.097314	3.437877
0.085135	3.320776
0.103595	3.978924
0.100795	3.897405
0.102293	3.887192
0.105230	4.214771
0.141474	4.899268
0.130631	4.511115
0.150452	5.074907
0.131708	4.738331
0.216904	5.670488
0.257387	6.070489
0.280472	5.683511
0.359113	6.676895
0.283882	5.842784
0.272439	5.872058
0.428716	7.334675
0.284917	6.075043
0.507892	7.627880
0.152140	5.368628
0.493765	7.134506
0.276554	5.934736
