0.116334	3.151680
1.119841	3.417074
1.103505	2.982771
0.113647	3.078391
0.106466	3.007742
0.110856	3.075514
0.106366	2.993461
0.113284	3.054039
0.114786	3.136877
0.111226	3.018644
0.105137	2.893312
0.110639	3.000033
0.113138	3.063362
0.108518	2.942299
0.106775	2.916821
0.104409	2.897934
0.107441	2.946048
0.119670	3.137287
1.027317	1.733973
0.116178	3.095503
0.112673	3.075771
1.273861	4.142936
1.272933	17.581506
1.580619	5.503292
1.884235	6.505021
1.989994	6.661519
1.948796	5.962766
2.306310	6.711139
2.476396	8.558391
2.284861	8.601121
2.468708	8.651740
1.683336	6.331106
1.816103	6.134078
1.832062	6.553167
1.244248	3.969385
1.376352	5.165508
0.088709	2.383721
1.385686	4.886652
1.157681	3.816690
1.326290	4.402259
1.915458	7.177382
1.577011	5.707447
1.289721	5.105648
0.107244	2.696654
1.584698	6.865212
1.757838	7.748982
0.086086	2.072511
1.549753	6.033659
0.098680	2.400043
1.348339	6.428417
1.695465	7.547585
1.511972	6.562986
1.823703	8.777734
1.750020	8.692161
1.608284	7.862602
1.434745	6.581266
1.837174	8.603601
1.906802	8.859227
1.179269	5.123035
2.179228	10.830019
1.994245	9.513149
2.246538	11.781012
2.507527	13.886657
2.959366	16.402744
2.816034	15.154520
3.413669	15.256114
2.871647	14.306487
2.876643	14.900182
2.655772	12.740165
2.564358	13.017987
2.319967	12.628614
2.361982	12.495008
1.652349	9.049584
0.042817	1.166474
0.046301	1.330386
0.058725	1.580411
0.048677	1.430516
0.051829	1.486727
0.049516	1.402612
0.049862	1.394108
0.059051	1.456935
0.051997	1.405944
0.060713	1.472063
0.072280	1.568031
0.065662	1.426021
0.066578	1.493012
0.069754	1.569550
0.077415	1.494373
0.071076	1.343165
0.073749	1.392962
0.073777	1.359109
0.070709	1.274990
0.080397	1.447158
0.080341	1.476300
0.079295	1.413518
0.074889	1.373451
0.065850	1.251764
0.059334	1.166640
0.068746	1.296593
0.064043	1.183794
0.065661	1.228259
0.061555	1.124562
0.057707	1.084085
0.056351	1.026168
0.060644	1.110859
0.053457	1.022934
0.053748	0.968513
0.051366	0.932623
0.046596	0.943522
0.052600	0.969949
0.057082	1.042830
0.048992	0.919129
0.046342	0.879421
0.050617	1.018284
0.042075	0.848295
0.037576	0.847750
0.048790	1.042797
0.045608	0.941547
0.040150	0.916518
0.040324	0.952653
0.040383	0.963735
0.038017	0.867752
0.038238	0.838272
0.034155	0.736603
0.044709	0.951068
0.036005	0.911978
0.039235	0.950644
0.036604	0.868001
0.033214	0.978172
0.025369	0.977869
0.022609	0.890790
0.028421	0.884831
0.030712	0.843431
0.023808	0.844373
0.032885	0.893024
0.018771	0.797717
0.030479	0.725483
0.028295	0.734151
0.027629	0.751175
0.030711	0.717592
0.023478	0.614254
0.028739	0.658533
0.033708	0.667565
0.026681	0.553825
0.024494	0.507258
0.025861	0.663526
0.026870	0.668733
0.025991	0.585031
0.026096	0.571383
0.027436	0.577659
0.026186	0.623241
0.026230	0.592618
0.030944	0.677024
0.030582	0.584996
0.032676	0.637854
0.037356	0.736160
0.041969	0.805632
0.037357	0.742744
0.034623	0.682408
0.039552	0.768115
0.043465	0.903380
0.041426	0.906782
0.037469	0.869973
0.037199	0.792316
0.045135	0.866266
0.044891	0.950087
0.046487	0.856333
0.039951	0.840444
0.045653	0.847304
0.049099	0.857293
0.053716	0.909372
0.053119	0.881595
0.047001	0.801331
0.044395	0.735513
0.057342	0.909859
0.068961	1.159990
0.070112	1.187622
0.056106	0.944631
0.055236	0.906904
0.075251	1.177937
0.073778	1.227776
0.070246	1.122744
0.047670	0.816721
0.069438	1.069801
0.065174	0.981490
0.076003	1.168066
0.076077	1.181379
0.068218	1.082415
0.051089	0.812113
0.066208	0.993829
0.074628	1.213752
0.077120	1.230281
0.084995	1.466041
0.060552	0.963360
0.050984	0.870718
0.068322	1.164988
0.073542	1.192238
0.062679	1.030103
0.057586	0.934145
0.049112	0.827429
0.071304	1.201560
0.071493	1.217025
0.063541	1.135433
0.054406	1.039915
0.054743	1.042408
0.061768	1.187481
0.063197	1.200835
0.068644	1.286296
0.053748	1.073612
0.047101	0.979213
0.049253	0.994423
0.051186	1.097763
0.042250	0.918707
0.051823	0.994552
0.056131	1.146636
0.049986	1.094588
0.037223	0.792648
0.038410	0.808658
0.043244	0.809808
0.044741	0.839135
0.052575	1.073376
0.049604	0.984350
0.043027	0.772849
0.065329	1.043490
0.051763	0.874573
0.051972	0.855745
0.051993	0.832612
0.044758	0.677187
0.073472	1.145697
0.080817	1.215578
0.076880	1.175229
0.075773	1.169220
0.057702	0.821736
0.063780	0.989209
0.068293	1.080028
0.069864	1.099852
0.081340	1.295392
0.082453	1.321185
0.072023	1.158510
0.062205	0.993737
0.064595	1.025545
0.055013	0.860634
0.056420	0.894258
0.064244	0.973684
0.059079	0.923283
0.046035	0.739134
0.045242	0.806781
0.044907	0.790326
0.057085	0.891984
0.065959	1.007983
0.063749	0.976841
0.064877	0.990140
0.055506	0.871960
0.067881	1.079722
0.076765	1.198935
0.077885	1.203669
0.069534	1.074715
0.057913	0.894490
0.060996	0.944643
0.049247	0.620093
0.055554	0.834154
0.051080	0.767216
0.058577	0.880407
0.061066	0.922915
0.053405	0.773228
0.057098	0.818150
0.112085	0.828292
0.061952	0.916709
0.064284	0.934045
0.036516	0.508145
0.043208	0.607537
0.065127	1.149293
0.033237	0.456424
0.044514	0.628780
0.056065	1.060057
0.046105	0.713463
0.037597	0.548002
0.046147	0.930541
0.039765	0.597790
0.029656	0.456136
0.017058	0.285427
0.017453	0.281781
0.006680	0.096746
0.003544	0.036000
0.019388	0.297232
0.017946	0.297197
0.010693	0.149335
0.018561	0.338508
0.017676	0.321334
0.003374	0.074934
0.013665	0.268732
0.013993	0.306466
0.029241	0.497646
0.014420	0.511664
0.014554	0.548826
0.011422	0.393018
0.012881	0.638328
0.008524	0.354290
0.024499	0.477972
0.027271	0.500807
0.033023	0.696812
0.032321	0.750824
0.033969	0.709438
0.045249	0.856783
0.024360	0.571528
0.024466	0.629081
0.038444	0.714993
0.023539	0.537879
0.028550	0.624532
0.027710	0.633943
0.011765	0.472374
0.011401	0.507774
0.028853	0.662695
0.025644	0.564971
0.040359	0.796359
0.053611	0.939107
0.054623	0.970125
0.053003	0.869420
0.067842	1.103949
0.067335	1.091109
0.048750	0.795842
0.050881	0.773240
0.050027	0.764501
0.059432	0.910444
0.056076	0.885432
0.032920	0.521898
0.034903	0.552803
0.036581	0.561267
0.030772	0.464841
0.031132	0.470571
0.028870	0.482922
0.028717	0.510050
0.031857	0.529531
0.031884	0.510363
0.020154	0.525540
0.021634	0.597413
0.029442	0.516678
0.018194	0.350716
0.019439	0.395727
0.089075	0.577584
0.089472	0.595510
0.030818	0.612013
0.031028	0.578775
0.030798	0.582189
0.034549	0.697498
0.030797	0.521364
0.031394	0.555800
0.027854	0.380784
0.042533	0.735821
0.041230	0.706999
0.049978	0.974604
0.031093	0.552454
0.031213	0.588742
0.040402	0.752873
0.043650	0.805340
0.043256	0.808150
0.030745	0.763866
0.028053	0.841785
0.026185	0.761362
0.026908	0.791143
0.027225	0.751695
0.027044	0.762128
0.032671	0.790398
0.031488	0.798810
0.029541	0.830514
0.030368	0.845897
0.034031	0.829421
0.036362	1.028034
0.030897	0.777234
0.030188	0.830099
0.039493	0.948229
0.048542	1.064078
0.045865	0.995825
0.045053	1.011823
0.049948	1.114561
0.037610	1.020306
0.037543	1.035751
0.027028	0.808240
0.030460	1.016385
0.059943	1.224144
0.059259	1.213429
0.073174	1.447480
0.086176	1.870279
0.095482	2.134133
0.056544	1.174248
0.055147	1.083141
0.059050	1.260287
0.058725	1.263356
0.046095	0.922617
0.054444	1.216785
0.048873	1.127465
0.042432	0.939273
0.041518	0.936562
0.042481	1.046487
0.037254	1.189685
0.036045	1.016332
0.051706	1.412127
0.053109	1.390107
0.059464	1.386179
0.037490	1.153565
0.018786	1.053499
0.018403	1.166868
0.033170	1.001094
0.063572	1.441837
0.053309	1.199736
0.031391	0.972667
0.031436	0.979055
0.032546	0.889134
0.028866	0.929161
0.037589	0.977814
0.010807	0.843867
0.012663	0.986004
0.030051	0.943223
0.012282	0.701189
0.023846	0.712633
0.020239	0.657964
0.057614	1.200026
0.036610	1.085727
0.013108	0.756164
0.019274	0.863486
0.016001	0.774967
0.020870	0.884701
0.038352	1.177796
0.047974	1.226214
0.058564	1.449437
0.050628	1.411109
0.046849	1.235484
0.044641	1.264201
0.052373	1.384461
0.018091	1.261761
0.033683	1.212560
0.011014	0.919406
0.011850	0.930562
0.015709	1.222718
0.044849	1.208159
0.018664	0.977940
0.020058	1.244297
0.020271	1.126841
0.018248	1.096826
0.056098	1.610509
0.064487	1.510990
0.057429	1.389197
0.069992	1.466146
0.071129	1.454012
0.051191	1.610453
0.086753	1.699001
0.056651	1.302481
0.037350	1.030865
0.038458	1.215382
0.045385	1.182368
0.045961	1.201400
0.105310	1.248658
0.039867	1.060082
0.033844	1.124963
0.030987	1.024022
0.045677	0.730341
0.022991	0.933580
0.016771	0.614991
0.034672	0.828107
0.050502	0.935395
0.040859	0.690246
0.040403	0.730049
0.043112	0.614017
0.049526	0.687216
0.057580	0.928553
0.055642	0.875560
0.045120	0.812928
0.045650	0.611298
0.048567	0.723653
0.073423	1.174279
0.086933	1.480360
0.058052	0.901543
0.050003	0.749572
0.052191	0.824061
0.052989	0.808318
0.054645	0.890778
0.071243	1.176212
0.047099	0.918366
0.031731	0.822686
0.049820	1.050689
0.067983	1.188391
0.043937	1.009474
0.052121	1.146703
0.038909	1.309655
0.063257	1.429129
0.558863	3.515461
0.549309	3.412541
0.036108	1.052363
0.028158	1.504213
0.043865	1.426303
0.046154	1.604242
0.045389	1.516916
0.026715	1.418789
0.018102	1.228641
0.658468	4.602339
0.657263	4.454862
0.027849	1.082626
0.856224	5.426207
0.037098	1.158228
0.038410	1.118335
0.029100	0.805474
0.703958	4.341379
0.040352	0.679099
0.050271	0.871139
0.047493	0.842787
0.040915	0.644193
0.072974	1.326645
0.081472	1.408342
0.062220	1.166590
0.061649	1.039304
0.060063	1.020447
0.062573	1.227967
0.083651	1.528221
0.841298	5.787592
0.835772	5.695337
0.931004	5.684188
0.051893	1.225764
0.068327	1.590990
0.776683	5.787103
0.747613	5.491013
0.750073	5.612893
0.802802	6.007229
0.748334	5.237419
0.702694	5.406421
0.673823	4.943538
0.078619	2.066910
0.785226	5.866504
0.702342	4.404107
0.701586	4.285023
0.842205	4.824182
0.992465	5.731402
0.952352	4.916073
1.125372	5.059444
0.979203	4.788704
0.978784	4.769986
0.950950	4.377050
1.176285	5.614057
1.174596	5.646925
1.266911	5.281867
1.381617	5.339307
1.379864	5.338883
1.807559	7.186963
1.806745	7.212027
1.548226	6.128837
2.068058	7.111727
2.064853	7.075725
1.868655	6.002473
1.868453	5.973075
1.897916	5.761429
2.152475	6.470498
2.151398	6.462763
2.289245	6.930048
2.039312	6.700421
2.038512	6.699974
2.138914	6.783184
2.201762	7.166679
2.170132	6.585852
2.069446	6.386097
2.070826	6.343091
2.377267	7.720238
1.934761	5.929869
1.939067	5.828783
2.108992	5.680500
2.107244	5.728219
2.173540	5.158251
2.099326	5.368146
2.099555	5.469010
2.057246	5.379440
2.054301	5.414005
2.195327	5.568325
2.197099	5.609971
1.991344	4.841545
2.556583	7.933765
2.555256	7.956568
2.523407	7.032797
2.528807	8.761604
2.522183	8.658768
2.156283	6.414470
2.155441	6.863182
2.421046	7.400915
2.417707	7.537350
1.942264	7.802688
1.859923	6.889401
1.858487	6.876263
1.968670	6.140247
1.769927	6.216919
1.768012	6.208064
1.647980	6.241324
1.287305	4.613619
1.287610	4.592434
1.307376	4.788214
1.306452	4.736526
1.004750	3.911247
1.021113	4.489418
1.022659	4.558483
1.163464	4.670268
1.162201	4.629938
0.913784	3.662812
0.902345	3.836496
0.902740	3.854201
0.935304	3.795537
0.935465	3.869563
0.972671	4.038602
0.902262	3.798246
0.639081	2.555914
0.639074	2.568065
0.612648	2.782098
0.118138	2.529082
0.118802	2.552759
0.637422	3.565649
0.108567	2.694431
0.110111	2.707290
0.082434	2.518832
0.653321	4.217835
0.654210	4.352392
0.628739	4.327910
0.070347	2.477691
0.071485	2.400893
0.082458	2.442231
0.091872	2.128381
0.093162	2.088762
0.083817	2.047359
0.051497	2.075000
0.061514	1.955148
0.052875	1.936492
0.051063	2.013826
0.068720	1.628202
0.056568	1.093299
0.071248	1.273587
0.079024	1.492167
0.065362	1.125380
0.061181	1.014989
0.066171	1.075121
0.051717	0.833360
0.049426	0.749977
0.061395	0.960573
0.052595	0.816799
0.053399	0.873485
0.043192	0.751996
0.036441	0.674406
0.039536	0.626809
0.038135	0.580930
0.032789	0.654497
0.039639	0.705367
0.034557	0.510053
0.027623	0.377976
0.058715	1.053635
0.039553	0.703947
0.039245	0.628595
0.032438	0.545599
0.052989	0.909607
0.045049	0.779010
0.033361	0.562525
0.060496	0.995355
0.039132	0.641678
0.050689	0.806023
0.048940	0.707298
0.049202	0.668726
0.065918	0.875190
0.083268	1.254030
0.067040	0.956964
0.073199	1.073923
0.071563	0.878138
0.077914	1.033203
0.078254	1.024418
0.074229	0.930959
0.074100	1.068824
0.082368	1.088515
0.068918	0.906009
0.077200	0.968283
0.091759	1.364927
0.070156	0.965474
0.081939	1.060634
0.078765	1.027844
0.107427	1.529112
0.099481	1.206212
0.110985	1.356561
0.114320	1.309925
0.101360	1.023667
0.117778	1.196092
0.118216	0.676631
0.068433	0.532892
0.077457	1.155759
0.106774	1.799654
0.101037	1.789342
0.086412	0.201677
0.130204	1.185376
0.123369	1.277199
0.127763	1.432776
0.135052	1.612329
0.072659	0.626693
0.064943	0.639343
0.119010	1.647274
0.083160	1.741288
0.089654	1.797915
0.101239	1.484850
0.106388	1.343802
0.074510	1.601713
0.056309	1.275599
0.065615	1.492032
0.062501	1.434884
0.054440	1.322272
0.052359	1.322759
0.063617	1.439813
0.063139	1.449917
0.065431	1.505185
0.066757	1.550135
0.065768	1.525346
0.058634	1.374500
0.064948	1.538505
0.064589	1.519652
0.067317	1.579370
0.072448	1.672384
0.059581	1.375618
0.065108	1.480092
0.054130	1.276980
0.061368	1.409836
0.057938	1.370362
0.062249	1.413760
0.057178	1.408708
0.058763	1.427800
0.057866	1.401134
0.047193	1.155904
0.050673	1.140601
0.050110	1.146332
0.053228	1.195089
0.049324	1.169563
0.052422	1.245526
0.044071	1.081801
0.045666	1.070835
0.040949	1.070505
0.025695	1.130323
0.040958	1.056204
0.036055	1.059528
0.048840	1.210941
0.043563	1.127559
0.043493	1.195438
0.036168	1.067652
0.046341	1.163340
0.035614	1.025200
0.032674	0.958326
0.036625	1.073529
0.031357	0.923052
0.017456	0.843043
0.025418	0.918656
0.020438	0.953498
0.028926	1.030617
0.022190	0.893351
0.017250	0.928114
0.019379	0.973757
0.024217	1.105622
0.019183	0.992993
0.017439	0.933621
0.016509	0.885315
0.016553	0.986333
0.029428	1.243591
0.029708	1.177331
0.033184	1.100870
0.030668	1.532511
0.028802	1.170483
0.024208	1.122252
0.024158	1.051890
0.025948	1.159531
0.025302	1.037296
0.022788	1.166163
0.023474	1.130582
0.022728	1.051600
0.020228	1.154555
0.022430	1.125689
0.027397	1.060469
0.019915	1.274861
0.024466	1.378592
0.028109	1.267181
0.027295	1.350481
0.024617	1.321140
0.018860	1.188332
0.015800	1.135020
0.022474	1.024816
0.017446	1.160079
0.028310	1.009595
0.021871	0.988479
0.026280	0.921764
0.023136	0.943163
0.035971	0.883230
0.027933	0.989001
0.034157	0.972786
0.039373	0.643437
0.030423	0.790984
0.024516	1.062785
0.042676	0.777045
0.045007	0.578173
0.033486	0.851762
0.042244	0.750409
0.040428	0.787051
0.025077	1.264135
0.030729	0.977591
0.032122	0.835700
0.037132	0.729549
0.035099	0.874109
0.026901	0.875086
0.025563	1.064979
0.036855	0.954323
0.028640	0.824314
0.032266	0.728798
0.026279	1.230063
0.029261	0.968598
0.031710	0.801721
0.031370	0.715398
0.028989	0.791584
0.026089	1.010372
0.025236	0.970211
0.030899	1.023510
0.021922	1.041879
0.020111	1.054144
0.025652	0.902820
0.036713	0.685745
0.028226	0.947180
0.020421	1.020268
0.024228	1.012273
0.041396	0.765150
0.035120	0.623899
0.035611	0.673625
0.072111	0.389819
0.029730	0.776716
0.064585	0.369567
0.064327	0.477434
0.040149	0.563828
0.029497	1.090008
0.047588	0.507243
0.072727	2.903778
0.149320	14.029117
0.084677	3.283655
0.448832	19.172992
0.108722	3.541279
0.052110	2.754103
0.530832	17.936584
0.087173	3.210745
0.472656	17.187766
0.565076	16.383254
0.630514	29.857117
0.721698	23.252112
0.373084	19.915558
0.086407	3.173876
0.295618	17.054200
0.423813	19.414572
0.419092	4.508307
0.162224	14.651167
0.649376	22.652138
0.544524	15.624519
0.161595	46.878074
0.473599	24.087075
0.066900	2.877075
0.649042	22.689021
0.474703	18.368809
0.714666	20.156899
0.434415	29.545892
0.572854	14.916363
0.073468	3.089665
0.574956	17.203689
0.543724	19.243401
0.555914	16.739045
0.392057	20.563707
0.560520	17.811774
0.042699	2.761452
0.056998	2.686301
0.079426	3.006035
0.081092	2.982220
0.048820	2.704939
0.409474	10.069505
0.075914	2.938832
0.084371	3.072185
0.074552	3.015271
0.089165	3.223587
0.067973	2.880994
0.083094	3.090452
0.089281	3.109951
0.081699	2.986079
0.085831	3.032528
0.177968	8.048599
0.084082	3.276481
0.089288	3.251658
0.084630	3.237669
0.098476	3.384898
0.088913	3.307565
0.089016	3.376950
0.100692	3.466106
0.102216	3.453429
0.094552	3.252722
0.095176	3.343979
0.094717	3.244723
0.097231	3.345771
0.077546	3.012545
0.087914	3.062826
0.094135	3.127543
0.092164	3.162206
0.084257	2.859216
0.098346	3.183230
0.093092	2.977575
0.093926	2.899059
0.026380	0.584107
0.027906	0.534918
0.032029	0.630027
0.037837	0.699730
0.033724	0.618714
0.038196	0.750577
0.040306	0.767430
0.036699	0.728106
0.038730	0.747508
0.041277	0.701930
0.039365	0.775592
0.037565	0.774090
0.042067	0.915787
0.045338	0.939208
0.041666	0.914546
0.044777	0.956540
0.045966	1.112117
0.042821	0.903968
0.048225	1.037941
0.051164	1.098651
0.041863	0.915215
0.047630	1.058758
0.047609	1.088927
0.043972	1.024182
0.046701	1.161044
0.045344	1.095839
0.046080	1.041030
0.042802	1.014448
0.038284	0.860478
0.038606	0.856386
0.043189	0.974291
0.043027	0.948642
0.040462	1.031949
0.034894	0.894752
0.032608	1.001094
0.029431	0.853539
0.033150	0.889269
0.028065	0.740575
0.033640	0.874547
0.027958	0.980292
0.024070	0.852370
0.026259	0.990573
0.026321	1.044534
0.023430	1.051031
0.021965	0.883432
0.030659	1.113897
0.026400	1.020622
0.023996	0.974773
0.024043	0.850667
0.022365	0.721992
0.020554	0.672438
0.021766	0.701314
0.017956	0.645711
0.020380	0.619398
0.022208	0.554994
0.020101	0.562218
0.021302	0.586072
0.021412	0.413950
0.023085	0.502516
0.023656	0.387163
0.028046	0.280178
0.028452	0.269249
0.027422	0.437580
0.033726	0.555154
0.027678	0.379262
0.035475	0.193288
0.042396	0.348822
0.049298	0.268971
0.050896	0.241888
0.055959	0.358352
0.059028	0.251316
0.064723	0.248476
0.075329	0.458457
0.078661	0.492607
0.073709	1.394017
0.090721	0.449924
0.078063	1.925132
0.058611	1.578970
0.103526	0.455618
0.103115	0.409569
0.093723	0.241131
0.102679	0.188681
0.109765	0.211117
0.103640	0.185166
0.117337	0.238798
0.088810	0.350283
0.076596	0.410284
0.010915	0.601839
0.016044	0.719010
0.021413	0.742147
0.020497	0.793045
0.012246	0.836922
0.015701	0.697050
0.015058	0.793955
0.015120	1.016295
0.025887	1.025538
0.026996	1.165645
0.029473	1.274906
0.029739	1.289547
0.028803	1.505589
0.044631	1.616012
0.080485	1.702835
0.081936	1.748337
0.087885	1.813084
0.081686	1.680095
0.082672	1.684219
0.079540	1.637180
0.081883	1.666367
0.085446	1.751470
0.086848	1.783056
0.083252	1.739909
0.083701	1.738390
0.085470	1.773941
0.092877	1.934683
0.087569	1.811615
0.089306	1.867662
0.085015	1.805056
0.091039	1.878563
0.087518	1.830005
0.090309	1.893143
0.088921	1.878485
0.085007	1.833774
0.084708	1.814933
0.092901	1.960743
0.095203	1.956622
0.095502	1.964555
0.090939	1.900297
0.095691	1.980579
0.102691	2.127971
0.101817	2.109754
0.091112	1.913161
0.095767	2.007809
0.093429	1.947381
0.088309	1.840241
0.081093	1.768689
0.087565	1.803139
0.086622	1.805761
0.073096	1.590800
0.060617	1.409668
0.059348	1.498589
0.052729	1.301668
0.067365	1.541902
0.061515	1.511153
0.044649	1.117334
0.043026	0.833877
0.024957	0.770998
0.029003	0.664893
0.023635	0.406267
0.019159	0.394500
0.022244	0.383431
0.020795	0.282133
0.017897	0.443279
0.021063	0.345629
0.019343	0.268326
0.020664	0.550763
0.016584	0.419482
0.019010	0.823804
0.016423	0.635584
0.016539	0.561454
0.010746	0.700946
0.015122	0.504733
0.013793	0.557171
0.013841	0.390085
0.016332	0.452732
0.015206	0.537380
0.019804	0.488704
0.016113	0.404463
0.010479	0.429471
0.011702	0.480702
0.009084	0.392248
0.006138	0.234976
0.032243	0.550329
0.009712	0.180955
0.008768	0.200120
0.017068	0.244410
0.008026	0.135953
0.017094	0.410954
0.009690	0.345547
0.016669	0.388084
0.012743	0.260684
0.008469	0.152593
0.017690	0.284554
0.014794	0.194286
0.005356	0.205558
0.011513	0.186368
0.008074	0.178146
0.010680	0.239436
0.009851	0.199204
0.012162	0.101580
0.015669	0.288427
0.010313	0.184789
0.009186	0.113033
0.009197	0.110530
0.014519	0.194853
0.013154	0.163092
0.014739	0.112056
0.015868	0.204312
0.019024	0.310568
0.019177	0.326245
0.017879	0.276338
0.021981	0.371457
0.021507	0.387370
0.021226	0.340365
0.023425	0.412443
0.023251	0.362613
0.018187	0.317922
0.022185	0.412194
0.031619	0.455644
0.033805	0.446270
0.028855	0.402169
0.023309	0.430575
0.020852	0.351910
0.019649	0.406287
0.030223	0.533399
0.049013	0.544549
0.040125	0.547158
0.027701	0.351884
0.037286	0.481779
0.039549	0.428150
0.037406	0.475188
0.032748	0.389133
0.043907	0.534271
0.049502	0.695655
0.037777	0.458285
0.044108	0.572653
0.049516	0.667824
0.048823	0.654126
0.040405	0.539008
0.035790	0.474158
0.048409	0.798401
0.058810	0.806817
0.058503	0.763092
0.060659	0.843855
0.068542	1.026797
0.063598	0.924931
0.064755	1.041622
0.070352	0.997485
0.066218	0.983244
0.070419	1.008980
0.072430	1.063123
0.071097	1.109013
0.075110	1.111049
0.068322	0.725427
0.072558	1.074015
0.072486	1.120651
0.072207	1.253537
0.071010	1.072330
0.068638	1.025753
0.067469	1.038718
0.066827	1.093527
0.063973	1.068718
0.064008	1.358341
0.058025	0.991930
0.068508	1.071655
0.065464	0.980958
0.074107	1.132955
0.066148	1.009560
0.067246	1.055719
0.067232	1.070886
0.068241	1.073313
0.070416	1.104629
0.064978	1.057768
0.062514	1.119593
0.056110	1.023520
0.053921	1.075770
0.053518	0.965310
0.052851	1.003418
0.065843	1.272340
0.049423	1.104451
0.048159	1.014439
0.055112	1.150000
0.049869	0.983383
0.058429	1.134000
0.062699	1.176269
0.052976	1.125727
0.060442	1.238620
0.051147	0.984679
0.058961	1.165495
0.039131	0.665267
0.045380	0.872950
0.047480	0.972228
0.053851	1.114634
0.042722	0.948519
0.027377	0.646013
0.041080	0.913307
0.059206	1.112598
0.060410	1.282764
0.060351	1.204566
0.034198	0.836227
0.043385	1.039168
0.036403	0.956034
0.041664	1.060951
0.040181	0.962994
0.054691	1.114852
0.037586	0.993135
0.031643	0.897852
0.005117	0.567156
0.029425	0.771609
0.039550	0.832787
0.022591	0.573982
0.037236	0.812642
0.053943	0.986258
0.031324	0.742522
0.045697	0.749540
0.011034	0.665075
0.056358	0.889706
0.048973	0.691088
0.087165	1.418673
0.031411	0.696405
0.009959	0.533356
0.024622	0.482758
0.026254	0.684939
0.021632	0.742964
0.019630	0.707381
0.018864	0.595789
0.027516	0.509393
0.026764	0.546492
0.042185	0.504161
0.058871	0.630473
0.053515	0.590515
0.057222	0.722807
0.061265	0.968001
0.065569	0.948649
0.063805	1.084810
0.056055	0.943220
0.054696	1.076336
0.053145	1.052882
0.039796	0.795161
0.070455	1.152186
0.040925	0.694374
0.065769	1.056765
0.063546	1.114076
0.083077	1.284220
0.055769	0.886514
0.059954	1.001534
0.061331	1.078465
0.062497	1.098874
0.068063	1.284789
0.049080	0.925851
0.059148	1.014900
0.048677	0.926627
0.028163	0.570098
0.037201	0.830938
0.030520	0.698644
0.029943	0.717712
0.039550	0.686893
0.046749	0.761961
0.080349	1.214000
0.072500	1.139427
0.095553	1.443964
0.063918	1.041945
0.090138	1.383904
0.077038	1.048625
0.081450	1.037435
0.097592	1.295790
0.098055	1.309598
0.076376	1.109335
0.080935	1.141034
0.063788	0.751824
0.057865	1.020929
0.054818	0.783526
0.047899	0.906901
0.080949	1.375764
0.084226	1.435491
0.067117	1.076631
0.069503	1.123319
0.074661	1.208394
0.074584	1.252652
0.060297	0.894106
0.061432	0.942537
0.063669	1.000066
0.062032	0.713037
0.054291	0.908278
0.059021	0.974172
0.050590	0.925095
0.047486	0.911352
0.072353	1.125855
0.040227	0.907722
0.057875	1.258276
0.054203	0.943931
0.025175	0.459287
0.027660	0.534881
0.027029	0.338444
0.063740	0.723924
0.080333	0.934739
0.023777	0.213527
0.021997	0.177041
0.034273	0.348161
0.054075	0.580972
0.031350	0.422509
0.033191	0.368096
0.034281	0.385647
0.071448	1.063476
0.044187	0.481306
0.011400	0.363751
0.024960	0.685283
0.057871	0.761403
0.054968	0.694779
0.054056	0.715958
0.051949	0.684826
0.044491	0.582590
0.059021	0.763621
0.281863	1.889073
0.077991	0.874247
0.057910	0.659734
0.089512	1.059068
0.113100	1.334426
0.071619	0.727128
2.727463	39.862418
0.073459	0.703416
0.099925	1.067788
0.097835	1.055118
0.056760	1.342178
0.962926	6.227774
2.066850	29.534404
0.976243	6.624539
0.998479	6.954770
1.126462	7.680093
1.281861	8.542323
1.174010	7.477445
1.106169	7.798865
1.003338	6.854657
1.272778	8.786586
1.273504	8.809884
1.111356	8.119058
1.009681	7.642265
1.159810	8.488309
1.120319	8.246689
1.137256	8.191734
1.338942	10.010849
1.444051	11.005953
1.418319	10.445845
1.642819	11.823812
1.453829	10.441655
1.453695	10.441839
1.576889	11.246551
1.542752	11.374340
1.858750	12.615302
1.459295	10.538866
1.652300	11.987805
1.619627	12.025846
1.948517	12.959463
2.412764	16.917998
2.412206	16.888310
2.479142	17.497234
2.718374	18.204563
2.422604	16.770814
2.311644	15.842164
2.089719	14.658646
2.629761	15.601580
2.257546	13.248423
2.262684	14.145512
1.832806	13.256182
1.948743	13.326174
1.958488	14.257362
1.578735	10.282975
1.411850	9.779945
1.179367	8.069924
1.207489	8.744778
1.196568	9.248039
1.323810	8.671813
1.223119	8.312812
1.162281	8.537616
1.041982	8.247027
0.916391	7.552290
0.167357	2.966210
1.004384	8.263643
0.807050	7.334759
0.160852	2.993627
0.186648	3.087194
0.881296	7.872760
0.184560	3.219554
0.186824	3.123117
0.164945	3.024904
0.182563	3.071124
0.148555	2.577834
0.141198	2.579667
0.147478	2.639319
0.147007	2.475722
0.144338	2.587886
0.171660	2.754381
0.135119	2.414324
0.153481	2.509520
0.123000	2.044181
0.113948	2.076599
0.114009	2.095314
0.134166	2.280519
0.103381	2.034511
0.106348	1.968893
0.113187	2.095910
0.636118	6.603269
0.820313	6.346890
0.123636	2.193378
0.125366	2.301395
0.115001	2.100408
0.138327	2.384209
0.978698	6.655564
1.125468	6.358506
1.010864	6.944108
0.726370	5.384186
0.742925	5.679508
0.101962	2.146381
0.112307	2.115493
0.102597	1.981253
0.115864	2.154695
0.784195	5.986254
0.092664	1.758314
0.099240	1.924274
0.103415	1.920804
0.107568	1.844234
0.090326	1.648122
0.102108	1.748924
0.095500	1.647555
0.092995	1.649054
0.090454	1.711994
0.094880	1.686948
0.094719	1.704002
0.081001	1.529502
0.089732	1.664619
0.082860	1.507089
0.098412	1.843663
10.051391	117.688285
7.772277	33.942529
10.480788	88.839123
1.310524	22.389169
0.509531	10.767534
2.161883	32.896773
10.898015	90.159685
10.646765	89.858098
2.021554	30.018244
2.489084	30.485375
0.780117	11.860221
4.444752	57.995082
10.070126	89.219749
10.777493	87.892657
10.218415	87.822572
5.167359	49.339740
9.841179	88.139848
10.143164	87.669911
0.193784	3.040352
0.679474	11.265405
0.209475	3.208730
0.227050	2.938027
10.538457	87.688386
0.201097	3.108291
0.122310	1.626451
10.724200	87.638082
10.185756	88.199606
10.184402	88.179388
0.928374	13.728681
2.004525	28.736105
1.233420	18.313989
0.637771	10.085777
1.082891	15.243085
10.918179	87.167086
10.918168	87.165631
0.229486	3.547286
0.550720	8.584153
10.866175	87.133413
2.999334	26.661227
11.731962	88.282046
11.705231	87.004985
11.699544	87.075227
2.107719	29.082385
1.416657	14.692900
11.426717	87.625296
1.364493	16.912976
1.430750	19.224218
0.214180	3.256400
0.222807	3.436697
0.238830	3.823245
11.944031	85.346376
11.190577	85.135958
10.560728	87.608384
0.257115	3.866438
0.230549	3.613348
0.270399	4.429573
0.227325	3.430769
0.265554	3.926792
8.229968	79.235693
11.475173	89.976541
12.306565	167.319404
8.837613	132.878339
8.824854	132.244538
7.381016	79.342790
11.370364	88.903634
6.405981	16.468255
6.405999	16.473586
5.471938	15.558790
5.091685	13.092294
12.414000	95.774927
10.920022	171.258647
10.339310	170.695621
10.339388	170.711562
9.409566	168.855240
9.201125	169.777302
4.694685	13.503977
4.424886	12.900026
4.424453	12.890094
5.930132	17.491645
5.824943	16.537018
2.911012	9.567324
2.888976	8.785044
1.447790	6.323186
1.263537	6.325936
1.284683	6.359260
0.203613	2.851398
0.201473	2.814957
0.840756	4.385877
0.872328	3.982415
0.151029	2.039378
0.816636	2.405038
0.855247	3.169102
0.852609	3.182734
0.972875	3.038621
0.123267	1.789857
0.893270	2.484254
0.185530	2.667072
0.071656	1.470197
0.066541	1.576564
0.040441	1.206244
0.053650	0.992819
0.100725	1.798042
0.083593	1.622604
0.858454	3.363775
0.886443	3.222186
1.416296	4.854828
1.143790	3.899774
1.145034	3.937814
1.146359	3.832804
0.994709	3.130141
1.040895	2.735292
0.157830	2.340645
0.074387	1.334134
0.107581	2.024851
0.066353	1.299933
0.049709	0.939717
0.027380	0.500832
0.027488	0.675084
0.076002	1.435697
0.079545	1.181369
0.053649	1.057019
0.048018	0.679862
0.033141	0.755495
0.026871	0.614459
0.097693	1.741268
0.095288	1.758767
0.058735	1.221023
0.062096	1.260083
0.021361	0.648167
0.038471	1.062473
0.064902	1.352660
0.044648	0.813266
0.064278	1.386038
0.036210	0.963527
0.085273	1.758189
0.101538	2.040136
0.128555	2.442901
0.075868	1.593236
0.073943	1.685190
0.044790	1.148784
0.103163	1.447111
0.084283	1.691047
0.066809	1.473403
0.071111	1.993196
0.088866	1.833649
0.098835	1.858722
0.086954	1.748294
0.018420	0.954700
0.044710	1.095336
0.043960	1.115750
0.077316	1.268961
0.051098	0.885445
0.052058	0.582970
0.047991	0.329307
0.048432	0.639713
0.070642	1.012359
0.592308	3.107952
0.977807	12.252407
0.852314	3.963652
0.853196	3.717277
0.904343	4.963952
0.039486	0.868486
1.163512	16.519818
0.890180	4.624505
1.009198	6.018983
1.010438	6.028557
1.024091	6.693806
1.132642	7.688231
1.051512	7.343200
1.150476	9.056204
1.153979	8.829581
1.246408	9.329268
1.299723	9.209785
1.065899	7.340881
0.844151	6.672630
0.913844	6.261102
0.913444	6.262504
0.804624	5.416658
1.043085	6.201466
0.951393	5.261938
0.974642	5.360316
0.974793	5.349173
0.867682	5.514384
0.772555	4.725283
0.058774	1.978134
0.046650	1.745532
0.044977	1.757621
1.475590	7.181418
0.052357	1.765285
0.041287	1.510270
0.038651	1.296222
0.037750	1.331972
0.024952	1.351451
0.051977	1.858641
0.086152	1.708118
0.051705	1.097483
0.041465	0.895753
0.040081	0.909986
0.062680	1.082122
0.095551	1.363326
0.080378	1.035132
0.040184	0.345923
0.034303	0.425541
0.039148	0.438674
0.041276	0.506648
0.040988	0.483490
0.042081	0.409384
0.041557	0.375196
0.034593	0.387942
0.039522	0.326102
0.046771	0.544009
0.046166	0.562499
0.043534	0.391432
0.041844	0.516709
0.042192	0.425860
0.040124	0.349506
0.037579	0.322928
0.021615	0.277901
0.035461	0.314608
0.037203	0.370964
0.033565	0.264849
0.033172	0.206785
0.025986	0.134978
0.025807	0.150578
0.024134	0.108867
0.031594	0.285639
0.025003	0.138003
0.023898	0.329077
0.024153	0.350770
0.027355	0.635620
0.019548	0.491037
0.024211	0.546412
0.017718	0.408221
0.024122	0.390091
0.026313	0.588777
0.020319	0.465581
0.018831	0.409599
0.027347	0.564143
0.023702	0.519452
0.019612	0.473086
0.016111	0.313057
0.013623	0.277361
0.016267	0.356308
0.018733	0.306041
0.015785	0.220605
0.016147	0.181830
0.025788	0.548245
0.014376	0.173135
0.015751	0.222443
0.017949	0.274300
0.013983	0.262863
0.014469	0.245380
0.016483	0.256727
0.011314	0.119526
0.015459	0.809266
0.014022	0.436436
0.018026	0.553739
0.011044	0.470113
0.016153	0.322143
0.011766	0.416477
0.013002	0.352845
0.018423	0.427844
0.029777	0.942907
0.025460	0.764688
0.035794	0.598229
0.035171	0.629746
0.032456	0.838228
0.027953	0.544728
0.035809	0.681593
0.030885	0.787046
0.028838	0.992217
0.024402	0.777615
0.028162	0.733874
0.030837	0.795904
0.027744	0.735880
0.033431	0.707110
0.027400	0.642592
0.031048	0.690138
0.031703	0.729883
0.029239	0.628990
0.030910	0.696413
0.024565	0.498256
0.026510	0.590821
0.035685	0.803706
0.024479	0.622497
0.023687	0.578997
0.020519	0.603697
0.023137	0.628461
0.018477	0.672694
0.017770	0.787573
0.022557	0.778132
0.019438	0.790204
0.020545	0.825868
0.022020	0.772723
0.024741	0.973863
0.028300	1.025885
0.023861	0.968434
0.027167	1.082686
0.028738	1.038279
0.036540	1.175826
0.032339	1.083113
0.035485	1.239003
0.033137	1.050741
0.059986	1.630820
0.052825	1.264478
0.060316	1.320945
0.063992	1.322632
0.063486	1.311629
0.067624	1.181455
0.069913	1.344968
0.079489	1.458809
0.078193	1.342344
0.076771	1.232142
0.081352	1.398416
0.069416	1.130469
0.079170	1.294266
0.060983	0.853999
0.076379	1.221052
0.082632	1.233278
0.071878	1.244187
0.079566	1.317688
0.084443	1.323714
0.078181	1.278696
0.076265	1.196373
0.063130	1.179152
0.068510	1.159477
0.075392	1.415847
0.074386	1.403003
0.071775	1.358211
0.077193	1.518191
0.079765	1.621928
0.066851	1.558675
0.077098	1.760006
0.059632	1.641427
0.070142	1.729437
0.079959	1.920360
0.074212	1.896806
0.070004	1.889985
0.059285	1.801873
0.063467	1.560807
0.052761	1.383458
0.054663	1.458100
0.046366	1.174190
0.058448	1.147147
0.052501	0.990247
0.051310	1.000903
0.052782	0.933622
0.052902	0.935227
0.052331	0.888816
0.055731	0.954024
0.062344	1.258417
0.049250	0.972151
0.049937	1.079809
0.057071	0.976626
0.053588	0.940894
0.055790	1.081660
0.058245	0.863671
0.059904	0.810691
0.057599	0.845249
0.068511	0.839987
0.059779	0.740396
0.055093	0.669834
0.058925	0.689795
0.063314	0.780229
0.062489	0.795655
0.059807	0.777957
0.056270	0.743958
0.060160	0.800947
0.062083	0.859304
0.064457	0.890022
0.052590	0.824431
0.061989	0.923312
0.066583	0.975768
0.054819	0.679607
0.058166	0.851112
0.047498	0.717712
0.057228	0.808941
0.064720	0.861635
0.054630	0.623375
0.065664	0.895156
0.056022	0.686434
0.067433	0.715140
0.063604	0.789513
0.054444	0.540637
0.069379	0.964311
0.057491	0.685904
0.048902	0.510846
0.051154	0.405232
0.048115	0.431501
0.061272	0.677188
0.036834	0.121153
0.052335	0.464663
0.055071	0.474225
0.058091	0.563292
0.071564	0.806869
0.063279	0.683980
0.064359	0.672952
0.051759	0.367664
0.061996	0.590711
0.057525	0.481412
0.071319	0.800675
0.066921	0.712920
0.069824	0.710128
0.069708	0.756028
0.054946	0.398510
0.085163	1.114544
0.071959	0.790863
0.078498	1.020723
0.079549	1.103898
0.079781	1.095811
0.076972	1.036636
0.080674	1.143442
0.090185	1.399841
0.083766	1.220743
0.088422	1.327252
0.095209	1.531367
0.080237	1.142739
0.108244	1.742741
0.082339	1.209747
0.079481	1.182023
0.089860	1.383472
0.078844	1.199564
0.068664	1.033353
0.068150	0.952454
0.074134	1.151985
0.072573	1.077774
0.059876	0.826345
0.058637	0.904649
0.072403	1.107971
0.065722	0.990719
0.062271	0.916066
0.058934	0.902535
0.081065	1.323624
0.056896	0.867981
0.082536	1.600325
0.076954	1.234631
0.080292	1.361117
0.084394	1.432747
0.093883	1.653540
0.075179	1.237852
0.086476	1.489027
0.093841	1.644851
0.086343	1.395452
0.090134	1.513268
0.111506	1.967277
0.100695	1.672214
0.097698	1.682477
0.098088	1.595514
0.098013	1.660416
0.097654	1.623421
0.092244	1.549368
0.101089	1.771665
0.100306	1.719422
0.094441	1.630011
0.093734	1.608986
0.094275	1.607265
0.106768	1.918227
0.096919	1.774061
0.112964	2.106250
0.106446	2.011478
0.111335	2.060694
0.110430	2.104468
0.126422	2.422006
0.113397	2.146246
0.125804	2.451785
0.105374	1.947479
0.115925	2.190451
0.111829	2.118297
0.114926	2.147064
0.099459	1.842749
0.111742	1.930397
0.113519	2.054057
0.100209	1.810768
0.107114	1.977508
0.105951	1.905966
0.087957	1.676577
0.088366	1.544906
0.083888	1.496944
0.091787	1.654664
0.085793	1.536432
0.084273	1.578888
0.098648	1.782135
0.090433	1.556217
0.092417	1.639765
0.082938	1.443526
0.087844	1.591386
0.098687	1.686833
0.080602	1.408285
0.090285	1.521308
0.092147	1.631925
0.099619	1.699019
0.091935	1.650774
0.093808	1.717877
0.085978	1.558026
0.090069	1.655426
0.083726	1.463204
0.077786	1.454978
0.076935	1.435955
0.074001	1.304276
0.085426	1.495008
0.079473	1.450071
0.073994	1.355097
0.067417	1.256107
0.075785	1.377178
0.072694	1.337257
0.073963	1.403554
0.066981	1.237569
0.064347	1.247383
0.065899	1.254472
0.071175	1.358989
0.074521	1.369736
0.065592	1.243195
0.063593	1.168520
0.056554	1.096125
0.064867	1.172472
0.064294	1.239433
0.058522	1.121639
0.067864	1.301238
0.070597	1.383756
0.067251	1.321251
0.075132	1.450952
0.072251	1.427188
0.077400	1.611142
0.067358	1.335158
0.064628	1.302118
0.055589	1.073765
0.059325	1.214655
0.055432	1.225085
0.052085	1.132240
0.045380	1.044087
0.039640	0.942372
0.033589	0.826764
0.037434	1.112883
0.041940	1.271561
0.050969	1.539837
0.036707	1.153276
0.042165	1.246294
0.043135	1.341603
0.053913	1.673349
0.036081	1.325718
0.035736	1.315196
0.052031	1.495713
0.044668	1.474542
0.070070	1.812226
0.072285	1.811935
0.076097	2.049796
0.063534	1.919493
0.065260	1.860001
0.052096	1.601109
0.042230	1.324661
0.061217	1.721245
0.064261	1.636150
0.064790	1.617006
0.081139	1.935719
0.067444	1.821122
0.092341	2.163901
0.090638	2.181080
0.076967	1.941386
0.068388	1.786252
0.077331	1.997038
0.059871	1.760079
0.071914	2.101480
0.052546	1.712526
0.056302	1.800075
0.054482	1.831825
0.045314	1.779576
0.038938	1.588894
0.030220	1.394240
0.039271	1.549764
0.056680	1.892298
0.044765	1.711761
0.056130	1.792980
0.042813	1.674758
0.040246	1.533771
0.064249	1.923787
0.047820	1.811639
0.073039	2.140799
0.064087	1.985262
0.060208	2.072597
0.070784	2.153642
0.060741	1.289964
0.062106	1.321211
0.056012	1.186218
0.052841	1.140823
0.058691	1.252612
0.051643	1.142236
0.051351	1.141675
0.050892	1.064983
0.045759	0.976554
0.040133	0.872494
0.046337	1.068144
0.050827	1.029798
0.049555	0.945860
0.053373	1.139105
0.049899	1.027194
0.044601	1.035494
0.042015	0.964186
0.043351	0.968071
0.043638	1.017613
0.041641	0.943080
0.048692	0.990861
0.059986	1.206467
0.056751	1.095468
0.060367	1.221821
0.051299	1.140954
0.052852	1.374032
0.045952	1.281404
0.037105	1.073393
0.032237	1.027846
0.032053	0.987314
0.034544	1.160940
0.038766	1.348603
0.035003	1.283986
0.036017	1.353987
0.034986	1.243470
0.029851	1.069488
0.031864	1.107049
0.035337	1.195744
0.042545	1.354084
0.046647	1.502796
0.046560	1.540672
0.049417	1.567925
0.052940	1.688442
0.051422	1.607170
0.048937	1.613972
0.048818	1.707600
0.050525	1.817454
0.049566	1.746566
0.036116	1.287178
0.035371	1.277431
0.036021	1.457630
0.036451	1.633707
0.031512	1.642206
0.041946	1.905985
0.030745	1.562892
0.027918	1.376911
0.029343	1.346650
0.028298	1.285858
0.029694	1.275784
0.027170	1.254711
0.028976	1.276196
0.034689	1.387568
0.034496	1.273525
0.030541	1.155635
0.035400	1.165971
0.037158	1.148322
0.034377	1.030349
0.030226	0.814253
0.032448	0.848338
0.036678	0.893692
0.040357	0.962340
0.035239	0.770708
0.032721	0.603149
0.030888	0.431299
0.030638	0.356448
0.043717	0.367820
0.051765	0.291525
0.054328	0.377806
0.055703	0.387609
0.060943	0.603323
0.059925	0.762122
0.054632	0.763873
0.061895	0.682203
0.068271	0.696683
0.063488	0.799847
0.062167	0.761513
0.063228	0.864701
0.065130	1.034473
0.063534	1.013829
0.063972	0.973910
0.061493	1.091290
0.064674	1.177215
0.063909	1.163139
0.066638	1.255234
0.067430	1.255451
0.069241	1.307725
0.067180	1.367756
0.065235	1.349663
0.065653	1.380362
0.063179	1.322606
0.066594	1.354542
0.066614	1.328926
0.068389	1.366576
0.058505	1.218910
0.060154	1.237457
0.055020	1.108325
0.055969	1.059685
0.051017	0.941808
0.049648	0.992542
0.055756	1.094011
0.053038	1.028014
0.045702	0.862186
0.047056	0.945974
0.053341	1.134786
0.056644	1.124665
0.044571	0.855655
0.051032	0.994448
0.032223	0.573450
0.028408	0.551847
0.020836	0.191758
0.016328	0.388139
0.021883	0.395469
0.028787	0.614994
0.031813	0.738966
0.034448	0.771060
0.037793	0.886040
0.045206	0.983759
0.036414	0.699308
0.029812	0.624876
0.032613	0.666750
0.032461	0.686711
0.025623	0.526750
0.021371	0.472275
0.022053	0.356064
0.023812	0.367355
0.030791	0.434150
0.039197	0.609569
0.058364	0.987607
0.054215	0.644316
0.051427	0.601715
0.053565	0.570438
0.062443	0.710771
0.065558	0.757136
0.071543	0.805382
0.072880	0.817143
0.078384	0.580096
0.081533	1.003595
0.087995	1.008239
0.091418	1.051238
0.092890	1.126023
0.098798	1.117019
0.106370	1.144964
0.106007	1.105715
0.106994	1.057980
0.112378	1.128272
0.107702	1.054257
0.115920	1.124963
0.123001	1.179986
0.123437	1.171907
0.120925	1.160587
0.118694	1.100553
0.121383	1.140831
0.123901	1.128141
0.124259	1.149119
0.120587	1.191169
0.088504	1.897520
0.083453	1.376112
0.084161	1.343485
0.083682	1.371825
0.080162	1.320925
0.074979	1.272753
0.079943	1.353903
0.072961	1.217437
0.073870	1.217363
0.070641	1.172588
0.067529	1.181237
0.076778	1.292312
0.083291	1.377702
0.079337	1.327616
0.063126	1.137982
0.054941	1.066794
0.060901	1.005620
0.064734	0.346191
0.066847	0.613163
0.067155	1.085217
0.060471	0.929289
0.060429	0.981108
0.063914	1.129641
0.074251	1.282646
0.053496	1.060456
0.068961	1.286491
0.052916	1.046007
0.068706	1.194354
0.074156	1.260763
0.064199	1.649947
0.049293	0.986370
0.045698	0.874815
0.055079	0.967761
0.048806	0.910848
0.045567	0.867621
0.051407	0.953234
0.053287	1.059491
0.052221	1.052766
0.053092	1.058349
0.057259	0.826977
0.054955	1.108953
0.053931	1.047854
0.057861	1.140267
0.056437	1.095063
0.036455	0.711566
0.041920	0.784141
0.044526	0.815783
0.047501	0.878541
0.047503	0.909253
0.050592	0.980127
0.044271	0.884194
0.040824	0.869046
0.041250	0.844004
0.044900	0.761951
0.039931	0.762440
0.032255	0.581393
0.033931	0.616596
0.034669	0.628114
0.038988	0.760306
0.036323	0.659094
0.040701	0.828823
0.046505	0.987749
0.053772	1.152084
0.045899	1.004177
0.044386	1.019748
0.050680	1.151773
0.065250	0.902417
0.070911	1.618966
0.068402	1.559356
0.062836	1.460067
0.056365	1.241661
0.062126	1.364862
0.072182	1.614915
0.074155	1.677315
0.086674	1.966399
0.084790	1.903421
0.089492	2.668624
0.100548	2.279855
0.096270	2.267229
0.087142	2.074026
0.080026	1.968876
0.075523	1.867716
0.071761	1.808717
0.075253	1.878437
0.066842	1.547416
0.072709	1.803086
0.060304	1.580344
0.064891	1.649388
0.059299	1.500698
0.052884	1.322789
0.048340	1.259990
0.048406	1.228934
0.035081	0.807379
0.033458	0.757072
0.035477	0.840735
0.050775	2.073720
0.032185	0.473209
0.024803	0.437850
0.024392	0.585600
0.019363	0.407123
0.020206	0.296782
0.024574	0.403684
0.028402	0.399034
0.018755	0.330382
0.023788	0.412964
0.029339	0.514167
0.026527	0.528223
0.030097	0.578028
0.047934	0.982565
0.062920	1.192919
0.072790	1.463550
0.053324	1.109831
0.053560	1.105411
0.050289	1.049319
0.058566	1.267388
0.077224	1.744298
0.085779	1.878850
0.079126	1.828808
0.061980	1.425083
0.059246	1.338026
0.060331	1.326838
0.064210	1.407728
0.066731	1.512067
0.066518	1.382073
0.064963	1.374385
0.058049	1.217187
0.059391	1.229777
0.060645	1.300609
0.057546	1.226724
0.061713	1.392266
0.058570	1.362086
0.061080	1.514794
0.054303	1.372403
0.062814	1.623234
0.055322	1.523065
0.053692	1.498268
0.049276	1.413695
0.046083	1.296668
0.045679	1.349999
0.046255	1.307000
0.040260	1.142840
0.038554	1.148459
0.044833	1.328501
0.039424	1.292998
0.039567	1.289441
0.036711	1.220479
0.033754	1.192150
0.035114	1.279883
0.049078	1.523848
0.038909	1.372869
0.033772	1.175676
0.026867	1.097860
0.023039	1.083615
0.034493	1.295800
0.043117	1.511364
0.038462	1.392594
0.035263	1.282294
0.039427	1.359973
0.042005	1.329783
0.036395	1.246983
0.041262	1.411485
0.044251	1.536829
0.039311	1.387582
0.030325	0.955525
0.050020	1.703393
0.049605	1.607846
0.042583	1.438570
0.039212	1.322555
0.041114	1.431943
0.044659	1.446957
0.050465	1.636901
0.044344	1.352273
0.037619	1.147655
0.032763	0.969914
0.031807	0.972246
0.035615	1.066670
0.041805	1.013116
0.046203	1.132778
0.049867	1.178638
0.046484	1.145136
0.087768	1.473821
0.085933	1.318876
0.099531	1.440103
0.086468	1.331313
0.103783	1.426495
0.104454	1.393272
0.104436	1.592902
0.094043	1.451603
0.101695	1.596689
0.092004	1.407597
0.094790	1.519715
0.089075	1.469219
0.082338	1.395644
0.073886	1.235901
0.074847	1.271673
0.067874	1.131867
0.063137	0.952384
0.052776	0.791933
0.057751	1.219270
0.058058	1.222186
0.050053	1.107875
0.074949	1.563352
0.069831	1.487484
0.081482	1.708311
0.088609	1.513665
0.065302	1.489546
0.055130	1.278438
0.060647	1.419023
0.063604	1.485853
0.077511	1.752078
0.068929	1.628357
0.075740	1.714755
0.070679	1.688163
0.076823	1.772798
0.077132	1.768922
0.093272	2.130996
0.096603	2.140704
0.090449	1.994897
0.096789	1.971928
0.102217	2.107455
0.083360	1.646537
0.087492	1.837687
0.077655	1.676615
0.080618	1.588754
0.078226	1.553226
0.067508	1.408248
0.075992	1.539769
0.075630	1.452064
0.076510	1.369830
0.076042	1.279228
0.079684	1.497829
0.083947	1.559113
0.061310	1.246084
0.066187	1.265164
0.070940	1.309049
0.054514	1.022216
0.046619	1.081974
0.030355	0.875417
0.035722	0.913933
0.023385	0.842343
0.025551	0.875914
0.021195	0.824966
0.022610	0.926245
0.031422	1.008797
0.032659	1.015658
0.033906	1.020777
0.038477	1.037134
0.046794	1.169992
0.052330	1.339334
0.053030	1.333530
0.052275	1.288645
0.049267	1.173227
0.052103	1.289336
0.050497	1.286826
0.046804	1.220572
0.044816	1.156812
0.047060	1.223682
0.044124	1.137326
0.042263	1.115998
0.040960	1.163047
0.039007	1.126355
0.040194	1.100067
0.036890	1.021953
0.024984	0.810147
0.029463	0.864613
0.037958	0.977777
0.035273	0.894512
0.028510	0.784463
0.032933	0.847161
0.042209	1.206385
0.039030	1.059822
0.037285	1.132325
0.034855	1.052631
0.041477	1.110910
0.036890	1.078199
0.048086	1.255220
0.044914	1.213368
0.050363	1.262934
0.053698	1.298066
0.051999	1.287069
0.050255	1.263411
0.050502	1.243486
0.052871	1.296383
0.055573	1.223097
0.056536	1.256130
0.052144	1.142901
0.055260	1.186993
0.054259	1.150684
0.055827	1.199734
0.053386	1.171557
0.051745	1.106679
0.054388	0.941178
0.048838	1.006341
0.059437	1.004887
0.056230	1.103157
0.056927	1.070323
0.070048	1.653408
0.050989	0.954450
0.050145	0.898528
0.055128	0.941180
0.053096	0.960346
0.041176	0.832506
0.063059	1.962653
0.041489	0.820209
0.042498	0.934707
0.037873	0.785279
0.041097	0.815236
0.042121	0.817959
0.042829	0.835648
0.042207	0.879791
0.042293	0.946605
0.042526	0.958934
0.040988	0.928249
0.046569	1.041070
0.043886	0.987729
0.041877	0.937730
0.046015	1.061708
0.044743	1.039927
0.044529	0.957041
0.042246	0.950786
0.046111	0.986545
0.049264	1.082918
0.048893	1.072450
0.051752	1.152076
0.049607	1.039226
0.047863	0.980288
0.037720	0.894483
0.040883	0.798357
0.050062	1.112395
0.047789	0.990105
0.051555	1.034538
0.047931	0.944077
0.048564	0.975902
0.045115	1.060103
0.043348	1.020801
0.044975	0.983934
0.043964	0.959693
0.046252	0.976919
0.057710	1.100381
0.051873	1.021560
0.051600	1.059175
0.051372	1.106773
0.049178	0.980528
0.053862	1.049174
0.048197	0.985105
0.055296	1.095630
0.055323	1.111361
0.055734	1.132961
0.055672	1.028170
0.057753	1.067055
0.055397	1.065778
0.051317	0.915131
0.053707	0.879080
0.048121	0.848687
0.049437	0.898491
0.047665	0.865084
0.043625	0.811978
0.044030	0.813057
0.044801	0.720148
0.047379	0.731335
0.051250	0.721595
0.070336	1.405404
0.051618	0.747840
0.046583	0.686508
0.053916	0.791223
0.051777	0.774547
0.053433	0.733494
0.062617	0.894722
0.061550	0.895764
0.058166	0.873342
0.060293	0.835723
0.076181	1.085970
0.075154	0.923002
0.069209	0.982775
0.057605	0.870440
0.050423	0.750833
0.066150	0.922354
0.071824	1.051188
0.070069	1.065911
0.055531	0.851018
0.057822	0.904534
0.058909	0.907802
0.067573	0.978105
0.067049	0.951780
0.066091	0.971568
0.055719	0.834244
0.056179	0.845907
0.048210	0.728871
0.040843	0.652308
0.031925	0.530033
0.041743	0.613120
0.045123	0.632138
0.043097	0.627062
0.038679	0.574373
0.037643	0.571327
0.036516	0.538220
0.035328	0.600059
0.022101	0.661229
0.025265	0.466455
0.031155	0.575089
0.040759	0.738557
0.038550	0.670996
0.035951	0.711634
0.040233	0.815566
0.036874	0.747734
0.038792	0.782173
0.040618	0.845579
0.031763	0.685164
0.030736	0.606154
0.027447	0.547811
0.027220	0.562871
0.029391	0.672064
0.037699	0.902274
0.042545	1.004267
0.037262	0.921573
0.034995	0.895941
0.039070	1.039111
0.039288	1.017220
0.036008	0.940633
0.040067	1.031019
0.034199	0.881407
0.038905	1.002600
0.038553	1.007303
0.037369	0.935437
0.036958	0.959748
0.037901	1.015644
0.033207	0.937565
0.032499	0.926887
0.030362	0.865077
0.030135	0.911068
0.031791	0.979689
0.031159	0.951579
0.031452	0.934260
0.030008	0.923717
0.028753	0.864451
0.029259	0.900001
0.034366	0.961662
0.033629	0.998994
0.046204	1.085965
0.050985	1.145922
0.060141	1.256464
0.063581	1.289437
0.080748	1.541810
0.090627	1.756089
0.089741	1.748001
0.102483	1.948263
0.113155	2.127680
0.109373	2.062234
0.123862	2.351781
0.123722	2.501576
0.127697	2.583505
0.116203	2.989994
0.122093	2.510193
0.133530	2.767433
0.139492	3.071847
0.132533	2.939163
0.131700	2.971187
0.129310	2.924624
0.144543	3.270236
0.144916	3.242330
0.134223	3.588101
0.147715	3.230892
0.145586	4.034025
0.159273	3.455778
0.171680	3.701377
0.172694	3.818393
0.164136	3.505716
0.171957	3.621578
0.178559	3.800367
0.199701	3.544520
0.194493	3.997020
0.191105	3.912483
0.196332	4.050955
0.177493	3.606156
0.176697	3.604095
0.176031	3.498336
0.166026	3.197158
0.141565	2.732426
0.136856	2.692374
0.158385	3.527979
0.115292	2.197936
0.105938	2.013084
0.106694	1.988860
0.100717	2.017267
0.102419	1.983799
0.106888	2.065668
0.091506	1.829492
0.084521	1.626397
0.093568	1.881596
0.087006	1.850045
0.056916	1.533943
0.054358	1.147282
0.064130	1.352492
0.056117	1.166505
0.062319	1.351157
0.073995	1.329056
0.040871	0.861021
0.040630	0.848917
0.030702	0.819202
0.030046	0.693273
0.028754	0.647757
0.034051	0.938707
0.042949	1.104735
0.035073	0.932646
0.039465	1.022672
0.038766	0.972380
0.038289	0.908284
0.039353	1.072664
0.043227	0.993962
0.049218	1.123426
0.055576	1.227692
0.048127	0.975251
0.049383	0.993434
0.055059	1.127419
0.067509	1.275933
0.060384	1.083609
0.058354	1.043770
0.066378	1.033683
0.067064	1.164569
0.065906	1.182910
0.070402	1.227475
0.069549	1.101131
0.067573	1.282429
0.069257	1.407814
0.067346	1.350512
0.060362	1.107317
0.059117	1.105902
0.055727	1.163113
0.042509	1.010323
0.049899	1.314145
0.048922	1.289193
0.042220	1.155418
0.044038	1.296915
0.041146	1.275053
0.039576	1.208530
0.043991	1.332756
0.044636	1.331541
0.044546	1.441434
0.041980	1.319265
0.037689	1.245355
0.040001	1.349764
0.039239	1.360597
0.037170	1.337279
0.038861	1.432596
0.043430	1.561014
0.049614	1.632663
0.046475	1.418935
0.045805	1.518914
0.040909	1.368659
0.039400	1.328995
0.042114	1.424591
0.040507	1.398202
0.035025	1.220870
0.040384	1.387190
0.039183	1.339632
0.032848	1.192294
0.028402	1.069138
0.029041	1.088151
0.023325	0.874914
0.026887	1.043891
0.024010	0.915478
0.018842	0.795891
0.017794	0.809129
0.016849	0.734460
0.025635	1.014284
0.030009	1.072327
0.013278	0.544689
0.008983	0.383085
0.013529	0.524549
0.010011	0.517370
0.012940	0.240006
0.010658	0.254702
0.005436	0.453025
0.016133	0.184212
0.015155	0.245244
0.006126	0.310077
0.007055	0.287643
0.012087	0.155095
0.017864	0.314432
0.018861	0.167914
0.023655	0.273643
0.025712	0.346528
0.029507	0.407830
0.030545	0.437183
0.026370	0.411196
0.028932	0.509630
0.031548	0.599968
0.023999	0.388123
0.030015	0.502529
0.032435	0.549846
0.043473	0.754019
0.041226	0.744993
0.033142	0.574440
0.034666	0.646080
0.042830	0.790737
0.046151	0.874309
0.047514	0.932893
0.050543	1.051507
0.045097	0.876043
0.047062	0.950680
0.045696	0.844955
0.043519	0.714421
0.048876	0.809245
0.049898	0.796827
0.047242	0.770697
0.044735	0.707692
0.054663	0.953314
0.044501	0.755420
0.047285	0.820177
0.050040	1.035542
0.041517	1.046201
0.035113	0.935013
0.037056	1.041233
0.044324	1.299418
0.058648	1.615873
0.058245	1.622929
0.053318	1.664465
0.057017	1.623595
0.055781	1.415566
0.055155	1.370926
0.053345	1.257935
0.050700	1.222024
0.050238	1.054826
0.048703	0.997941
0.408048	2.336699
0.267428	3.680823
0.628762	3.585960
0.950789	5.506453
0.950835	5.497783
1.197239	6.834626
2.727501	12.036331
2.757124	10.346213
2.756518	10.342780
3.772789	13.187946
3.404534	11.296977
3.844965	12.328120
2.994359	10.551941
3.007507	10.627773
3.673119	12.195176
3.278048	9.874570
3.719233	12.434549
3.548916	12.598883
3.356242	11.700063
3.366797	11.879601
3.951469	12.907662
4.250903	14.823572
3.104573	7.231047
3.571071	10.189496
3.655949	10.864784
3.995949	11.982606
4.008578	12.390134
4.232312	13.860457
3.918384	14.654437
3.723130	15.121585
4.051923	15.834957
4.466580	18.901597
4.818053	111.255647
4.954186	112.126428
4.724156	154.715205
2.091667	33.193230
2.649417	51.089894
4.854259	141.372471
4.718164	156.673666
4.906979	112.583313
4.937033	113.121415
5.058990	43.185439
4.356753	31.102602
4.418439	28.144742
5.160841	110.754550
5.219282	45.550252
4.714055	35.801451
4.633738	25.976929
3.873506	20.759462
4.927411	30.325685
3.986758	20.337160
3.551394	22.002666
4.345131	31.579943
5.558134	101.441696
2.594416	18.516950
2.148810	15.919807
1.502698	12.211087
2.137846	18.385710
2.057636	18.163886
2.215593	14.812512
1.654269	11.014752
2.051676	15.133602
1.577632	13.323533
1.498472	11.329995
2.795568	23.071266
1.034366	10.609671
0.723868	6.552495
0.413884	5.403945
0.488771	5.208060
0.351771	4.672672
0.304424	3.983140
0.430643	5.637800
0.290624	4.614583
0.515576	6.296630
0.842998	8.962522
0.617244	7.500385
0.675344	7.637886
0.279402	3.461554
0.030319	0.892213
0.479251	6.645413
0.030722	1.016374
0.403492	5.907381
0.273503	4.631266
0.030942	0.903489
0.039644	0.965963
0.250493	4.623612
0.036510	0.878300
0.038479	0.704065
0.049467	1.026762
0.042173	0.915182
0.042799	0.791712
0.047884	0.819644
0.046808	0.910689
0.047107	0.962557
0.059840	1.125859
0.053942	1.054693
0.058767	1.110292
0.052179	1.003635
0.057093	0.996724
0.071369	1.173176
0.070810	1.136787
0.071704	1.112234
0.079470	1.216472
0.077650	1.190275
0.065216	1.015173
0.057556	0.976263
0.066775	1.307561
0.050168	0.899466
0.049112	0.804772
0.029037	0.777922
0.033552	0.942859
0.043352	1.023741
0.043696	0.982798
0.050898	1.079046
0.051871	1.107046
0.047112	1.012047
0.055291	1.043538
0.058125	1.153072
0.048895	1.025504
0.050526	1.000390
0.055790	1.190330
0.058448	1.071271
0.061113	1.306303
0.058850	1.322011
0.062730	1.313097
0.057440	1.384024
0.057974	1.513506
0.063500	1.619316
0.075794	1.680227
0.079155	1.665666
0.063591	1.749901
0.061257	1.584289
0.070583	1.671536
0.075017	1.659872
0.090799	1.854062
0.092741	1.756087
0.098858	1.761092
0.073378	1.653272
0.078608	1.629767
0.088608	1.753598
0.093007	1.787157
0.100110	1.680848
0.100279	1.653072
0.092954	1.719068
0.102394	1.786630
0.101494	1.843297
0.080933	1.850260
0.113450	1.851813
0.112146	1.815439
0.116518	1.943457
0.112573	1.796988
0.111172	1.895379
0.112467	1.833945
0.111370	1.848008
0.111278	1.743190
0.107221	1.782310
0.109852	1.763464
0.107736	1.600312
0.128323	1.797795
0.123269	1.742189
0.117348	1.730726
0.133493	1.883049
0.128829	2.030849
0.121651	1.838154
0.125560	1.895448
0.138989	2.108087
0.133701	2.021664
0.135297	2.078546
0.134725	2.084636
0.129451	2.037728
0.133112	2.164006
0.145679	2.186390
0.138896	2.116980
0.151160	2.244195
0.092730	1.980328
0.163540	2.511575
0.169347	2.638253
0.164772	2.631609
0.112102	2.131632
0.079818	2.163517
0.078893	2.184647
0.072013	2.088483
0.073966	2.092348
0.133020	2.239619
0.127934	2.134985
0.079427	1.958337
0.143901	2.254936
0.075274	1.861548
0.067483	1.789800
0.071279	1.785353
0.064720	1.720671
0.068085	1.687121
0.073202	1.541415
0.076449	1.587341
0.073352	1.516672
0.075658	1.640180
0.088864	1.739639
0.063370	1.267125
0.022526	0.618857
0.023718	0.341123
0.042771	0.517537
0.041609	0.704463
0.054048	0.868572
0.042054	0.692306
0.051845	0.886327
0.055495	0.906365
0.067547	1.134720
0.055468	1.021800
0.060922	1.118578
0.054631	1.069538
0.048263	0.892395
0.020266	0.994611
0.022633	1.078382
0.027573	1.235072
0.024314	1.101607
0.025709	1.213758
0.023027	1.076257
0.023985	1.066020
0.024900	1.123777
0.027686	1.212179
0.024969	1.115612
0.025555	1.143760
0.020951	1.050266
0.014971	0.879614
0.015329	0.899124
0.012973	0.811599
0.013798	0.901122
0.017580	0.952277
0.021845	1.071266
0.015643	0.950397
0.020508	1.072473
0.017700	1.019035
0.012035	0.813630
0.012847	0.816501
0.012994	0.837849
0.016069	0.917319
0.013993	0.846158
0.014574	0.854918
0.009527	0.676755
0.008077	0.626485
0.007663	0.615690
0.010978	0.740645
0.006919	0.588666
0.008113	0.622143
0.009063	0.629250
0.010902	0.682082
0.011155	0.650918
0.012415	0.697559
0.012183	0.682292
0.011102	0.656894
0.012438	0.754437
0.009386	0.684548
0.009978	0.678698
0.014504	0.782011
0.014116	0.847080
0.011307	0.778863
0.012133	0.787673
0.011009	0.734353
0.008183	0.699463
0.017044	0.948186
0.009394	0.666333
0.010595	0.691166
0.013082	0.806752
0.030046	1.312806
0.015429	0.815233
0.011100	0.635235
0.005985	0.481114
0.007898	0.532909
0.011222	0.612061
0.024672	0.914178
0.024576	0.906547
0.021325	0.797997
0.021229	0.797710
0.013658	0.641404
0.011421	0.596112
0.010721	0.566113
0.017941	0.403263
0.013862	0.712495
0.018908	0.753646
0.020455	0.815875
0.023503	1.270718
0.013181	0.619572
0.010448	0.571164
0.013354	0.654520
0.014178	0.671624
0.018004	0.716845
0.023908	0.894323
0.024256	0.864300
0.020901	0.858138
0.021193	0.789688
0.021438	0.771960
0.016369	0.702214
0.030583	1.019882
0.044066	1.346283
0.040624	1.246346
0.040804	1.252392
0.031836	0.957948
0.027284	0.848491
0.032578	0.990526
0.039257	0.953954
0.046484	0.951144
0.045461	0.926810
0.041736	0.885860
0.036562	0.868951
0.041526	1.033695
0.041302	1.103248
0.044207	1.059167
0.043561	1.033773
0.044890	1.051505
0.042795	1.071321
0.043848	1.015174
0.042110	0.941295
0.030674	0.811140
0.033088	0.868493
0.037555	0.943891
0.037978	0.950752
0.037384	1.229125
0.042289	1.025283
0.036666	0.895772
0.040181	0.991174
0.037426	0.906367
0.036740	0.910797
0.037255	0.953040
0.034989	0.861089
0.033256	0.812537
0.040530	0.969204
0.035094	0.824086
0.031534	0.749633
0.038631	0.853216
0.034692	0.774423
0.035720	0.739072
0.035593	0.809968
0.037793	0.817997
0.027454	0.538681
0.027986	0.566818
0.025946	0.432274
0.033420	0.703134
0.034706	0.761634
0.032450	0.608868
0.035194	0.607433
0.038389	0.700898
0.035999	0.698810
0.044589	0.835168
0.049373	0.984006
0.042103	0.752048
0.046502	0.759410
0.038941	0.689155
0.041269	0.749466
0.040095	0.736469
0.034386	0.604829
0.029806	0.713257
0.038152	0.789884
0.043746	0.769746
0.043464	0.828067
0.033753	0.812428
0.049272	0.953999
0.034000	0.770511
0.029740	0.616771
0.018142	0.382442
0.015178	0.318636
0.019862	0.362162
0.028368	0.516256
0.007909	0.198960
0.013370	0.278161
0.010867	0.056813
0.009606	0.140218
0.016246	0.383728
0.016209	0.354614
0.014049	0.299807
0.015288	0.318111
0.030252	0.582468
0.029701	0.555443
0.028526	0.506590
0.029697	0.509968
0.027920	0.481900
0.031857	0.530924
0.037124	0.599226
0.037874	0.713938
0.035859	0.641997
0.035427	0.622713
0.031670	0.589702
0.032472	0.830715
0.030773	0.653969
0.042441	0.950953
0.037404	0.892814
0.020291	0.727429
0.032408	0.829850
0.038634	0.934766
0.047306	1.159728
0.063868	1.672102
0.070810	1.823509
0.075273	1.899991
0.067970	2.034350
0.071604	1.750925
0.077206	1.789890
0.083340	1.920235
0.064367	1.717749
0.059058	1.631519
0.054655	1.503041
0.051050	1.310696
0.046849	1.362096
0.042452	1.329666
0.043135	1.219591
0.036992	1.272731
0.033540	1.242919
0.035232	1.247893
0.035680	1.181194
0.034579	1.178601
0.027798	1.199908
0.028140	1.211813
0.029006	1.348233
0.022304	1.333820
0.025727	1.460098
0.023694	1.444380
0.030482	1.312458
0.029402	1.375686
0.026573	1.388008
0.029971	1.334439
0.026179	1.416525
0.027381	1.616283
0.030021	1.680740
0.030344	1.512696
0.025184	1.414503
0.037904	1.501348
0.024005	1.376833
0.031691	1.429893
0.029753	1.404114
0.030125	1.375516
0.031335	1.362883
0.022206	1.402938
0.024272	1.136214
0.025051	1.164597
0.018421	1.199440
0.018832	1.190769
0.019990	1.142889
0.021061	1.085811
0.025177	1.180758
0.024620	0.975597
0.022455	0.968589
0.012264	0.941869
0.028401	0.761709
0.018150	0.792515
0.027604	0.815512
0.027640	0.798920
0.006492	0.419234
0.026484	0.556205
0.019913	0.461441
0.017502	0.471690
0.021003	0.442891
0.036414	0.645798
0.035277	0.634322
0.026868	0.508466
0.041771	0.716322
0.040890	0.983595
0.040082	0.660125
0.039461	0.713070
0.046933	0.866707
0.050545	0.866414
0.049673	0.835611
0.043594	0.716550
0.042740	0.688298
0.047843	0.787415
0.041636	0.669223
0.041527	0.660179
0.071791	1.207251
0.067315	1.233185
0.101878	2.222751
0.067950	1.262316
0.065357	1.107880
0.035267	0.631141
0.036423	0.675420
0.026646	0.612959
0.028755	0.723881
0.062891	1.293457
0.527031	4.918576
0.527808	4.914252
0.021562	1.079362
0.025286	0.984888
0.034892	0.742466
0.015038	0.342153
0.016898	0.406824
0.007784	0.659600
0.005226	0.656430
0.024282	0.895480
0.020940	0.443780
0.025419	0.513611
0.048736	0.835946
0.052393	1.009736
0.061507	1.525849
0.058449	1.466680
0.081729	1.937479
0.090463	2.106400
0.073325	1.654107
0.050878	1.129566
0.082700	1.470129
0.090447	1.671764
0.072656	1.257910
0.071250	1.224163
0.049674	0.911928
0.043826	0.713382
0.072194	1.208127
0.078695	1.735463
0.023168	0.336725
0.042704	0.643895
0.042296	0.680093
0.027521	0.578846
0.031910	0.709123
0.025316	0.718747
0.019686	0.725626
0.009799	0.681831
0.012488	0.546646
0.018031	0.473280
0.021900	0.692131
0.028540	0.582551
0.036867	0.568189
0.048852	0.448812
0.058788	0.662921
0.067574	0.903336
0.067113	0.805302
0.088920	1.095900
0.093890	1.044840
0.090911	0.886424
0.107661	1.333086
0.115194	1.422135
0.113919	1.567900
0.119276	1.199333
0.114735	1.052824
0.111506	0.987624
0.117133	0.545877
0.149346	0.821566
0.120545	0.380308
0.116895	0.931316
0.139931	1.801506
0.111802	1.649927
0.058061	1.169693
0.046391	0.675704
0.028053	0.573427
0.032816	0.573699
0.020339	0.413836
0.018510	0.576856
0.022865	0.520593
0.026371	0.673577
0.016268	0.397845
0.019235	0.270157
0.019136	0.304241
0.017204	0.212604
0.023014	0.213569
0.023225	0.242033
0.028093	0.137783
0.026791	0.189060
0.013219	0.102403
0.012010	0.075164
0.014586	0.236270
0.024354	0.528062
0.026149	0.507962
0.012506	0.269191
0.023531	0.551697
0.033735	0.722691
0.026553	0.549640
0.028064	0.589237
0.027345	0.513792
0.022481	0.479385
0.026503	0.728133
0.042517	1.123077
0.050954	1.199150
0.053439	1.239309
0.046867	1.026409
0.048259	1.010014
0.048015	0.899043
0.036990	0.757393
0.037078	0.796979
0.035461	0.722984
0.037199	0.731361
0.036917	0.707817
0.041661	0.809289
0.039777	0.729075
0.039654	0.716350
0.041066	0.753157
0.020717	1.033242
0.043290	0.807001
0.049818	0.908629
0.053573	0.947648
0.055082	0.931675
0.055484	0.905027
0.074957	1.072134
0.064504	1.045855
0.062831	1.068340
0.057299	1.052369
0.044687	0.786270
0.053813	0.807522
0.065341	2.926382
0.074761	3.147820
0.061578	2.927530
0.071614	3.007059
0.070571	2.993931
0.092827	3.507882
0.082058	3.414049
0.071566	3.020301
0.067854	3.050871
0.066869	3.198053
0.061690	3.073071
0.079696	3.462972
0.053768	3.001573
0.061065	2.978637
0.065361	3.029840
0.064426	2.883707
0.051661	2.723795
0.038733	2.405136
0.056242	2.785685
0.039198	2.317657
0.051841	2.585176
0.050967	2.672334
0.636586	11.762192
0.802021	10.442278
0.027935	2.671360
0.717181	11.898382
0.787389	14.353537
0.023275	2.276840
0.659573	6.709483
0.459697	6.805279
0.808488	11.976371
0.682194	8.079169
0.653281	7.357259
0.760893	9.878100
0.654633	7.538141
0.565721	5.768139
0.626405	7.863608
0.019596	1.151292
0.766282	10.796431
0.719911	11.065029
0.854538	10.897960
0.427756	5.975510
0.695015	8.587591
0.763068	15.434877
0.787810	12.351670
0.032202	1.073780
0.052622	0.716036
0.038067	0.877438
0.511534	5.893501
0.605586	9.443839
0.043556	0.876853
0.568773	11.365930
0.029137	1.124533
0.044709	0.855019
0.581363	7.958856
0.046413	0.951786
0.601151	11.096698
0.077802	0.803931
0.648410	7.530401
0.076664	0.980959
0.080044	0.861009
0.078884	0.870719
0.076695	0.748006
0.079741	0.673670
0.066536	0.636900
0.016543	2.025300
0.022290	2.531745
0.032390	2.507448
0.030231	2.990091
0.027953	2.928220
0.017911	2.774544
0.014512	2.565004
0.012618	2.456397
0.007714	2.491383
0.016673	2.552595
0.017780	2.492831
0.021848	2.441057
0.014232	2.122769
0.020319	2.296117
0.036584	1.260557
0.055173	0.892358
0.077916	0.770870
0.091556	0.761617
0.087718	0.856465
0.090822	0.848624
0.092389	0.725543
0.096058	0.903966
0.105713	0.860013
0.099958	0.874596
0.103750	0.860493
0.100316	0.773554
0.106605	0.913354
0.092959	0.867906
0.088622	0.773216
0.107217	1.131578
0.093763	0.849288
0.098250	0.981134
0.106885	1.083223
0.088844	0.974730
0.095057	0.965325
0.097923	1.080721
0.115616	1.568656
0.111798	1.325148
0.104804	1.295726
0.096987	1.283989
0.135847	2.138214
0.088675	1.219099
0.087354	1.168094
0.082587	1.113040
0.082595	1.087042
0.102227	1.757554
0.065501	0.860154
0.059795	0.787950
0.066230	0.958701
0.062142	0.972940
0.055216	0.853269
0.050697	0.813510
0.042205	0.677318
0.043260	0.739738
0.042076	0.745935
0.041894	0.738237
0.037545	0.692261
0.037971	0.695166
0.033005	0.645594
0.027859	0.637202
0.029905	0.634481
0.030160	0.629906
0.024513	0.531954
0.026421	0.583381
0.029512	0.658709
0.027215	0.602880
0.030945	0.610625
0.028115	0.573180
0.036856	1.328680
0.047120	0.835132
0.059251	0.881638
0.057550	0.793676
0.056231	0.703416
0.052099	0.646164
0.049223	0.609461
0.046790	0.682469
0.047254	0.695976
0.028363	0.582868
0.027155	0.532942
0.029591	0.580580
0.028336	0.529410
0.026873	0.462948
0.029372	0.479061
0.021873	0.298239
0.021422	0.277492
0.027320	0.409690
0.022177	0.244465
0.018401	0.199043
0.020933	0.308090
0.020977	0.316146
0.024977	0.353098
0.019786	0.240182
0.018599	0.287992
0.018794	0.226100
0.021642	0.246620
0.015340	0.137150
0.016985	0.246674
0.015155	0.139795
0.014556	0.160590
0.012637	0.202183
0.013618	0.157171
0.011574	0.152874
0.014800	0.207365
0.014568	0.238642
0.013359	0.204238
0.012492	0.159823
0.018334	0.392205
0.024113	0.553411
0.024354	0.564729
0.035943	0.554734
0.025155	0.637159
0.017379	0.425352
0.022019	0.536080
0.026083	0.637342
0.023953	0.575753
0.022267	0.512707
0.021006	0.608406
0.027240	0.768475
0.025713	0.719410
0.021416	0.606574
0.021265	0.594217
0.039734	1.092277
0.023733	0.698899
0.020684	0.611915
0.024514	0.637875
0.028402	0.773702
0.014821	0.528558
0.029587	0.777527
0.026578	0.689882
0.029561	0.742844
0.011435	0.462017
0.028568	0.765054
0.031331	0.816889
0.039014	1.005482
0.037663	0.942246
0.036343	0.942104
0.033074	0.915595
0.030960	0.847590
0.029943	0.797951
0.030624	0.910417
0.032783	0.889821
0.037513	1.038017
0.035045	0.976441
0.036917	1.077342
0.033683	1.082148
0.040153	1.214441
0.038853	1.140404
0.038689	1.188060
0.041043	1.337202
0.050405	1.393584
0.033373	1.097103
0.035201	1.214061
0.037242	1.263776
0.047195	1.409671
0.047705	1.447566
0.043620	1.335317
0.036526	1.168386
0.035191	1.110906
0.032435	1.109228
0.028234	1.015258
0.029595	1.026673
0.029578	0.935755
0.029390	0.901341
0.026035	0.800073
0.021093	0.668969
0.023842	0.508250
0.022868	0.591450
0.023841	0.447119
0.023835	0.373270
0.025627	0.418361
0.028093	0.515010
0.027027	0.500393
0.026823	0.503980
0.026808	0.499364
0.044672	0.616079
0.029734	0.505917
0.028871	0.503436
0.029585	0.526234
0.044165	0.582033
0.027228	0.469030
0.029942	0.489961
0.031255	0.522995
0.029940	0.511355
0.044647	0.670492
0.023250	0.321684
0.030629	0.487308
0.033751	0.547598
0.052768	0.624193
0.035927	0.589750
0.027902	0.475173
0.030268	0.541031
0.035155	0.614749
0.030054	0.994140
0.034998	0.670634
0.029774	0.545358
0.027160	0.522109
0.024613	0.448105
0.024970	0.469863
0.021059	0.449808
0.022871	0.407683
0.024816	0.424715
0.026164	0.472779
0.024662	0.431293
0.022996	0.397331
0.023692	0.428399
0.036590	0.434066
0.022540	0.356251
0.021587	0.400019
0.021426	0.389933
0.026623	0.510301
0.024385	0.400596
0.024679	0.467230
0.025043	0.486590
0.024539	0.486283
0.021875	0.409938
0.020712	0.393827
0.014208	0.275838
0.013876	0.205182
0.014358	0.279166
0.013642	0.265481
0.012998	0.284512
0.014481	0.269648
0.010784	0.179679
0.009802	0.264399
0.006138	0.315632
0.007188	0.342392
0.006352	0.364943
0.007123	0.327708
0.005613	0.288064
0.002203	0.354171
0.004858	0.312898
0.007430	0.335235
0.005674	0.332584
0.007122	0.403726
0.005500	0.448373
0.002136	0.474672
0.006397	0.567270
0.006880	0.558892
0.008610	0.627103
0.009246	0.618228
0.007202	0.607620
0.008536	0.661643
0.008045	0.570821
0.006532	0.566877
0.010688	0.578939
0.006198	0.604311
0.006755	0.632770
0.007167	0.595463
0.012521	0.656431
0.013585	0.702115
0.017015	0.801492
0.016365	0.794082
0.017186	0.823380
0.019774	0.852345
0.020794	0.897433
0.019764	0.876273
0.021432	0.885107
0.020848	0.868831
0.022994	0.932763
0.022126	0.921984
0.021780	0.921672
0.024021	0.927861
0.026159	1.018475
0.024045	0.973685
0.022384	0.959229
0.020314	0.940650
0.014876	0.817769
0.012498	0.801815
0.016791	0.878033
0.015019	0.858172
0.014616	0.843073
0.017727	0.899240
0.016420	0.911513
0.017353	0.889732
0.019682	0.905368
0.019867	0.886940
0.016605	0.839710
0.024333	0.893919
0.019076	0.609611
0.007839	0.370927
0.004296	0.252173
0.005354	0.276560
0.009863	0.271136
0.016784	0.277466
0.016962	0.270149
0.019273	0.288734
0.021190	0.388554
0.021378	0.482982
0.018025	0.435324
0.021631	0.492266
0.025309	0.489038
0.027466	0.645401
0.033954	0.749098
0.032621	0.824434
0.031212	0.741671
0.039019	0.870589
0.041693	1.083607
0.038774	1.126731
0.037636	1.025260
0.035884	1.023215
0.030221	0.954853
0.032527	0.992531
0.036537	1.028810
0.040672	1.060624
0.039686	0.970027
0.041027	0.994949
0.037272	0.895129
0.046994	1.097478
0.054647	1.360256
0.054902	1.255668
0.064772	1.407648
0.070277	1.494200
0.068581	1.461107
0.082082	1.643869
0.078498	1.595812
0.082386	1.623377
0.093779	1.824506
0.092689	1.785882
0.096437	1.844768
0.095744	1.854234
0.090230	1.771400
0.094705	1.864476
0.098343	1.886030
0.096646	1.884817
0.094678	1.849800
0.093951	1.813880
0.087170	1.711382
0.097843	1.883847
0.090954	1.862917
0.070934	1.541958
0.074775	1.614230
0.079686	1.667566
0.090804	1.838382
0.089057	1.746861
0.089879	1.757241
0.096129	1.824531
0.090930	1.703355
0.085331	1.598626
0.068345	1.358079
0.064666	1.334583
0.062798	1.292491
0.077584	1.808002
0.059427	1.245419
0.052457	1.139889
0.064761	1.369920
0.061974	1.301833
0.066241	1.472753
0.070891	1.471510
0.070403	1.384297
0.075245	1.494515
0.068800	1.352591
0.078032	1.544972
0.079684	1.566548
0.075862	1.450977
0.067141	1.229920
0.060235	1.072701
0.053473	0.963257
0.049782	0.991694
0.060619	1.236051
0.045790	1.168602
0.047360	1.202999
0.037138	1.140988
0.040354	1.275459
0.036569	1.240261
0.037288	1.327193
0.039877	1.415196
0.038677	1.514503
0.037849	1.663326
0.035834	1.852032
0.039875	1.830880
0.042784	2.022530
0.044857	2.084207
0.051941	2.369304
0.052664	2.501560
0.055243	2.651051
0.058189	2.444606
0.056374	2.380265
0.058170	2.409414
0.062236	2.307627
0.062788	2.627908
0.059931	1.977214
0.067383	2.331875
0.075945	2.532054
0.090638	2.654302
0.098998	2.857051
0.086976	2.689671
0.087748	2.767584
0.099567	2.858378
0.103591	2.933962
0.114092	3.077610
0.110200	3.010114
0.139999	3.443719
0.150584	3.658653
0.181183	4.717846
0.187087	4.951493
0.196683	5.254714
0.184602	4.715003
0.192696	5.094991
0.203825	5.455895
0.218607	5.897003
0.230214	6.099801
0.228778	6.067014
0.230021	5.924489
0.227063	5.869887
0.225913	5.800766
0.222383	5.728845
0.225111	5.805015
0.242292	6.013614
0.208706	5.485335
0.236400	5.835358
0.231425	5.785928
0.220357	5.502219
0.248707	5.899363
0.234994	5.676635
0.258378	6.037898
0.247784	5.849114
0.237177	5.701345
0.225385	5.541516
0.230076	5.494131
0.231823	5.372620
0.219543	5.094015
0.320729	5.400562
0.254483	4.930012
0.220254	4.402900
0.240044	4.786183
0.150380	4.930091
0.157925	6.146954
0.148783	5.943435
0.155942	4.293347
0.161246	5.079240
0.168136	3.566078
0.149543	3.041557
0.142438	3.002734
0.134784	2.746167
0.127554	2.544146
0.127257	2.469128
0.113926	2.171712
0.103822	1.898421
0.091628	1.593002
0.086066	1.476826
0.081975	1.420325
0.095511	1.713507
0.093600	1.616208
0.099287	1.741232
0.090130	1.566775
0.093117	1.592238
0.094815	1.605864
0.083598	1.450565
0.093256	1.604596
0.100912	1.941213
0.079581	1.312211
0.077449	1.313309
0.072402	1.281051
0.063278	1.133557
0.083778	1.721340
0.057935	1.198253
0.076125	1.447692
0.069473	1.256190
0.070680	1.272386
0.073501	1.264623
0.070119	1.172382
0.066839	1.083531
0.072973	1.149516
0.068557	1.026328
0.071739	1.067402
0.073401	1.101614
0.078854	1.221218
0.077664	1.159074
0.073095	1.161038
0.075792	1.211253
0.074014	1.252593
0.068754	1.165211
0.073496	1.317155
0.084597	1.638028
0.053212	1.386646
0.054609	1.351482
0.051490	1.405152
0.046062	1.463465
0.042591	1.414649
0.041924	1.312689
0.039812	1.218032
0.038642	1.028855
0.040298	0.975053
0.047844	1.138987
0.042556	1.093104
0.030798	1.294511
0.050360	1.271012
0.054104	1.393003
0.053528	1.461923
0.054121	1.433288
0.056777	1.514834
0.068824	1.795743
0.068652	1.744315
0.069975	1.745012
0.076042	1.847395
0.074369	1.817005
0.077629	2.006166
0.087740	1.875730
0.085116	2.265260
0.089658	2.432442
0.091388	2.392639
0.092050	2.357255
0.095838	2.479085
0.104436	2.610582
0.107947	2.630376
0.111904	2.728514
0.112835	2.652961
0.118081	2.713655
0.117830	2.766826
0.100704	2.397009
0.100322	2.456161
0.101270	2.482695
0.103551	2.556964
0.106450	2.639247
0.103221	2.565628
0.099963	2.416305
0.100386	2.360353
0.103751	2.430601
0.106212	2.492400
0.108293	2.500319
0.097358	2.422411
0.109691	2.423871
0.105862	2.293597
0.105089	2.312801
0.103418	2.269483
0.096003	2.217898
0.098123	2.189359
0.092260	2.080473
0.084495	1.933174
0.093135	1.980756
0.064729	1.652935
0.071115	1.793258
0.069415	1.726271
0.068976	1.709707
0.064219	1.615037
0.072306	1.824953
0.069595	1.770488
0.066520	1.701373
0.062231	1.622906
0.067483	1.756339
0.067591	1.761454
0.070807	1.907512
0.068345	1.859754
0.076185	1.927053
0.076238	1.905455
0.077949	2.036053
0.078229	1.960406
0.078638	2.004795
0.082710	2.069119
0.087605	2.187204
0.085914	2.161458
0.088645	2.206426
0.088757	2.205793
0.096202	2.371575
0.109671	2.174605
0.106111	2.476057
0.023289	1.101518
0.022025	1.003185
0.024366	1.053567
0.025618	1.167662
0.021794	1.030823
0.021318	1.015935
0.022504	1.045738
0.020291	0.963162
0.015609	0.831389
0.025565	1.119310
0.028523	1.265361
0.029123	1.275170
0.023058	1.078388
0.021310	1.010403
0.021347	1.028001
0.026901	1.229008
0.022952	1.117992
0.023585	1.091602
0.028104	1.243136
0.028584	1.275648
0.031861	1.358891
0.032601	1.421778
0.033145	1.425602
0.030655	1.376541
0.036190	1.564905
0.040199	1.728632
0.039624	1.615524
0.044502	1.735786
0.041012	1.617420
0.041660	1.662883
0.039003	1.606760
0.040889	1.716094
0.038636	1.606028
0.037524	1.555314
0.034082	1.504973
0.034366	1.525518
0.030989	1.449520
0.029142	1.460299
0.032590	1.453477
0.037082	1.485373
0.034152	1.432821
0.034767	1.489493
0.032096	1.415448
0.031036	1.411673
0.028282	1.359457
0.024548	1.232793
0.024337	1.295120
0.026097	1.367035
0.028551	1.453410
0.028198	1.430908
0.032512	1.636452
0.028819	1.594602
0.025024	1.443530
0.023244	1.319541
0.023746	1.408357
0.023037	1.382873
0.028313	1.455487
0.020641	1.039948
0.018411	1.074023
0.020421	1.154771
0.020773	1.113856
0.020462	1.021190
0.023528	1.086404
0.020997	1.049886
0.027724	1.318012
0.031917	1.271731
0.025870	1.063807
0.030666	0.951753
0.030918	0.821539
0.038506	0.958579
0.041429	1.177278
0.035118	0.795956
0.040570	0.919073
0.041715	0.759958
0.045706	0.891694
0.045087	0.687355
0.044616	0.779202
0.050386	1.139331
0.050874	1.304503
0.044079	1.118380
0.048607	1.377993
0.053748	1.465264
0.054344	1.511699
0.054258	1.578904
0.050533	1.563443
0.045924	1.450077
0.045887	1.583412
0.049504	1.743848
0.047354	1.645016
0.042631	1.487640
0.041675	1.494810
0.046470	1.581638
0.048513	1.584656
0.041952	1.417588
0.043390	1.447906
0.037623	1.201992
0.040467	1.245171
0.038435	1.205549
0.037559	1.071240
0.042694	1.164530
0.041958	1.142869
0.044229	1.231444
0.047163	1.398383
0.046759	1.371944
0.042556	1.242039
0.048232	1.459771
0.045319	1.417418
0.043024	1.370989
0.049511	1.505251
0.042965	1.455555
0.047618	1.643047
0.049781	1.665596
0.047593	1.649144
0.057355	1.854985
0.058074	1.845092
0.052874	1.631708
0.044877	1.410669
0.047224	1.524027
0.043562	1.510776
0.047335	1.528578
0.047227	1.560647
0.054192	1.775381
0.060959	1.934747
0.064485	2.002257
0.058551	1.896507
0.060194	2.002204
0.061201	2.031968
0.066319	2.174256
0.072578	2.293337
0.068771	2.158231
0.067369	2.124899
0.060472	1.888857
0.065301	2.058022
0.066929	2.019551
0.065359	1.958390
0.065043	1.932334
0.068436	1.972072
0.070171	1.968690
0.075769	1.982949
0.069560	1.840261
0.069412	1.806206
0.078271	1.790582
0.081358	1.896185
0.080279	1.937005
0.076422	1.898665
0.073015	1.786944
0.071876	1.801019
0.069853	1.906293
0.055882	1.875938
0.047825	1.809557
0.044419	1.832537
0.034265	2.135875
0.038889	1.489396
0.048709	1.755962
0.045821	1.704610
0.046140	1.722418
0.041278	1.596586
0.039585	1.538239
0.037532	1.526706
0.035450	1.438408
0.045456	1.683879
0.039672	1.469374
0.036496	1.366375
0.035153	1.331961
0.039235	1.400917
0.041516	1.395222
0.041582	1.409757
0.038863	1.441309
0.040985	1.484322
0.033366	1.137997
0.027778	1.000720
0.043466	0.602435
0.047853	0.716912
0.036965	0.666317
0.047042	0.851728
0.045219	0.779170
0.042723	0.740782
0.043598	0.694213
0.046669	0.697189
0.049858	0.690365
0.049252	0.588078
0.043834	0.318411
0.039427	0.258046
0.038173	0.347289
0.037543	0.510606
0.035805	0.526440
0.038913	0.595247
0.045623	0.701204
0.042997	0.653486
0.049463	0.821174
0.047048	0.777386
0.056764	0.997288
0.044253	0.702915
0.045970	0.759440
0.047481	0.794727
0.048236	0.814406
0.048518	0.857870
0.052874	0.879195
0.048846	0.842544
0.051831	0.918721
0.044545	0.779112
0.035699	1.044116
0.044748	0.779734
0.043630	0.742883
0.039679	0.629572
0.035792	0.587673
0.032614	0.523048
0.034940	0.606892
0.034085	0.552367
0.033739	0.550072
0.030296	0.497138
0.027998	0.473017
0.031866	0.531673
0.031018	0.526860
0.024525	0.290175
0.037028	0.659009
0.044121	0.809253
0.043270	0.792334
0.048418	0.899967
0.044294	0.866335
0.041839	0.870258
0.045909	0.936023
0.041870	0.884375
0.061132	1.898824
0.035296	0.709607
0.034775	0.740393
0.030649	0.573414
0.032539	0.629235
0.041726	0.705139
0.042883	0.829921
0.041761	0.841807
0.035507	0.495605
0.055312	0.988110
0.059911	1.129245
0.062511	1.193265
0.066685	1.223257
0.072028	1.211996
0.074723	1.200259
0.079399	1.254305
0.083204	1.304306
0.092893	1.444857
0.092586	1.441470
0.095556	1.448895
0.096695	1.496205
0.097054	1.509369
0.093183	1.477287
0.095545	1.430288
0.082031	1.442769
0.072900	1.464523
0.070263	1.455268
0.073220	1.501865
0.068885	1.503730
0.067687	1.546571
0.066260	1.469327
0.064224	1.373089
0.060383	1.234225
0.065125	1.275716
0.065981	1.278293
0.063464	1.327185
0.058118	1.353913
0.058548	1.294351
0.055521	1.304828
0.053817	1.260641
0.049058	1.212226
0.055283	1.250672
0.061133	1.275271
0.067221	1.315908
0.064741	1.313477
0.068428	1.375291
0.066373	1.342825
0.067050	1.303108
0.063829	1.299671
0.073570	1.694593
0.077035	1.803251
0.080539	1.888012
0.084134	2.100102
0.083689	1.982925
0.076172	1.739083
0.076617	1.742619
0.074622	1.708595
0.080681	2.025962
0.086461	2.113299
0.084930	2.060304
0.080998	1.933302
0.080263	1.961208
0.079868	2.085736
0.076881	2.053796
0.062297	1.925070
0.072676	2.147535
0.066580	1.944884
0.071886	2.184160
0.069781	2.262684
0.063911	2.323903
0.059884	2.367582
0.066998	2.277888
0.065662	2.272476
0.066255	2.153770
0.071896	2.295168
0.072349	2.349779
0.064540	2.073524
0.065153	2.079466
0.060270	1.893900
0.061499	1.872110
0.059001	1.790193
0.058170	1.699932
0.047788	1.493570
0.050365	1.502513
0.045679	1.283618
0.046481	1.178888
0.040532	0.934987
0.031920	0.753372
0.027304	0.611615
0.023444	0.476769
0.016430	1.140348
0.027622	0.587674
0.024642	0.581493
0.024337	0.601564
0.017228	0.508175
0.012281	0.501107
0.009104	0.389739
0.007630	0.436715
0.004555	0.390395
0.011466	0.425004
0.014742	0.572734
0.012329	0.644893
0.016443	0.792345
0.024130	0.812833
0.026729	0.860360
0.030613	0.863114
0.034470	0.885946
0.038183	0.938991
0.037658	0.908840
0.038429	1.013562
0.039292	0.938940
0.048994	1.069703
0.060203	1.257585
0.060235	1.284146
0.058049	1.272192
0.061085	1.347503
0.069207	1.558425
0.075562	1.746618
0.074165	1.801669
0.071981	1.728422
0.071456	1.678452
0.077677	1.836909
0.084098	1.991838
0.084100	2.029640
0.083593	1.981081
0.083980	1.961429
0.089216	2.030413
0.105231	2.310960
0.106347	2.289956
0.109768	2.335551
0.100743	2.191139
0.117731	2.393996
0.114421	2.271983
0.091729	2.108095
0.102234	2.169115
0.097886	2.293343
0.095220	2.252599
0.089958	2.271367
0.088349	2.309958
0.107073	2.424204
0.112714	1.996744
0.107003	1.888426
0.104330	1.813732
0.097101	1.848077
0.110122	2.086040
0.102380	1.795347
0.111029	1.919726
0.091061	1.736981
0.086120	1.625272
0.089866	1.770623
0.101857	2.028726
0.097330	1.954860
0.096862	1.947968
0.093931	2.142273
0.093511	2.182363
0.085686	2.177991
0.062218	1.818491
0.062800	1.805322
0.075968	2.002495
0.091013	2.154125
0.073972	1.634937
0.096056	2.011046
0.061013	1.544309
0.086542	1.959394
0.067578	1.595962
0.081416	1.699973
0.063439	1.536298
0.054769	1.248307
0.095403	1.794602
0.094276	1.790666
0.094490	1.880006
0.088271	1.778536
0.073138	1.363473
0.098092	1.729640
0.096527	1.701226
0.077141	1.672051
0.079168	1.578160
0.109517	2.011037
0.078367	1.581219
0.086753	1.802514
0.082415	1.574966
0.102315	1.749382
0.107842	2.029784
0.107410	2.041256
0.083756	1.546944
0.081306	1.435779
0.121072	1.973987
0.121885	1.963347
1.448669	5.853026
1.561133	6.696546
1.447287	5.871100
1.447711	6.180242
1.529807	6.192069
1.331649	5.704261
1.375898	6.072749
1.376809	6.083787
0.123116	2.579342
0.111213	2.650762
0.068516	2.117805
0.092619	2.080621
0.115061	2.428862
0.113229	2.428852
0.115373	2.402614
0.087436	2.035076
0.110722	2.526942
0.084848	2.325657
0.056666	2.833175
0.059891	1.740299
0.035984	1.530309
0.036745	1.539534
0.046506	1.575772
0.036033	1.272714
0.040468	1.186938
0.039392	0.752534
0.038602	0.519542
0.046789	0.553875
0.055863	0.742730
0.060202	0.853453
0.061663	0.910183
0.065623	0.853756
0.070542	0.958160
0.059879	0.851428
0.058584	0.785860
0.064785	1.033615
0.077111	1.187152
0.076790	1.153335
0.074485	1.254422
0.072328	1.213699
0.076612	1.279318
0.077390	1.249957
0.072358	1.317493
0.073794	1.308177
0.076812	1.385451
0.069828	1.274724
0.075650	1.283151
0.076057	1.294331
0.070920	1.283336
0.074965	1.193724
0.068625	1.041405
0.064680	1.004955
0.070123	1.018036
0.072944	1.117957
0.071541	1.243891
0.071981	1.206793
0.064772	1.002985
0.071426	1.137933
0.065496	1.082822
0.069882	1.236475
0.064124	1.155466
0.066465	1.328426
0.069104	1.432875
0.069658	1.503992
0.070342	1.530632
0.069552	1.551996
0.064899	1.454096
0.062556	1.390357
0.058995	1.306916
0.059568	1.336059
0.059106	1.344062
0.058376	1.258935
0.051892	1.133926
0.049862	1.112485
0.050007	1.114185
0.043661	0.938532
0.041716	0.841474
0.027922	0.661735
0.022122	0.643197
0.028682	0.707205
0.032785	0.820497
0.022935	0.615487
0.019031	0.455832
0.019402	0.471687
0.019538	0.523195
0.025988	0.669456
0.041206	0.889077
0.043574	0.921792
0.039242	0.835520
0.025993	0.564630
0.018631	0.344060
0.027298	0.548412
0.032472	0.647875
0.029415	0.565986
0.020958	0.370483
0.022771	0.361347
0.023328	0.392757
0.027233	0.460857
0.023891	0.401111
0.025731	0.402341
0.025744	0.434322
0.028634	0.536242
0.030175	0.621588
0.026835	0.529959
0.024014	0.474026
0.028525	0.561002
0.033201	0.723913
0.034636	0.692903
0.026382	0.529278
0.026249	0.542175
0.032610	0.690478
0.042472	0.885794
0.036065	0.826622
0.036728	0.846834
0.050209	1.165089
0.058897	1.333831
0.066694	1.540677
0.054480	1.265104
0.055183	1.265291
0.055203	1.279522
0.061280	1.387314
0.067649	1.633701
0.065737	1.403615
0.073282	1.532399
0.063437	1.394927
0.047265	1.083521
0.050613	1.178354
0.055986	1.273863
0.052272	1.116072
0.056997	1.205710
0.056916	1.167379
0.058168	1.188000
0.057210	1.138650
0.056388	1.150334
0.059999	1.189268
0.050770	0.743291
0.079161	1.476997
0.074000	1.364395
0.069472	1.286704
0.067829	1.281736
0.071048	1.339831
0.070913	1.361113
0.069171	1.272175
0.066816	1.151848
0.058417	1.035662
0.065518	1.364119
0.060300	1.256673
0.064367	1.312454
0.069667	1.449099
0.068712	1.361117
0.066446	1.342843
0.066840	1.328897
0.062748	1.304876
0.062242	1.329253
0.065514	1.453187
0.070197	1.492089
0.060566	1.341364
0.059045	1.427228
0.059939	1.554409
0.062621	1.620768
0.072324	1.611526
0.060776	1.592953
0.056039	1.512576
0.047414	1.416687
0.043128	1.261058
0.043672	1.334698
0.038056	1.233505
0.041782	1.389866
0.037223	1.191604
0.035085	1.218362
0.038201	1.389856
0.077949	2.083137
0.042686	1.660965
0.046561	1.631174
0.046463	1.717424
0.043738	1.628241
0.048172	1.736725
0.046752	1.703552
0.056233	1.957506
0.056706	1.938177
0.057699	2.071266
0.058892	2.074764
0.055742	2.006376
0.051708	1.883454
0.053497	1.997672
0.080110	2.172430
0.042498	1.769263
0.058758	2.118354
0.049467	1.690751
0.058731	1.935789
0.058664	1.870551
0.057302	1.842810
0.059657	1.846662
0.063838	1.966154
0.057659	1.773130
0.063643	1.882175
0.071649	1.901243
0.063444	1.675698
0.070717	1.882980
0.073459	1.911834
0.079950	2.033783
0.078891	1.868509
0.077962	1.842436
0.085699	1.850794
0.092852	1.943413
0.083303	1.575853
0.090415	1.669372
0.108879	1.904460
0.090127	1.458518
0.104677	1.768506
0.097065	1.512171
0.098844	1.564985
0.095324	1.561012
0.096076	1.510803
0.100170	1.554486
0.102964	1.585076
0.119440	1.887902
0.109550	1.814214
0.117735	1.955178
0.114367	1.905424
0.113372	1.951274
0.105513	2.086956
0.103600	2.289574
0.110178	2.641506
0.111121	2.363526
0.114319	2.056626
0.097896	1.747413
0.115786	2.099411
0.132634	2.412478
0.145542	2.529906
0.118205	2.027821
0.118594	1.993709
0.140236	2.415336
0.136826	2.426743
0.147066	2.549857
0.131349	2.498231
0.122373	2.571983
0.113007	2.430600
0.117479	2.619348
0.103083	2.433252
0.114629	2.334482
0.115536	2.256502
0.122933	2.228527
0.127422	2.349210
0.089413	1.927824
0.089942	1.870815
0.073204	1.671897
0.073793	1.528711
0.071612	1.393132
0.069829	1.304844
0.058591	1.048085
0.061073	1.154568
0.064323	1.189795
0.062929	1.956274
0.061006	0.946393
0.064987	1.140671
0.060627	1.318893
0.039688	1.097747
0.053991	1.116282
0.054156	1.149662
0.044399	1.004052
0.033944	0.759416
0.038070	0.719894
0.036025	0.740138
0.032173	0.410223
0.021210	0.466938
0.024253	0.824956
0.024310	0.544699
0.030464	0.702772
0.024755	0.732998
0.022642	0.469576
0.038548	0.449052
0.040196	0.395591
0.036055	0.344355
0.035037	0.325599
0.038005	0.389408
0.027329	0.512321
0.035454	0.401635
0.036838	0.395085
0.024874	0.193579
0.041766	0.505401
0.029599	0.330224
0.039040	0.791999
0.044261	0.890209
0.033359	0.759182
0.041078	0.900392
0.031038	0.677669
0.030782	0.549622
0.033073	0.539028
0.038944	0.637863
0.010223	0.249500
0.025682	0.312390
0.032539	1.006377
0.020002	0.264388
0.018201	0.231412
0.024841	0.400491
0.019726	0.324700
0.033755	0.495219
0.031458	0.585446
0.035201	0.637960
0.040989	0.766087
0.037190	0.606471
0.045711	0.751144
0.041747	0.676973
0.045501	0.739753
0.037420	0.585303
0.040084	0.625529
0.037132	0.560563
0.038233	0.571406
0.032445	0.546473
0.027204	0.572762
0.027446	0.641395
0.019731	0.421760
0.019575	0.599395
0.022759	0.576164
0.024928	0.465253
0.031813	0.776365
0.054607	0.937355
0.024885	0.513596
0.024546	0.471461
0.043385	0.820907
0.037565	0.883219
0.041948	1.004489
0.052795	1.310005
0.048070	1.213411
0.051989	1.217527
0.048312	1.207674
0.056032	1.254497
0.050550	1.122684
0.055402	1.284292
0.062055	1.526607
0.043058	1.384655
0.047739	1.483135
0.054423	1.767056
0.052915	1.849170
0.071705	2.315883
0.069981	2.292014
0.083232	2.370737
0.068265	2.188921
0.076246	2.272938
0.083958	2.453274
0.090942	2.470829
0.075975	2.379106
0.064301	2.083652
0.075462	2.250700
0.068680	2.019410
0.041179	1.670390
0.238800	2.770753
0.238052	2.768756
0.038390	1.221599
0.029481	1.266077
0.013679	0.956006
0.015785	1.250021
0.052163	1.151352
0.051752	1.063364
0.030140	0.704035
0.051735	1.010464
0.028857	0.669363
0.026818	0.856119
0.214011	1.029201
0.034118	1.003447
0.012256	0.630778
0.238654	1.465163
0.050484	1.027247
0.243212	1.512488
0.235615	1.586928
0.242232	1.795743
0.215959	1.556181
0.212951	1.588067
0.227900	1.460708
0.039011	1.057432
0.026866	0.842235
0.042081	1.087770
0.038197	1.044179
0.040754	1.021042
0.033183	0.876923
0.023620	0.613522
0.032291	0.785510
0.044435	0.966355
0.034535	0.745402
0.037442	0.780077
0.021083	0.628141
0.022290	0.692395
0.023211	0.585896
0.026019	0.750539
0.041634	0.950203
0.043462	0.962456
0.039316	0.995579
0.044235	0.993582
0.048616	1.029787
0.038913	0.973243
0.050053	1.042863
0.062910	1.239045
0.062352	1.228260
0.082971	1.249587
0.086110	1.032493
0.088565	1.075693
0.091645	1.127319
0.100421	1.333032
0.101933	1.368715
0.096195	1.269687
0.086921	1.146077
0.093892	1.316247
0.094363	1.333242
0.085957	1.098058
0.082782	1.046383
0.080611	1.083363
0.085591	1.272488
0.074809	0.979019
0.074493	0.927534
0.076240	1.030020
0.078274	1.037557
0.073390	0.999620
0.066451	0.845111
0.070900	1.017908
0.070818	1.034137
0.070082	1.072422
0.063923	0.862499
0.060988	0.873402
0.057036	0.907807
0.041020	0.628748
0.032720	0.649375
0.025391	0.681079
0.025507	0.635781
0.029023	0.924002
0.032640	0.783865
0.021754	0.577388
0.012783	0.336040
0.014560	0.512668
0.011987	0.571907
0.018622	0.696567
0.020741	0.658015
0.023526	0.664106
0.016982	0.628209
0.032410	0.808063
0.041343	0.926333
0.017474	0.628185
0.034276	0.656311
0.028841	0.603341
0.037276	0.722903
0.031723	0.611442
0.046047	0.816809
0.032260	0.604353
0.035791	0.706080
0.052939	0.930512
0.066693	1.109520
0.067980	1.114577
0.065505	1.108578
0.068726	1.097767
0.077350	1.232343
0.094006	1.534535
0.091355	1.480381
0.097467	1.610555
0.102457	1.746292
0.107906	1.889065
0.108364	1.883465
0.108957	1.918280
0.110347	2.000950
0.121776	2.274344
0.126749	2.372298
0.121209	2.284678
0.122204	2.313250
0.113374	2.191081
0.106732	2.096118
0.119438	2.321659
0.124471	2.465533
0.122613	2.417708
0.126639	2.444842
0.109990	2.077422
0.114170	2.199219
0.113959	2.250336
0.103783	2.036848
0.103612	2.073266
0.103141	2.049520
0.107845	2.133859
0.113823	2.174224
0.113989	2.186259
0.112317	2.142742
0.106432	2.059655
0.101764	1.985231
0.112148	2.175420
0.115383	2.252388
0.102608	2.029006
0.103882	2.076018
0.109089	2.164800
0.108869	2.174786
0.101670	2.042948
0.091716	1.898893
0.090796	1.932952
0.083969	1.809838
0.092627	1.973676
0.091044	1.912568
0.083287	1.816654
0.089063	1.926030
0.095900	2.086012
0.090286	1.963546
0.086895	1.923004
0.087175	1.945422
0.081018	1.827814
0.078359	1.770229
0.081280	1.777805
0.075949	1.683919
0.074382	1.643780
0.070783	1.586878
0.069046	1.562360
0.070980	1.611062
0.070668	1.631457
0.069247	1.613067
0.072098	1.688004
0.073089	1.745187
0.063653	1.512086
0.059914	1.400970
0.049916	1.255139
0.044773	1.116000
0.042697	1.095126
0.042851	1.065111
0.038401	0.953142
0.040865	0.991046
0.042691	1.076140
0.035717	0.879173
0.034398	0.882433
0.032702	0.810070
0.036241	0.864706
0.035538	0.789845
0.036616	0.690660
0.032682	0.776218
0.033040	0.772315
0.034440	0.815343
0.032526	0.786453
0.022824	0.611719
0.024977	0.694575
0.025724	0.687249
0.031653	0.723998
0.032973	0.753664
0.028307	0.687195
0.022508	0.613388
0.025184	0.663482
0.026727	0.630091
0.023759	0.678050
0.026748	0.737747
0.020349	0.553659
0.026408	0.697844
0.018909	0.455320
0.018476	0.371033
0.013366	0.227236
0.020813	0.354785
0.021394	0.384553
0.019313	0.276718
0.022023	0.337805
0.027846	0.438285
0.024309	0.427489
0.022900	0.460423
0.033984	0.554607
0.044534	0.606592
0.041436	0.576136
0.045960	0.561455
0.043724	0.624028
0.044040	0.685513
0.041392	0.670519
0.042489	0.726785
0.049149	0.888575
0.049488	0.829008
0.051546	0.896485
0.057582	0.990024
0.058267	1.014444
0.063558	1.096230
0.066672	1.242373
0.067281	1.260770
0.064222	1.171562
0.069455	1.134747
0.070555	1.126164
0.071277	0.970207
0.075089	0.978679
0.069013	0.945802
0.070815	0.924411
0.067259	0.832169
0.060994	0.839169
0.062494	0.874982
0.057617	0.737876
0.060856	0.800210
0.061326	0.767051
0.059120	0.822042
0.061382	0.883229
0.057193	0.746100
0.054769	0.758242
0.057763	0.752552
0.057597	0.793311
0.060956	0.811118
0.053272	0.792155
