0.010610	0.559152
0.015757	0.677608
0.011559	0.579406
0.010400	0.564619
0.009365	0.509929
0.014003	0.628954
0.010445	0.508140
0.007429	0.470144
0.008342	0.524616
0.010685	0.562792
0.006243	0.489362
0.012640	0.648185
0.012764	0.638107
0.011448	0.574262
0.011038	0.618453
0.008941	0.550164
0.008310	0.530084
0.008766	0.553584
0.010240	0.554139
0.010953	0.570642
0.013518	0.696081
0.012761	0.657624
0.011851	0.609075
0.010932	0.572839
0.014443	0.710702
0.010263	0.584739
0.012442	0.655519
0.013902	0.708430
0.012279	0.633883
0.017453	0.761153
0.019666	0.813717
0.016951	0.609033
0.021828	1.058665
0.016957	0.824835
0.019385	0.898913
0.017245	0.848474
0.016787	0.785262
0.021332	0.835586
0.021052	0.778820
0.023892	0.775610
0.026023	0.842976
0.024479	0.732725
0.020380	0.563618
0.022491	0.670078
0.020424	0.520839
0.030655	0.832066
0.029609	0.970101
0.023628	0.898618
0.028795	0.925198
0.020186	0.642156
0.026396	1.001489
0.021990	0.749707
0.042308	1.293320
0.038861	1.215730
0.037348	1.312630
0.029050	1.028595
0.027113	0.927878
0.037573	1.274675
0.038337	1.285179
0.037786	1.273521
0.038210	1.302145
0.034047	1.234610
0.036131	1.369520
0.036429	1.281581
0.033482	1.188378
0.037004	1.340118
0.030921	1.134964
0.029313	1.155029
0.033128	1.310485
0.042245	1.544306
0.034615	1.320349
0.035393	1.386727
0.035905	1.373291
0.041707	1.623772
0.043918	1.684318
0.039803	1.490887
0.039196	1.433488
0.043428	1.666595
0.038967	1.455719
0.042256	1.491236
0.046774	1.654332
0.199685	5.880215
0.200066	5.878210
0.038656	1.447648
0.043115	1.470917
0.758956	2.938318
0.989915	2.235495
0.039951	1.436456
0.042649	1.514427
0.122718	6.716212
0.574597	12.607319
0.572645	12.302868
1.186729	2.128495
0.678623	3.740495
1.142409	2.557389
3.055636	10.783922
2.637220	8.896180
3.783578	13.180467
1.875961	5.662910
1.875937	5.663046
3.630032	14.169166
4.604312	161.068005
1.623054	4.360979
3.156639	13.832719
3.816447	157.906201
1.948882	7.250547
1.948666	7.361715
4.388910	156.989111
5.010475	136.548855
2.444457	8.941023
2.567911	9.967464
2.595454	11.070097
4.292943	158.041589
4.297389	157.925476
4.022419	157.180698
3.973402	157.326987
4.917255	78.208241
3.810393	173.669813
4.315402	158.113702
4.509202	161.573876
4.509838	161.598751
4.430652	157.482347
4.533700	158.574316
4.580713	160.911498
4.630776	164.411410
4.172454	8.363189
3.881463	12.860125
4.534589	156.856414
4.686127	158.266862
4.686205	158.885459
4.399639	16.265711
3.551473	151.237573
4.534882	20.075669
4.741359	171.557768
4.807445	44.331964
5.268335	173.668228
5.268099	173.656986
4.422795	39.351930
4.658519	36.976988
4.712653	137.400334
4.940810	41.301867
5.130027	67.656398
4.998093	140.509368
4.668933	145.690626
5.305840	179.408565
5.178520	178.378901
5.176578	104.322814
5.330986	178.067307
4.481223	51.602776
5.239563	43.652422
5.359993	179.472154
5.208699	42.946973
5.220952	48.203616
5.250380	49.347174
5.446977	56.877215
2.998692	175.455730
4.186725	159.620237
5.453797	177.640339
5.385674	62.965280
2.681883	178.486613
4.855403	57.564281
5.030978	169.420834
5.068614	33.712157
4.978842	30.201683
5.225179	179.172842
3.783092	165.764415
4.645073	37.298509
5.319178	40.387452
4.423129	17.204777
5.130258	30.191304
3.278134	98.109957
5.534961	73.406516
4.597734	23.820170
0.028192	1.241453
0.020345	1.003660
0.020622	0.977552
0.018556	0.950032
0.016392	0.861685
0.020956	0.979710
0.015441	0.717328
0.022483	0.653399
0.020226	0.743569
0.022401	1.030550
0.019278	0.995964
0.020684	0.927900
0.020407	0.890764
0.021534	0.831073
0.023228	0.963843
0.026374	1.059995
0.022751	0.932317
0.021263	0.910427
0.024526	0.939458
0.016557	0.779101
0.025499	1.113072
0.020607	0.980718
0.015331	0.736913
0.009919	0.579110
0.013524	0.629374
0.016843	0.730337
0.016411	0.713294
0.011724	0.635999
0.016415	0.751862
0.018026	0.751537
0.022501	0.855462
0.016439	0.589097
0.020591	0.751775
0.015881	0.620058
0.023038	0.782413
0.018908	0.705224
0.025327	0.932829
0.018340	0.709305
0.025076	0.887476
0.029289	0.931157
0.030368	0.940443
0.023810	0.807373
0.029615	0.956908
0.024423	0.890028
0.027727	0.926960
0.019028	0.615610
0.023714	0.786591
0.035468	1.091375
0.036310	1.125399
0.024429	0.812924
0.021694	0.679081
0.021886	1.041405
0.013328	0.895372
0.014223	0.423314
0.013382	0.400874
0.012932	0.355950
0.010379	0.263885
0.014977	0.383592
0.009431	0.234452
0.014513	0.374157
0.019742	0.514756
0.018914	0.506707
0.013963	0.379742
0.017932	0.526737
0.016576	0.420942
0.017954	0.477543
0.014762	0.405770
0.017818	0.449196
0.019500	0.490102
0.024215	0.664790
0.033260	0.882097
0.020891	0.536136
0.019659	0.505160
0.032075	0.854222
0.026066	0.731006
0.028711	0.788622
0.024485	0.649028
0.033152	0.870987
0.033498	0.879182
0.023841	0.633758
0.025482	0.652504
0.040957	1.049455
0.039250	0.969239
0.024087	0.606569
0.038127	0.976585
0.030606	0.756659
0.033740	0.861926
0.033031	0.839054
0.036925	0.911147
0.036403	0.889763
0.032054	0.763629
0.035761	0.859225
0.031688	0.725943
0.034644	0.808723
0.036909	0.876043
0.028533	0.683941
0.031590	0.832499
0.035269	0.925076
0.036037	0.963663
0.043773	1.155898
0.043514	1.095735
0.040309	1.069964
0.035482	0.958068
0.033673	1.016062
0.037580	1.031336
0.041441	1.091074
0.036927	0.972299
0.034573	0.878894
0.032543	0.750994
0.032499	0.766028
0.036915	0.935923
0.029374	0.659631
0.029292	0.711352
0.028953	0.740629
0.025232	0.630718
0.029492	0.655355
0.022262	0.549076
0.021193	0.553146
0.023500	0.642415
0.026355	0.700685
0.038056	1.022905
0.034641	0.945779
0.026698	0.720358
0.019377	0.938767
0.017164	0.410673
0.023924	0.703217
0.014291	0.495508
0.012220	0.208218
0.011756	0.196773
0.011149	0.259249
0.011272	0.178562
0.010050	0.259876
0.012787	0.342786
0.009023	0.239130
0.017810	0.620496
0.025357	0.917207
0.013704	0.557682
0.008027	0.295307
0.008626	0.202549
0.026538	0.689332
0.029946	0.804182
0.027996	0.911743
0.035088	1.068044
0.031818	0.981758
0.031335	1.018083
0.025984	1.045796
0.021314	0.904658
0.029572	0.993019
0.022322	1.289526
0.022629	1.295560
0.016313	1.011154
0.024799	1.315116
0.023949	1.257006
0.021112	1.173552
0.020676	1.125187
0.025714	1.142309
0.021154	0.811146
0.021576	0.848509
0.022343	0.831126
0.014967	0.792008
0.011459	0.591202
0.013362	0.642534
0.020936	0.417400
0.022553	0.484871
0.025982	0.485548
0.020262	0.290906
0.003851	0.591533
0.004864	0.720484
0.011589	0.711552
0.014132	0.718253
0.015497	0.783658
0.018390	0.912541
0.022302	1.203550
0.012645	0.792946
0.015663	0.685165
0.015573	0.681133
0.019520	0.707260
0.019725	0.846647
0.012739	0.566497
0.023152	0.302550
0.017258	0.668950
0.020199	0.677263
0.017117	0.619470
0.016935	0.789168
0.016795	0.809339
0.014956	0.705440
0.014425	0.631010
0.015530	0.697894
0.029431	0.963160
0.016454	0.766444
0.018346	0.778608
0.020571	0.739390
0.019621	0.569029
0.020646	0.838254
0.021241	0.858423
0.018756	1.014873
0.029266	1.012441
0.033791	0.782135
0.032610	1.022470
0.040296	1.171703
0.040975	1.194037
0.032594	1.124029
0.037659	1.076419
0.031299	0.901193
0.021904	0.474775
0.023214	0.503245
0.027275	0.567648
0.021846	0.725451
0.033758	0.849782
0.034814	0.863548
0.035813	0.902432
0.034897	0.930595
0.042042	0.897738
0.039031	0.866105
0.037202	0.879873
0.039528	0.941356
0.039260	0.904748
0.048321	1.177759
0.048962	1.201297
0.032073	0.736957
0.035856	0.740182
0.043296	0.966277
0.038028	0.912356
0.036438	0.819457
0.032785	0.675291
0.030858	0.825429
0.037748	1.030016
0.038448	1.055194
0.040411	0.987444
0.046616	1.122160
0.046797	0.964662
0.038781	0.758173
0.028936	0.617465
0.037031	1.132795
0.035560	1.247712
0.046832	1.086743
0.040688	0.889583
0.040190	0.876073
0.034572	0.977835
0.036181	1.013705
0.047170	1.144006
0.038798	0.962067
0.039000	0.989835
0.030637	0.807864
0.023253	0.736052
0.024792	0.503997
0.029981	0.790221
0.029745	0.638575
0.031409	0.808416
0.026097	0.516233
0.022729	0.403452
0.010487	0.659862
0.016716	0.583766
0.020496	0.542357
0.029143	0.685183
0.031178	0.732289
0.018583	0.291769
0.016152	0.433155
0.023617	0.574907
0.028148	0.594665
0.029507	0.630213
0.031857	0.652823
0.033729	0.697002
0.030488	0.681359
0.033090	0.698333
0.032913	0.748432
0.032275	0.651530
0.034194	0.713996
0.040628	0.924605
0.029939	0.628441
0.041651	0.931183
0.039172	0.827614
0.041419	0.967683
0.038297	0.985589
0.038369	1.003716
0.039794	1.027755
0.035405	0.914939
0.036489	0.964146
0.040001	1.014223
0.041395	1.049947
0.037937	0.955831
0.037914	1.030458
0.035809	0.993565
0.037496	1.033991
0.042385	1.159988
0.042499	1.162933
0.036391	0.981833
0.044955	1.216379
0.037960	1.053552
0.030551	0.860600
0.032555	0.952394
0.040699	1.193722
0.031808	1.042212
0.031427	1.010900
0.032672	1.028994
0.027540	0.866199
0.029217	0.904461
0.030480	0.930104
0.027222	0.982498
0.032287	1.186914
0.027543	0.964918
0.028496	0.927835
0.026951	0.854823
0.025756	0.954614
0.025602	1.001423
0.025410	0.821603
0.024934	0.804310
0.029090	0.972760
0.027030	0.899902
0.017525	0.622551
0.020763	0.658526
0.019877	0.665436
0.023136	0.752785
0.018672	0.621002
0.011831	0.568554
0.014025	0.628370
0.016109	0.699111
0.015824	0.651553
0.014912	0.592132
0.013578	0.635544
0.016757	0.772498
0.012618	0.460999
0.014268	0.513476
0.010916	0.593453
0.011406	0.593620
0.013640	0.573318
0.012165	0.644319
0.015495	0.710015
0.017239	0.777190
0.019602	0.762918
0.019692	0.787739
0.021541	0.735626
0.014720	0.714685
0.015159	0.851109
0.013517	0.733855
0.023504	0.959979
0.027572	1.028394
0.026423	1.037196
0.020776	0.778801
0.019240	0.874960
0.019617	0.890764
0.024952	1.076657
0.027530	1.141786
0.024136	1.068167
0.027300	1.172592
0.031198	1.214256
0.027402	1.181038
0.022476	1.050129
0.024441	1.033886
0.029999	1.196954
0.033922	1.311877
0.034731	1.456546
0.029171	1.280466
0.035647	1.307795
0.033301	1.296092
0.029134	1.293313
0.012704	0.871137
0.016168	1.159040
0.019770	1.348193
0.035415	1.478159
0.042731	1.768401
0.033433	1.512545
0.033181	1.344218
0.030503	1.259193
0.026600	1.065870
0.028238	1.175442
0.026491	1.217064
0.020991	1.079945
0.023749	1.127892
0.025318	1.192133
0.021484	1.035796
0.019671	1.033934
0.020768	1.061848
0.024088	1.079297
0.021423	1.041884
0.016519	0.980196
0.020617	1.017968
0.025202	1.108624
0.019917	0.996393
0.022134	1.130337
0.025627	1.201880
0.029590	1.186212
0.033567	1.226661
0.032776	1.284015
0.025353	1.136462
0.029252	1.322929
0.030844	1.285105
0.025419	1.169783
0.023944	1.025255
0.031074	1.212077
0.031437	1.111901
0.025799	1.043904
0.025530	1.059917
0.029548	1.203470
0.029891	1.143385
0.030974	1.127179
0.030306	1.120528
0.024624	1.077258
0.032256	1.146069
0.032417	1.097785
0.036005	1.353910
0.036751	1.288024
0.039599	1.299383
0.034784	1.248790
0.040179	1.342527
0.031727	1.066652
0.036723	1.182216
0.038963	1.324043
0.040599	1.355683
0.038572	1.323509
0.046842	1.535819
0.040924	1.438698
0.039696	1.427538
0.043269	1.464360
0.051768	1.632025
0.047872	1.562178
0.046777	1.562165
0.055144	2.088296
0.056471	2.289468
0.047430	1.725003
0.048303	1.716607
0.048575	1.627707
0.048361	1.741363
0.047723	1.688089
0.047153	1.619848
0.043514	1.553995
0.042667	1.494690
0.044415	1.405480
0.042493	1.182883
0.044498	1.471787
0.042738	1.550678
0.040699	1.400300
0.039814	1.105269
0.033371	0.871017
0.025120	0.779051
0.025524	0.775412
0.029761	1.063078
0.030883	1.068492
0.031397	0.867550
0.035199	1.032713
0.038056	1.023145
0.030620	1.090911
0.033047	1.147984
0.033803	0.993697
0.043712	1.107470
0.018237	0.545118
0.026595	0.817719
0.031522	1.079167
0.027560	0.813885
0.044871	1.319868
0.032625	1.169726
0.043577	1.586352
0.051765	1.871782
0.058309	2.047045
0.058609	2.049504
0.058403	2.094216
0.056317	1.934819
0.057146	1.965988
0.739878	4.110288
0.740119	4.107526
0.563147	4.748289
0.980414	6.010732
1.833718	11.925667
1.496854	9.613416
1.381427	8.878778
1.381846	8.886812
1.196668	8.059157
1.350174	8.996817
1.221159	8.380081
1.284878	8.844480
0.909980	6.287616
0.909957	6.295395
0.053607	1.666286
0.791067	5.168755
0.048722	1.487200
0.307122	10.290697
0.066308	1.944603
0.565814	4.405729
0.551713	3.708640
0.054647	1.649711
0.064666	1.959326
0.071232	2.224618
0.053638	1.695906
0.048504	1.499105
0.036115	1.245513
0.036024	1.242558
0.043997	1.423993
0.031744	1.144808
0.044944	1.490204
0.031422	1.196217
0.038225	1.448574
0.038057	1.461854
0.021933	0.933277
0.014072	0.720987
0.014721	0.725148
0.033381	1.107700
0.040775	1.215255
0.029648	0.927581
0.025972	0.867366
0.042092	1.093484
0.026275	0.793418
0.025980	0.820124
0.016775	0.659912
0.019049	0.923928
0.018045	0.946423
0.022992	0.972795
0.017209	0.755212
0.019132	0.715206
0.023268	0.904176
0.028944	0.881098
0.018484	0.732137
0.020983	0.847113
0.022399	0.937479
0.024549	1.009604
0.023388	0.964655
0.026005	1.034108
0.018795	0.778487
0.024235	0.890136
0.028179	1.035882
0.029100	1.093467
0.040060	1.265236
0.044600	1.358326
0.044358	1.402265
0.038530	1.246267
0.031837	1.040559
0.026081	0.905007
0.036670	1.226956
0.034401	1.089864
0.039897	1.149349
0.033699	0.918954
0.031759	1.101582
0.034670	1.235051
0.041617	1.499049
0.038402	1.380728
0.041517	1.540866
0.038227	1.348880
0.037554	1.330530
0.037263	1.363151
0.047117	1.738799
0.044585	1.683473
0.036099	1.411968
0.035450	1.526369
0.028998	1.290093
0.036426	1.459456
0.029332	1.201444
0.036889	1.493462
0.038979	1.586564
0.021650	1.073110
0.040364	1.574923
0.035517	1.609626
0.043458	1.740611
0.039842	1.399192
0.035526	1.138211
0.030535	0.997198
0.023913	0.793840
0.029224	1.034238
0.020882	0.717864
0.016076	0.518822
0.025127	0.860745
0.017679	0.595599
0.013696	0.417235
0.016237	0.480994
0.015310	0.477757
0.020147	0.674352
0.021206	0.708430
0.022295	0.732814
0.013711	0.444629
0.014976	0.467145
0.022255	0.805598
0.017446	0.621977
0.015671	0.679968
0.017203	0.640280
0.014163	0.630332
0.018469	0.785203
0.012919	0.578922
0.014397	0.628260
0.015483	0.695177
0.016895	0.695538
0.020852	0.751722
0.014378	0.631458
0.016568	0.675787
0.019802	0.705941
0.017931	0.647361
0.015014	0.623181
0.017254	0.737331
0.017043	0.674940
0.017719	0.577607
0.020904	0.720768
0.011702	0.423452
0.022731	1.028159
0.017978	0.957566
0.017845	0.832390
0.018326	0.897662
0.015755	0.853099
0.011774	0.497553
0.017475	0.667648
0.009261	0.721137
0.015881	0.915476
0.016098	0.788688
0.020367	0.673709
0.008221	0.540568
0.027492	0.844918
0.013179	0.318504
0.003850	0.132823
0.014920	0.585624
0.020099	0.774759
0.027221	0.966556
0.017806	0.636262
0.016914	0.617828
0.014748	0.119975
0.012573	0.140954
0.014669	0.396042
0.022915	0.686770
0.022968	0.637464
0.021406	0.692168
0.019508	0.605717
0.019044	0.571126
0.018192	0.554991
0.016384	0.597404
0.012717	0.398664
0.023288	0.770588
0.018176	0.643990
0.017283	0.602973
0.023140	0.788725
0.022178	0.766550
0.022835	0.846282
0.034596	1.177732
0.021449	0.873150
0.026679	0.990046
0.018525	0.818326
0.018335	0.776601
0.021796	0.908869
0.017481	0.885978
0.015332	0.963760
0.020072	0.950249
0.023557	0.989226
0.006759	0.893253
0.152689	3.794182
0.009923	0.929102
0.016198	0.885157
0.018424	1.264278
0.700910	5.184525
0.697743	4.956908
0.873832	5.945433
1.095163	7.763328
0.958345	6.696831
0.841527	6.302424
0.840438	6.262200
1.177878	8.083479
1.249562	9.034568
1.159921	8.289755
1.772609	12.619925
1.778099	12.623364
1.605668	11.165025
1.119158	7.991791
1.317388	9.297625
1.490603	10.644836
1.494745	10.599757
1.563699	10.941680
1.097678	7.603935
1.372617	9.424045
1.038324	7.314041
1.046111	7.398175
0.899670	5.988657
0.656597	4.414104
0.016607	1.030682
0.016345	0.791750
0.016474	0.796262
0.015456	0.805450
0.046159	1.489154
0.067773	1.189884
0.348285	9.361108
0.028085	0.953556
0.028033	0.955379
0.141817	2.297111
0.153995	1.516265
0.025228	0.920660
0.180930	1.697256
0.393495	9.325067
0.386781	9.106361
0.036736	1.219191
0.036100	1.178891
0.129245	1.991618
0.090328	0.949910
0.023108	0.850797
0.167291	3.254659
0.033135	1.117323
0.033280	1.127085
0.136461	1.251754
0.023629	0.910842
0.115153	1.008570
0.114321	0.998817
0.115546	1.341001
0.117549	1.271910
1.790218	8.444644
0.826101	15.119585
0.824968	15.090021
0.366966	4.792979
0.199907	3.354506
0.422418	6.553756
0.593257	12.573892
0.278940	4.095899
0.279192	4.098627
0.161063	2.756309
0.535213	5.011127
1.461639	13.256076
0.816865	18.958667
0.816396	18.948903
0.222446	4.961715
1.928365	63.261622
0.680916	5.393422
0.486102	6.316357
0.479643	6.156908
0.646555	10.203603
0.866723	7.797458
1.206826	20.450000
0.154434	2.446977
0.168445	3.880571
0.168194	3.868113
0.145536	3.620021
0.516990	8.297116
0.139458	2.531232
0.111997	3.093969
0.112463	3.080968
0.106170	3.438796
0.104595	3.564101
0.026857	0.867458
0.040881	1.213693
0.041300	1.219466
0.108302	4.037286
0.017222	0.538001
0.014832	0.593304
0.023745	0.941576
0.127224	2.795530
0.127212	2.786180
0.029167	0.931261
0.027869	0.866449
0.030511	0.916866
0.012125	0.420244
0.012089	0.421989
0.028898	0.903235
0.032218	0.998281
0.037164	1.149521
0.037413	1.154561
0.031911	1.042721
0.027470	0.868180
0.035097	1.047080
0.030021	0.939955
0.029846	0.935771
0.030707	0.891765
0.028311	0.872672
0.032261	1.032279
0.033140	1.200261
0.083608	3.465987
0.089311	4.444977
0.079255	4.623250
0.098129	4.044990
0.098026	4.046551
0.093505	4.670519
0.105226	4.847422
0.123456	4.633238
0.173986	5.021945
0.048194	1.398704
0.048284	1.396373
0.804354	7.900990
0.201414	5.822180
0.201282	5.825354
2.548649	26.334897
2.953606	31.095737
0.047475	1.398799
1.975783	19.937353
1.975205	19.924845
2.718621	138.221418
3.868717	44.920764
0.065652	1.813502
3.554147	40.019677
3.554434	40.017225
2.529389	158.771053
3.965679	173.727924
3.949079	172.908998
5.205585	145.244492
2.388069	174.712236
1.779199	167.733177
1.497515	152.714588
1.484051	152.229795
2.599239	165.094524
1.625122	94.706276
3.497974	154.524369
3.662085	137.062991
3.652230	136.465978
6.228064	179.716976
3.837748	148.351217
2.641114	155.249517
3.631796	174.883688
3.645010	142.211423
3.644829	142.182504
2.853096	137.760257
2.875571	163.213791
3.662545	126.194807
1.241617	35.287595
3.587130	142.404800
3.568947	131.005637
3.535512	148.959227
3.877341	159.297565
3.514280	114.179938
3.483176	134.338852
6.000971	174.031786
3.533345	133.877131
5.544530	159.272799
3.493966	139.559288
3.495295	139.638573
3.541903	138.280731
3.457762	133.729585
3.551035	141.966042
3.443210	142.847259
3.489480	129.586037
2.356458	68.550702
3.484560	150.313162
3.537364	113.805630
3.466121	134.400323
3.544046	113.473730
3.467859	145.728807
3.494107	114.820807
3.512866	121.510950
3.502281	127.335176
3.478284	126.353800
4.289598	39.176432
0.012119	0.373559
0.012083	0.361239
0.010119	0.284905
0.009969	0.247780
0.011429	0.256078
0.013035	0.322682
0.012020	0.240996
0.013249	0.280671
0.008891	0.163191
0.010393	0.133957
0.011143	0.256181
0.010920	0.267836
0.009910	0.245048
0.013761	0.369557
0.012771	0.323470
0.010675	0.194873
0.012192	0.202592
0.009472	0.133389
0.007546	1.068465
0.007210	0.144513
0.007557	0.056048
0.005853	0.068307
0.006415	0.131769
0.004078	0.198367
0.006522	0.171943
0.011971	0.349499
0.008288	0.230549
0.015866	0.466958
0.021830	0.631845
0.021718	0.624215
0.026737	0.676363
0.019926	0.528459
0.021637	0.642368
0.019376	0.496882
0.020936	0.346084
0.014455	0.366285
0.017149	0.425459
0.018189	0.445811
0.016833	0.500305
0.017334	0.546498
0.018014	0.600455
0.015809	0.571412
0.019319	0.649789
0.018720	0.607063
0.016440	0.522335
0.014102	0.446557
0.017719	0.508605
0.017468	0.491764
0.014391	0.428114
0.017704	0.516135
0.016805	0.493592
0.015815	0.474678
0.019185	0.557831
0.018089	0.525098
0.020491	0.576307
0.018826	0.540871
0.018398	0.579153
0.016565	0.577541
0.014407	0.486283
0.012847	0.470375
0.014835	0.502136
0.014284	0.493722
0.012218	0.422621
0.016032	0.544471
0.014016	0.512116
0.012788	0.536355
0.012073	0.526053
0.011174	0.604361
0.014989	0.669386
0.008583	0.514386
0.008294	0.588261
0.029849	1.223260
0.007800	0.522074
0.008095	0.415679
0.033337	1.326539
0.008574	0.416653
0.008116	0.372939
0.017328	0.518598
0.011890	0.470512
0.012222	0.501839
0.011151	0.541854
0.011099	0.557240
0.010909	0.475407
0.017670	0.291185
0.016496	0.539172
0.016222	0.575191
0.011450	0.450720
0.014138	0.649338
0.012073	0.528849
0.012550	0.599857
0.012007	0.583353
0.011311	0.598269
0.018660	0.428789
0.014487	0.623712
0.016810	0.817369
0.016794	0.772612
0.016372	0.771670
0.016019	0.721658
0.013965	0.824823
0.011688	0.680078
0.013040	0.761767
0.014513	0.932509
0.019664	1.023218
0.014295	0.976355
0.024404	1.512974
0.011856	0.719022
0.018414	0.989317
0.021423	0.965371
0.019197	0.958517
0.019627	0.938915
0.027551	1.184311
0.036026	1.269959
0.028626	1.153728
0.022250	1.067881
0.018852	1.375516
0.034204	1.566919
0.028824	1.530583
0.027825	1.587036
0.027763	1.480559
0.024502	1.211546
0.036683	1.473552
0.032037	1.406166
0.043110	1.231832
0.040003	1.610784
0.033915	1.430112
0.033097	1.511078
0.030540	1.460217
0.036714	1.561730
0.044638	1.942995
0.191440	5.907305
0.242874	4.922669
0.237314	6.771963
0.337073	5.400890
0.173638	3.764440
0.212830	5.935763
0.200488	4.763271
0.162453	4.437041
0.518612	6.939341
0.600709	6.963346
0.286741	7.810225
1.057368	13.287084
0.224318	7.613006
0.224377	9.077822
2.564890	133.047072
2.335775	138.624044
2.304295	135.232732
2.968647	38.699995
3.041964	39.533548
3.021606	37.725157
1.207858	16.067346
0.558294	8.544962
2.561204	32.332890
2.849090	35.511359
2.451232	30.709576
2.812695	35.442057
2.795198	34.712254
2.623734	33.526117
2.811095	35.662795
2.996881	37.833985
3.015163	38.744736
2.923019	37.469363
2.830209	36.036085
0.464593	23.331602
2.310898	30.815273
1.937503	25.825703
1.418973	18.823878
2.158427	28.815168
1.456720	19.633196
0.859410	26.676185
0.768368	10.543486
1.009480	13.729258
1.223404	16.717019
0.773618	10.467702
1.024229	14.332192
0.048041	2.048941
0.022308	1.083574
0.015259	0.725517
0.018619	0.683433
0.019298	0.619940
0.022061	0.704631
0.014515	0.675857
0.020038	0.726421
0.021400	0.653118
0.021547	0.739295
0.034100	0.755325
0.031573	0.737275
0.032299	0.771323
0.029515	0.748028
0.035303	0.860748
0.028435	0.760690
0.027929	0.744708
0.025604	0.825252
0.022540	0.734449
0.016897	0.636833
0.018126	0.629345
0.022301	0.699534
0.020181	0.641393
0.025208	0.832235
0.020982	0.654448
0.020101	0.534637
0.029754	0.731861
0.022696	0.647281
0.025538	0.668514
0.019948	0.533934
0.023942	0.926527
0.018252	0.426889
0.015693	0.337797
0.016431	0.356597
0.016055	0.373103
0.019306	0.374468
0.026243	0.589662
0.014254	0.313070
0.015538	0.456693
0.009369	0.348971
0.017791	0.403032
0.018086	0.384584
0.021711	0.444962
0.027135	0.521562
0.028133	0.621433
0.028231	0.540404
0.025177	0.448127
0.026721	0.511921
0.022516	0.426791
0.028625	0.535524
0.035319	0.725868
0.030102	0.597632
0.040242	0.900460
0.038286	0.906996
0.042134	0.987597
0.042717	1.033234
0.038659	0.939141
0.037013	0.978484
0.036535	0.994048
0.041354	1.064300
0.040594	1.047163
0.037293	0.917018
0.035863	1.003748
0.039709	1.156158
0.031627	0.885530
0.032676	1.012817
0.028355	0.900737
0.027283	0.895837
0.019767	0.813578
0.018506	1.232221
0.020313	0.848754
0.019794	0.843336
0.022487	0.876053
0.022386	0.930445
0.019963	0.867658
0.013207	0.794368
0.014725	0.818419
0.014632	0.777445
0.014321	0.638772
0.018671	0.820361
0.020938	0.691872
0.016404	0.586029
0.013641	0.478423
0.017764	0.491579
0.018572	0.461327
0.016048	0.539268
0.009962	0.338982
0.019122	0.480770
0.016166	0.484173
0.016246	0.375025
0.020485	0.495670
0.015446	0.369647
0.018737	0.330943
0.017648	0.313177
0.014991	0.342399
0.013577	0.318232
0.015097	0.196485
0.016494	0.229441
0.013132	0.186530
0.011609	0.203779
0.011210	0.230814
0.016746	0.436819
0.012312	0.377183
0.011519	0.115869
0.008916	0.065674
0.008095	0.303732
0.010475	0.426211
0.008683	0.170041
0.006810	0.072055
0.004548	0.172746
0.004780	0.272251
0.002910	0.279330
0.009889	0.356734
0.007387	0.276331
0.007728	0.375277
0.006242	0.319631
0.005164	0.344003
0.005521	0.490116
0.009082	0.576199
0.010496	0.669651
0.011909	0.701239
0.007280	0.501755
0.004580	0.472148
0.003191	0.437556
0.004368	0.445022
0.007470	0.578861
0.007224	0.577089
0.005797	0.383625
0.005238	0.353470
0.009589	0.259142
0.009131	0.268690
0.014230	0.320132
0.014274	0.231971
0.014964	0.297854
0.017874	0.340431
0.015149	0.236845
0.016348	0.174050
0.015542	0.174316
0.016948	0.257254
0.020510	0.316452
0.017138	0.250768
0.018552	0.288060
0.021471	0.365809
0.021445	0.345825
0.023016	0.401447
0.022567	0.384886
0.024502	0.452705
0.023329	0.404007
0.021372	0.411046
0.028616	0.604116
0.026634	0.519096
0.022521	0.431428
0.024842	0.490443
0.025503	0.478441
0.025782	0.490537
0.023102	0.400647
0.022622	0.417089
0.020016	0.346902
0.022452	0.401733
0.022443	0.406004
0.017097	0.255196
0.019608	0.354052
0.021129	0.399960
0.013796	0.183588
0.013813	0.199012
0.006571	0.209829
0.012395	0.327939
0.017745	0.405492
0.020582	0.302672
0.017057	0.333944
0.010704	0.296196
0.011018	0.314014
0.016037	0.504884
0.015506	0.334710
0.012125	0.376491
0.007300	0.361821
0.012978	0.359107
0.013094	0.357192
0.015263	0.386197
0.012302	0.343665
0.007750	0.381086
0.011665	0.376988
0.024949	1.232633
0.023499	1.107324
0.017009	0.401820
0.009527	0.361237
0.009954	0.329403
0.009864	0.265102
0.011918	0.255811
0.010526	0.303566
0.009951	0.198809
0.009712	0.191470
0.007719	0.145569
0.012200	0.305872
0.010770	0.333198
0.006071	0.245650
0.009136	0.338776
0.010871	0.368239
0.009691	0.366372
0.010799	0.431458
0.011205	0.431394
0.012284	0.468767
0.014388	0.555623
0.020143	0.673561
0.017826	0.625043
0.020181	0.701354
0.022497	0.754593
0.022656	0.752934
0.023556	0.826540
0.025938	0.880151
0.022453	0.802688
0.022100	0.784887
0.024567	0.871641
0.024502	0.880829
0.023732	0.788955
0.022526	0.700205
0.015094	0.615848
0.021245	0.677759
0.026174	0.852499
0.021797	0.658367
0.020212	0.490779
0.019294	0.506802
0.017267	0.441239
0.028223	0.658186
0.026705	0.561730
0.020355	0.422877
0.026013	0.581416
0.029606	0.985904
0.025845	0.532018
0.026771	0.510334
0.025110	0.457963
0.022134	0.381078
0.017868	0.336196
0.026337	0.600075
0.015176	0.454022
0.018423	0.570186
0.024069	0.651274
0.026255	0.804939
0.022241	0.553644
0.018750	0.692261
0.020048	0.527495
0.026105	0.739195
0.023188	0.585313
0.020698	0.599278
0.039101	0.960213
0.043350	1.026876
0.031798	0.846080
0.022680	0.685193
0.029510	0.862675
0.037736	0.946605
0.046862	1.094671
0.030613	0.811763
0.018906	1.048449
0.012137	1.004758
0.025584	1.218532
0.031011	1.085831
0.021655	1.264298
0.009699	0.917259
0.010958	0.902297
0.005925	1.044954
0.012090	1.130581
0.022638	1.010364
0.019136	1.077959
0.022473	0.953835
0.015832	1.006904
0.021106	1.060840
0.013052	0.911768
0.015250	1.106605
0.016451	0.875935
0.030428	1.141972
0.018662	1.121631
0.022911	1.056380
0.025070	1.272526
0.018317	1.248928
0.025984	1.441548
0.029089	1.404642
0.027248	1.534170
0.022119	1.456626
0.030814	1.614045
0.031506	1.654953
0.034970	1.688032
0.020254	1.217833
0.026807	1.264632
0.019010	1.004442
0.018163	0.802901
0.028679	0.845065
0.033832	0.976271
0.017729	0.689850
0.019725	0.711890
0.019852	0.664713
0.020150	0.670249
0.034141	0.983472
0.038774	1.007940
0.038614	0.880120
0.028726	1.451167
0.037055	0.802147
0.039605	0.830337
0.044476	0.994380
0.038454	0.842581
0.060692	1.822322
0.042526	0.977089
0.040566	1.019615
0.033344	0.970360
0.045008	1.750672
0.043887	1.126385
0.042864	1.025824
0.029903	0.714873
0.040455	1.709120
0.030139	0.875743
0.027435	0.785681
0.022478	0.640058
0.020729	0.648314
0.020163	0.625479
0.020645	0.639337
0.016969	0.412123
0.015367	0.253908
0.011843	0.210369
0.010230	0.239614
0.016229	0.894896
0.010343	0.219478
0.007881	0.313465
0.012914	0.294960
0.012649	0.347906
0.010246	0.429993
0.014522	0.453667
0.022104	0.676828
0.017886	0.533633
0.008334	0.587508
0.021357	0.613122
0.021478	0.621275
0.020533	0.625560
0.022989	0.594447
0.017827	0.448500
0.020157	0.576518
0.020179	0.569019
0.024471	0.672208
0.025538	0.705947
0.027952	0.777527
0.029360	0.916380
0.032378	1.022122
0.028207	0.853288
0.028979	0.904519
0.029101	0.963903
0.026522	0.888511
0.021087	0.728489
0.020632	0.794820
0.018355	0.734065
0.014250	0.637881
0.023833	0.959999
0.024915	0.954521
0.025791	0.955640
0.025694	1.004786
0.014773	0.575337
0.007665	0.372680
0.017325	0.693933
0.014080	0.577544
0.006352	0.362869
0.020018	0.822212
0.030845	1.153651
0.028183	1.041531
0.026114	0.930314
0.021328	0.768465
0.022380	0.859844
0.022590	0.857205
0.027717	0.873949
0.020831	0.802792
0.021523	0.811309
0.015519	0.758030
0.021089	0.892351
0.028492	0.995459
0.018053	0.932727
0.019069	0.936659
0.012683	0.948048
0.014739	1.056483
0.007408	0.984689
0.005961	1.098840
0.008078	1.118636
0.010191	1.310872
0.003551	1.063540
0.001185	1.165816
0.005765	1.052349
0.011300	1.187415
0.008650	1.049375
0.003829	1.031773
0.008867	1.099359
0.005383	1.126388
0.012423	1.238602
0.008594	1.128993
0.011074	1.146423
0.011812	1.223251
0.022489	1.367647
0.030800	1.443881
0.026897	1.431734
0.031933	1.480081
0.026914	1.354409
0.030460	1.559716
0.028569	1.540901
0.030576	1.513064
0.044643	1.272470
0.054010	1.985535
0.041731	1.728834
0.028613	1.217353
0.036456	1.495557
0.033680	1.516417
0.040163	1.594648
0.030393	1.301365
0.039535	1.560952
0.035904	1.066994
0.040813	1.612827
0.029047	1.234726
0.015602	0.839452
0.026037	1.105500
0.039704	1.633280
0.018647	0.913862
0.029890	1.493736
0.044427	1.392767
0.037253	1.480567
0.022840	1.113543
0.027440	1.071707
0.011701	0.701868
0.119466	2.263365
0.122001	6.187564
0.030825	0.900096
0.049716	4.926207
0.008435	0.269622
0.014873	0.429826
0.021686	0.519762
0.028775	0.722807
0.014466	0.248857
0.027000	0.643094
0.104351	5.461148
0.008417	0.504575
0.650827	7.230641
0.751962	7.839962
0.055066	1.985642
0.989573	7.048615
0.776891	6.737413
1.618227	6.680012
2.035456	6.199921
1.616918	6.848240
1.716708	6.436298
2.641623	6.381421
2.036186	5.342995
3.412181	106.645467
3.445920	107.232829
3.680097	108.448917
3.409950	107.915070
3.639585	109.336097
2.133792	4.612644
2.202652	5.169758
3.916543	112.958720
2.013317	3.688127
1.583061	4.894417
1.146053	4.765722
1.238292	4.405747
1.166622	4.313342
1.062050	4.191142
1.005405	5.190093
0.788826	4.053503
0.968093	4.970387
0.870748	5.639386
0.363219	3.394121
0.498668	3.782363
0.449378	3.144304
0.335025	2.285418
0.313791	12.576716
0.048688	1.040733
0.024592	0.389327
0.040895	0.831586
0.032249	0.642383
0.021177	0.252427
0.024076	0.405669
0.033185	0.850537
0.022081	0.849629
0.032286	0.751920
0.022004	0.456988
0.019199	0.463667
0.015358	0.402103
0.028815	0.695196
0.020411	0.431181
0.027424	0.628764
0.015443	0.562763
0.010715	0.526172
0.027639	0.733740
0.014988	0.488880
0.008399	0.563743
0.013933	0.523243
0.020112	0.637948
0.013322	0.488183
0.020282	0.637393
0.023497	0.797354
0.029848	0.983686
0.031799	0.990006
0.034596	1.077504
0.035282	1.106360
0.031171	0.984397
0.029288	0.919727
0.039183	1.192796
0.036050	1.050356
0.033331	0.985767
0.038012	1.152547
0.035583	1.107586
0.040440	1.352002
0.037518	1.182833
0.041014	1.291552
0.033799	1.060220
0.031537	1.152376
0.034793	1.417669
0.028766	1.054789
0.031673	1.088619
0.028338	0.937570
0.036471	0.829643
0.033371	0.982628
0.030192	0.985394
0.041127	1.099738
0.032041	0.816163
0.025292	0.721558
0.025488	0.740103
0.023195	0.642925
0.016356	0.230735
0.027348	0.584252
0.013184	0.161476
0.013881	0.173999
0.010434	0.142875
0.017033	0.196159
0.011895	0.134446
0.016066	0.227085
0.014653	0.352718
0.007659	0.278319
0.008494	0.351484
0.008786	0.318721
0.007888	0.267020
0.012168	0.180626
0.026361	0.619617
0.014195	0.312298
0.010575	0.255300
0.022040	0.598394
0.009692	0.247709
0.020819	0.241582
0.015707	0.357682
0.009899	0.453147
0.015636	0.525540
0.016022	0.658984
0.021919	1.160848
0.009570	0.671682
0.013388	0.796004
0.015118	0.838045
0.014796	0.730716
0.010869	0.463148
0.010838	0.465232
0.009379	0.511487
0.011189	0.480189
0.012141	0.492454
0.012129	0.475483
0.014595	0.537018
0.018632	0.590868
0.017191	0.690332
0.014569	0.486490
0.013143	0.314904
0.010998	0.372543
0.018358	0.478229
0.018357	0.475040
0.032098	0.905848
0.028814	0.842488
0.022414	0.661401
0.022144	0.612382
0.022220	0.617442
0.025416	0.695462
0.023148	0.656540
0.026759	0.726716
0.036045	0.688600
0.027323	0.753688
0.030250	0.833670
0.029270	0.799770
0.013951	0.995801
0.024544	0.689865
0.020596	0.538403
0.013172	0.369400
0.014974	0.393229
0.014176	0.340952
0.021995	0.485888
0.022037	0.486757
0.020199	0.485880
0.018809	0.455656
0.016202	0.384091
0.015465	0.381551
0.007034	0.209161
0.007440	0.152419
0.006562	0.134280
0.009665	0.209524
0.009889	0.212085
0.007997	0.225315
0.008266	0.177518
0.005968	0.094837
0.006848	0.136506
0.006361	0.164212
0.006259	0.190600
0.007085	0.271878
0.004583	0.228769
0.007865	0.339276
0.008620	0.328920
0.009900	0.369513
0.009359	0.439242
0.008806	0.403330
0.004967	0.281252
0.006771	0.294082
0.009352	0.301285
0.012892	0.417325
0.014394	0.388924
0.016236	0.438617
0.016660	0.435873
0.014824	0.422556
0.013698	0.414376
0.010075	0.251679
0.008287	0.206863
0.007985	0.238562
0.010014	0.210738
0.005472	0.307926
0.003657	0.299640
0.007012	0.284808
0.013035	0.546428
0.004735	0.380799
0.009422	0.330193
0.014323	0.502075
0.012452	0.490396
0.022735	0.797363
0.026820	0.847912
0.021482	0.731442
0.022754	0.747241
0.024061	0.869436
0.021850	0.782549
0.020904	0.807766
0.030367	1.109075
0.014810	0.360256
0.027279	1.040617
0.028689	1.062980
0.026855	1.053574
0.028683	1.106138
0.028647	1.119184
0.030066	1.158556
0.028091	1.096574
0.026042	1.035103
0.024566	1.018036
0.033174	1.357215
0.029290	1.011529
0.025074	0.912111
0.021952	0.908047
0.023533	0.925530
0.020272	0.834400
0.019158	0.851251
0.024282	1.002925
0.026854	1.049292
0.027080	1.049764
0.025069	0.929198
0.016927	0.700714
0.020237	0.849479
0.024966	0.984933
0.022400	0.895073
0.020798	0.881631
0.021735	0.931853
0.022725	0.887816
0.024456	0.937187
0.025387	1.004474
0.023221	0.889108
0.022556	0.852367
0.026575	1.006635
0.027836	0.984995
0.023860	0.908154
0.028295	1.000510
0.027013	0.923148
0.025498	0.895501
0.024940	0.889886
0.026255	0.885116
0.030965	0.977754
0.024890	0.863038
0.025385	0.947878
0.028466	0.970618
0.030814	1.024512
0.029604	1.061609
0.029774	1.072539
0.029516	1.024353
0.026918	0.955634
0.028598	1.014472
0.025999	0.971420
0.027004	0.970912
0.024040	0.941140
0.023563	0.899171
0.022570	0.845672
0.020431	0.821446
0.021282	0.855148
0.020994	0.825121
0.020426	0.808876
0.020206	0.762145
0.020186	0.743253
0.019201	0.745205
0.018939	0.721422
0.022015	0.837242
0.022125	0.795955
0.033748	1.186219
0.022610	0.789720
0.018393	0.676651
0.021522	0.752270
0.025437	0.825872
0.023109	0.788284
0.020162	0.730231
0.018407	0.688559
0.016554	0.645122
0.013937	0.571478
0.011897	0.526006
0.013393	0.515374
0.012827	0.455843
0.013148	0.459426
0.009830	0.336492
0.006955	0.256342
0.008016	0.302341
0.005715	0.295915
0.003953	0.193020
0.003392	0.132304
0.003399	0.132113
0.003502	0.190978
0.003631	0.226126
0.001921	0.193262
0.002360	0.110628
0.002094	0.097444
0.002047	0.090543
0.003380	0.173448
0.003473	0.176873
0.004569	0.104438
0.006739	0.199513
0.007890	0.225406
0.004820	0.117496
0.005486	0.123022
0.010170	0.628489
0.008745	0.311493
0.011416	0.364363
0.009601	0.285373
0.012073	0.320765
0.013749	0.379368
0.012938	0.370208
0.012663	0.358684
0.013441	0.364644
0.014332	0.398409
0.016723	0.467694
0.014780	0.425412
0.015815	0.444944
0.017189	0.512220
0.016888	0.484305
0.017011	0.470931
0.018890	0.555471
0.016881	0.468675
0.016835	0.460993
0.018574	0.516495
0.019125	0.566376
0.026033	0.759222
0.022019	0.671460
0.021602	0.685768
0.023801	0.679265
0.023669	0.660515
0.019757	0.592909
0.018745	0.582727
0.020578	0.637620
0.026006	0.773518
0.016370	0.537805
0.021181	0.703248
0.024552	0.709445
0.015696	0.496151
0.014427	0.511427
0.014269	0.510413
0.021526	0.686861
0.015879	0.503467
0.022789	0.642813
0.022342	0.628206
0.018570	0.625767
0.016083	0.558632
0.023605	0.700535
0.026905	0.737444
0.021536	0.661268
0.028873	0.895226
0.023992	0.628921
0.028958	0.691349
0.022788	0.647545
0.022705	0.755509
0.039734	0.952882
0.039982	0.933866
0.037521	0.965920
0.039321	0.988359
0.028840	0.783379
0.037964	0.894583
0.034250	0.890244
0.029023	0.873541
0.039839	1.019733
0.038101	1.051708
0.030707	0.890727
0.037744	1.022914
0.028792	0.819271
0.034063	1.275059
0.034040	0.984082
0.029409	0.871028
0.029711	0.810824
0.036354	0.935554
0.035586	1.041632
0.033237	0.993211
0.045389	1.179051
0.043250	1.075903
0.036427	1.012889
0.028401	0.866678
0.034887	0.978670
0.034788	0.934815
0.032130	0.915686
0.038113	1.069298
0.029204	0.828587
0.033081	0.967249
0.033553	1.006250
0.031372	0.918552
0.032097	1.012181
0.031131	0.990525
0.031154	1.013282
0.028654	0.872831
0.040430	1.210957
0.053099	1.574707
0.265781	7.408998
0.290319	9.146000
0.187291	7.987868
0.039397	1.166799
0.472881	7.445783
0.170902	7.443228
