0.649653	2.658117
1.119841	3.417074
1.103505	2.982771
0.906784	2.835313
0.649466	2.681049
0.654581	2.583709
0.854162	2.535419
0.625907	2.466935
0.875962	2.634717
0.652619	2.437608
0.561073	2.305240
0.641577	2.486628
0.709159	2.359402
0.835191	2.656403
0.797148	2.535623
0.663999	2.422240
0.769565	2.386912
0.768136	2.345664
1.023249	2.950611
0.744141	2.325366
0.711453	2.446811
1.273861	4.142937
1.149377	3.597172
1.580619	5.503293
1.884235	6.505021
1.989994	6.661519
1.948796	5.962768
2.306310	6.711139
2.476396	8.558393
2.284862	8.601122
2.468708	8.651743
1.683336	6.331106
1.816103	6.134077
1.832062	6.553165
1.244248	3.969387
1.376352	5.165509
1.023484	3.385507
1.385686	4.886652
1.157681	3.816690
1.326290	4.402258
1.915458	7.177384
1.577011	5.707446
1.289721	5.105649
0.812900	3.020327
1.584698	6.865214
1.757838	7.748985
0.785839	2.088703
1.549753	6.033659
0.909748	3.010362
1.348339	6.428417
1.695465	7.547584
1.511972	6.562986
1.823703	8.777733
1.750020	8.692162
1.608284	7.862602
1.434745	6.581265
1.837174	8.603601
1.906802	8.859229
1.179269	5.123035
2.179228	10.830016
1.994245	9.513149
2.246538	11.781011
2.507527	13.886658
2.959366	16.402744
2.816034	15.154518
3.413669	15.256115
2.871647	14.306489
2.876643	14.900182
2.655772	12.740164
2.564358	13.017985
2.319967	12.628617
2.361982	12.495008
1.652349	9.049583
1.170375	7.319002
0.535063	2.827694
0.263060	0.847183
0.180501	0.659859
0.084342	1.045458
0.061459	1.492569
0.071584	1.259634
0.067442	1.146416
0.072338	1.229630
0.076046	1.054629
0.078390	1.025710
0.072887	1.135955
0.083147	1.078110
0.074676	1.056953
0.095069	1.422220
0.085830	1.190972
0.077708	1.093258
0.078444	1.387350
0.074958	1.478997
0.080065	1.580234
0.072526	1.281279
0.073934	1.489381
0.076179	1.550635
0.082143	1.370975
0.067748	1.399326
0.074388	1.571040
0.070822	1.410102
0.081156	1.467528
0.095471	1.413899
0.094257	1.532841
0.097236	1.698881
0.085587	1.645928
0.077247	1.544192
0.073333	1.529044
0.122062	1.250002
0.107854	1.268858
0.092264	1.426453
0.071163	1.515274
0.078951	1.355245
0.077950	1.233869
0.085304	1.233507
0.060543	1.356773
0.079636	1.002233
0.062957	1.208904
0.065768	1.395210
0.065301	1.048579
0.057583	1.045927
0.050302	0.883425
0.059963	0.995876
0.064581	0.910699
0.075763	0.837236
0.056562	1.031133
0.079496	0.741934
0.036880	0.795438
0.047254	0.811795
0.067488	1.000321
0.074929	1.133488
0.074007	1.042212
0.065338	1.197319
0.096955	1.366033
0.060781	1.049812
0.063168	1.065931
0.064374	1.127977
0.082266	1.270956
0.095458	1.341429
0.084866	1.300424
0.089422	1.256929
0.077544	1.260417
0.103508	1.250168
0.099780	1.167395
0.102643	1.185225
0.087221	1.240771
0.088584	1.457979
0.103896	1.227799
0.101093	1.291232
0.086274	1.275382
0.077110	1.418287
0.080038	1.330040
0.092714	1.324836
0.076087	1.285341
0.070961	1.225142
0.071469	1.282147
0.072657	1.345199
0.089779	1.475654
0.072610	1.252958
0.056634	1.369072
0.071672	1.313573
0.064685	1.236138
0.089995	1.225963
0.080930	1.308919
0.071166	1.083065
0.063676	1.068676
0.050209	0.996991
0.060330	1.002527
0.056392	0.959331
0.056409	0.673330
0.032997	0.834291
0.041308	0.958565
0.041107	0.931209
0.031950	0.953516
0.030262	0.668218
0.026714	0.851707
0.038454	1.161529
0.027528	1.130403
0.031661	0.652567
0.031238	0.616615
0.039518	0.992454
0.033708	1.150729
0.046932	1.222036
0.040983	1.084803
0.053718	1.163738
0.062392	1.358172
0.078151	1.464017
0.078059	1.476325
0.075015	1.466979
0.059811	1.183165
0.091340	1.587944
0.086211	1.691040
0.070648	1.817677
0.074889	1.885836
0.072619	1.563668
0.075592	1.551879
0.069984	1.838780
0.082894	1.808966
0.072619	1.683478
0.073411	1.867837
0.058514	1.610765
0.077365	1.860188
0.075347	1.851346
0.062865	1.660993
0.064565	1.524450
0.067853	1.608072
0.060513	1.592862
0.062210	1.609324
0.050806	1.559246
0.066400	1.702758
0.051923	1.415376
0.040780	1.296366
0.052270	1.448153
0.060448	1.315409
0.046695	1.393620
0.047702	1.582759
0.046759	1.518580
0.047602	1.150471
0.044283	1.269392
0.042658	1.372530
0.044426	1.403260
0.050814	1.725580
0.070359	1.456307
0.050078	1.530359
0.058004	1.625884
0.049940	1.142978
0.048872	1.140286
0.098629	1.331078
0.079422	1.372379
0.081675	1.490519
0.062197	1.146819
0.096037	1.092781
0.106981	0.902110
0.038553	0.661992
0.045716	0.795273
0.074881	1.044759
0.085182	1.037000
0.095606	1.382342
0.096433	1.406253
0.095136	0.974673
0.083546	0.871203
0.076285	0.933017
0.102879	0.688394
0.104108	0.708511
0.069494	0.784510
0.089248	0.661326
0.103785	0.535825
0.088571	1.023471
0.087721	1.027124
0.084852	0.932758
0.085160	1.090216
0.093714	1.040732
0.093669	1.060160
0.099037	1.191653
0.064323	1.229066
0.107696	1.086592
0.107476	1.098781
0.133773	1.061877
0.086877	1.111999
0.080413	0.934200
0.102069	0.953090
0.110484	0.958326
0.128157	0.925170
0.127603	0.674041
0.128037	0.718443
0.113298	0.700932
0.137553	0.645549
0.112085	0.828291
0.165169	0.776081
0.163920	0.817170
0.125386	0.763686
0.131797	0.848154
0.145434	1.276857
0.169821	0.661102
0.167222	0.744017
0.178189	0.993399
0.155103	0.639154
0.123587	0.559234
0.138301	0.802072
0.198428	0.570354
0.184362	0.429078
0.180896	0.182772
0.180625	0.190284
0.134236	0.197790
0.161749	0.079426
0.108215	0.146846
0.108123	0.119624
0.088497	0.398268
0.101560	0.161914
0.101162	0.180755
0.092083	0.366816
0.126502	0.557880
0.125926	0.570808
0.060016	0.665732
0.068713	0.587610
0.068277	0.615628
0.083131	0.565309
0.100024	0.725536
0.105202	0.442542
0.073226	0.769572
0.073481	0.804109
0.077620	0.975254
0.100893	0.917884
0.100644	0.899232
0.057698	0.920207
0.053706	0.760377
0.053741	0.803956
0.118667	0.944007
0.088066	0.627549
0.085862	0.719153
0.121098	0.841505
0.059439	0.478845
0.059950	0.512210
0.085867	0.849270
0.086327	0.780209
0.113558	0.952478
0.156353	1.067617
0.156770	1.095055
0.098683	1.084048
0.122974	1.241342
0.122853	1.245639
0.092935	0.864653
0.115484	0.704912
0.114500	0.694397
0.082479	0.840875
0.102391	0.743457
0.119823	0.686735
0.119425	0.710929
0.105579	0.553525
0.047075	0.242419
0.046030	0.245788
0.082697	0.552774
0.039349	0.204938
0.036598	0.170544
0.051683	0.354852
0.059887	0.510635
0.059112	0.580345
0.046960	0.640490
0.053569	0.259675
0.052829	0.300336
0.089075	0.577584
0.089472	0.595510
0.068664	0.771461
0.090964	0.816227
0.090896	0.824336
0.040073	0.799341
0.105602	0.854594
0.106239	0.874739
0.112829	0.923781
0.120004	1.112497
0.119124	1.080498
0.073125	1.083848
0.136177	1.101074
0.136133	1.118136
0.172726	1.359665
0.192456	1.629075
0.192010	1.625264
0.155292	1.194015
0.151032	1.332484
0.150455	1.281952
0.091637	1.138421
0.052973	0.884216
0.052724	0.891130
0.104580	1.121084
0.059940	0.905233
0.094986	1.001522
0.095512	1.020821
0.028447	0.770627
0.051292	1.019087
0.029515	0.729231
0.028820	0.799233
0.053651	0.993005
0.051637	0.876021
0.054745	0.757113
0.052816	0.808074
0.045816	0.970362
0.080027	0.976532
0.080062	0.997045
0.071131	0.780057
0.079646	0.933280
0.086390	0.956013
0.086910	0.941242
0.125110	1.130046
0.199997	1.708274
0.165835	1.956293
0.141756	0.961907
0.116144	0.860036
0.059946	1.074862
0.059865	1.079545
0.078618	0.802504
0.053059	1.021323
0.049173	0.982878
0.054471	0.772191
0.054378	0.792514
0.060634	0.827656
0.076400	1.001679
0.068791	0.861159
0.085089	1.262813
0.084969	1.242722
0.160978	1.293980
0.053313	0.945078
0.061741	0.846181
0.067012	0.928159
0.067236	0.830740
0.052257	1.165469
0.085088	0.995897
0.046637	0.676127
0.046942	0.654182
0.039719	0.662123
0.065426	0.814735
0.071245	0.738767
0.062608	0.770551
0.068756	0.895133
0.053980	0.851939
0.156029	1.198020
0.092597	0.939269
0.091844	0.927226
0.124793	1.012871
0.088832	0.809141
0.083558	1.028288
0.124527	1.071722
0.125807	1.041440
0.085413	0.860424
0.084441	0.862814
0.077963	0.961453
0.088271	1.139098
0.126099	1.086277
0.096508	0.971304
0.094709	0.962924
0.122827	1.355502
0.094069	1.010675
0.161754	1.306251
0.157509	1.039486
0.157061	1.023607
0.224537	1.644642
0.140873	1.625893
0.206084	1.941532
0.142550	1.178534
0.141150	1.088416
0.105729	1.031832
0.126616	1.419811
0.110207	1.654835
0.192930	1.438833
0.123872	1.687416
0.124795	1.701281
0.127583	1.890290
0.174409	2.269191
0.090960	1.364037
0.082175	1.086314
0.189452	1.498403
0.070655	1.315343
0.070063	1.322233
0.105310	1.248658
0.068432	1.071705
0.291724	1.999247
0.236515	1.829105
0.133131	0.728333
0.370489	2.264761
0.376288	2.390950
0.407053	2.204438
0.295457	1.580445
0.353792	2.131831
0.394693	2.226838
0.326952	2.017312
0.359127	2.105619
0.418479	2.361509
0.500307	2.702202
0.369659	2.213200
0.478597	2.814008
0.305390	1.933010
0.153153	0.619860
0.140971	0.476905
0.296372	1.466628
0.525042	2.889596
0.406932	2.004994
0.448724	2.192728
0.496856	2.328181
0.256127	0.915393
0.451556	2.346803
0.501687	3.040570
0.482949	2.652169
0.347496	1.683322
0.360653	2.199385
0.492963	2.683610
0.342863	2.392232
0.415993	2.523494
0.558863	3.515461
0.549309	3.412542
0.390691	3.037487
0.467062	3.374765
0.378795	2.983028
0.379964	3.139454
0.588858	3.916182
0.615535	4.401648
0.693345	4.542556
0.658468	4.602337
0.657263	4.454862
0.681166	4.139342
0.856224	5.426206
0.841365	5.162984
0.841342	5.127115
0.672116	4.344776
0.703958	4.341379
0.755563	4.272041
0.667968	4.553048
0.670709	4.586000
0.553281	3.724374
0.779191	4.961213
0.730565	4.788392
0.694559	4.767934
0.696843	4.788633
0.688457	4.665832
0.705079	5.020165
0.765832	5.220624
0.841298	5.787593
0.835772	5.695338
0.931004	5.684188
0.637982	4.720677
0.602494	4.770469
0.776683	5.787104
0.747613	5.491014
0.750073	5.612894
0.802802	6.007229
0.748334	5.237419
0.702694	5.406422
0.673823	4.943539
0.571801	4.639854
0.785226	5.866504
0.702342	4.404107
0.701586	4.285023
0.842205	4.824180
0.992465	5.731402
0.952352	4.916073
1.125372	5.059445
0.979203	4.788704
0.978784	4.769986
0.950950	4.377050
1.176285	5.614058
1.174596	5.646924
1.266911	5.281866
1.381617	5.339307
1.379864	5.338883
1.807559	7.186964
1.806745	7.212029
1.548226	6.128837
2.068058	7.111727
2.064853	7.075726
1.868655	6.002472
1.868453	5.973074
1.897916	5.761429
2.152475	6.470497
2.151398	6.462763
2.289245	6.930048
2.039312	6.700421
2.038512	6.699974
2.138914	6.783184
2.201762	7.166678
2.170132	6.585852
2.069446	6.386098
2.070826	6.343091
2.377267	7.720238
1.934761	5.929869
1.939067	5.828783
2.108992	5.680501
2.107244	5.728219
2.173540	5.158251
2.099326	5.368146
2.099555	5.469011
2.057246	5.379440
2.054301	5.414005
2.195327	5.568325
2.197099	5.609971
1.991344	4.841544
2.556583	7.933765
2.555256	7.956568
2.523407	7.032797
2.572280	8.243080
2.565758	8.128512
2.156283	6.414470
2.155441	6.863182
2.421046	7.400915
2.417707	7.537351
1.942264	7.802688
1.859923	6.889401
1.858487	6.876262
1.968670	6.140247
1.769927	6.216919
1.768012	6.208064
1.647980	6.241324
1.287306	4.613619
1.287610	4.592434
1.307376	4.788213
1.306452	4.736527
1.004750	3.911246
1.021113	4.489417
1.022659	4.558483
1.163464	4.670268
1.162201	4.629939
0.913784	3.662811
0.902345	3.836497
0.902740	3.854201
0.935304	3.795537
0.935465	3.869563
0.972671	4.038602
0.902262	3.798247
0.639081	2.555913
0.639074	2.568064
0.612648	2.782098
0.538006	2.755474
0.537887	2.780639
0.637422	3.565649
0.490755	2.951582
0.489868	2.943694
0.526370	3.698078
0.653321	4.217835
0.654210	4.352390
0.628739	4.327910
0.532565	3.489939
0.531366	3.390473
0.446118	3.590760
0.513603	3.287011
0.513225	3.276068
0.403468	2.795246
0.406475	3.802921
0.326891	3.469674
0.445378	3.917419
0.446582	4.020442
0.396495	3.059656
0.369094	2.845001
0.337065	2.424022
0.268262	1.877096
0.289471	2.109274
0.322993	2.068731
0.271884	1.722646
0.236367	1.492458
0.321811	2.214896
0.271058	1.759296
0.287079	1.998795
0.242651	1.327564
0.255665	1.389522
0.255523	1.327945
0.247476	1.329434
0.313948	1.922495
0.270406	1.650106
0.278528	1.518277
0.283404	1.740355
0.288599	2.116548
0.293499	1.747398
0.307144	1.939678
0.275142	1.950764
0.267626	1.818142
0.390779	2.446475
0.298378	1.874040
0.305717	1.900785
0.314676	1.935600
0.504085	3.537957
0.473738	3.463668
0.334342	2.645499
0.435297	3.064575
0.427391	2.985258
0.464764	3.098210
0.356565	2.855503
0.386731	3.023733
0.352102	2.501748
0.268767	2.147019
0.445264	3.414047
0.399556	3.146453
0.331590	2.810834
0.383637	3.183844
0.326390	2.930290
0.226693	2.589558
0.229796	2.525865
0.300401	2.934086
0.245187	2.507476
0.187140	2.480986
0.175775	2.534802
0.155238	2.651555
0.122638	2.250485
0.137890	2.492921
0.145365	2.683952
0.145951	2.763807
0.190352	2.703168
0.194947	3.167281
0.181971	3.641428
0.192630	3.410221
0.205123	3.733469
0.238580	3.526721
0.241977	3.700053
0.260716	3.563447
0.257099	3.604765
0.252225	3.755605
0.230025	3.713129
0.221581	3.815244
0.247439	3.518132
0.233822	3.973439
0.182583	3.707641
0.217419	3.564895
0.209310	3.283168
0.146266	3.443339
0.144447	3.074644
0.148534	3.128481
0.124334	3.245147
0.135094	3.027338
0.118944	3.131429
0.114231	3.448488
0.111962	3.344215
0.111076	3.408607
0.116745	3.647707
0.137632	3.715785
0.103509	3.353274
0.110468	3.377656
0.105290	3.475936
0.119385	3.445568
0.131494	3.716469
0.090259	3.207855
0.098782	3.122922
0.084219	2.829181
0.088573	2.875578
0.091364	2.958849
0.081954	2.790567
0.091600	3.317930
0.087977	3.104157
0.082371	3.080384
0.083443	3.273019
0.068550	2.892612
0.086887	2.877718
0.076985	2.831106
0.082409	3.098027
0.083370	3.221759
0.078009	2.930316
0.073371	2.781719
0.099930	2.732256
0.086143	3.032443
0.113100	2.676846
0.117105	2.634811
0.079607	2.273007
0.070095	1.930687
0.083592	1.993742
0.066944	1.339783
0.119752	2.416174
0.076063	1.507937
0.099511	1.630990
0.085192	1.498295
0.101026	2.191707
0.086703	1.536143
0.074261	1.065753
0.067366	1.326909
0.084786	1.283264
0.044279	1.488044
0.056280	1.821648
0.051617	1.331891
0.031537	2.172321
0.049961	1.930039
0.044422	2.108337
0.048670	1.654472
0.038694	2.819730
0.054276	4.271272
0.058395	2.924635
0.059039	3.357952
0.064552	3.934486
0.066472	3.155267
0.041901	3.385088
0.060747	3.657480
0.076272	3.045661
0.049373	4.590772
0.034257	4.280214
0.054334	4.430964
0.050276	4.133124
0.050131	4.592450
0.063084	3.969414
0.080389	5.316163
0.066556	4.532514
0.070440	4.476249
0.068674	4.645277
0.058155	4.097411
0.082894	4.101696
0.094262	5.604606
0.124710	5.870160
0.117050	5.851906
0.145494	6.555009
0.163217	7.145129
0.127384	5.987525
0.114878	6.133245
0.127022	6.693693
0.151097	6.133013
0.147451	5.092636
0.163638	5.917270
0.183967	7.775564
0.182599	7.313336
0.138643	7.057257
0.153606	7.112783
0.182389	7.866336
0.165998	7.311726
0.165824	4.802236
0.168533	5.558937
0.175540	6.360352
0.169613	6.710607
0.185861	7.286985
0.176190	6.311616
0.184935	5.877903
0.178377	5.204246
0.182999	5.920471
0.204495	6.488392
0.193635	6.324421
0.201634	5.851391
0.176664	5.295708
0.166191	5.328964
0.217171	6.656261
0.207824	6.295120
0.216364	6.484218
0.194468	6.078934
0.190360	5.058192
0.236360	6.462749
0.233118	6.797381
0.232227	6.921512
0.241340	6.292109
0.181306	6.591790
0.247467	8.123116
0.228336	6.305717
0.247801	7.865085
0.297711	9.240930
0.301878	9.385138
0.277258	9.653514
0.268611	8.870695
0.292672	9.653204
0.302328	10.423582
0.304303	9.364908
0.394124	11.339965
0.403288	12.690060
0.425201	12.645866
0.362487	14.247406
0.484056	17.341396
0.347405	14.918525
0.456183	16.356044
0.484977	16.117886
0.503115	15.727480
0.530832	17.936584
0.512546	16.172438
0.472656	17.187766
0.570609	19.518078
0.613454	20.259210
0.721211	23.256550
0.581970	19.475972
0.618778	20.302438
0.583152	20.951592
0.616437	21.759185
0.641683	21.727014
0.647356	22.264832
0.649376	22.652138
0.606742	20.635497
0.760145	23.242879
0.672495	20.890733
0.657550	20.694845
0.677137	21.805049
0.725054	20.690385
0.714666	20.156899
0.680598	21.112192
0.717930	20.313085
0.729962	20.414618
0.574956	17.203693
0.583996	18.041378
0.598567	17.135657
0.559764	16.848262
0.560520	17.811778
0.462633	15.389917
0.400515	15.045536
0.384349	13.731774
0.344989	12.688973
0.323257	12.896719
0.324254	13.361691
0.318355	12.071913
0.246462	10.500063
0.309861	13.393030
0.177706	8.298024
0.248655	11.335296
0.237540	10.601786
0.179402	9.552401
0.199956	9.967886
0.146136	8.638014
0.168204	10.158805
0.144712	8.931915
0.131090	8.337821
0.111866	7.627535
0.084118	6.960179
0.084588	7.245115
0.086655	7.029227
0.063402	7.429060
0.054271	6.413189
0.041067	5.884458
0.035337	5.422745
0.051106	5.988272
0.034916	4.846563
0.031407	5.009626
0.035678	4.969898
0.037614	4.978724
0.024826	5.183603
0.032473	5.153215
0.050871	4.004981
0.043494	4.155278
0.042292	4.005029
0.088561	2.772537
0.093284	3.278427
0.082543	2.552473
0.091730	3.480904
0.081541	2.240579
0.090860	3.674234
0.095957	3.433621
0.110584	4.470095
0.081470	3.116868
0.096130	3.527053
0.091470	4.218997
0.090563	4.522764
0.059053	2.961836
0.076377	3.445777
0.072944	3.808470
0.068221	3.234938
0.054921	2.099581
0.061106	2.189739
0.055301	2.308973
0.046337	1.602386
0.052215	1.910101
0.050282	1.427512
0.045565	1.914269
0.050147	2.016419
0.046353	1.275592
0.037633	1.795096
0.047092	1.400440
0.047897	1.567417
0.051998	1.460186
0.040580	1.114493
0.040823	1.185432
0.036616	0.908670
0.037320	1.106522
0.033957	0.838034
0.025607	1.653369
0.023368	1.020896
0.028095	1.241294
0.014373	1.051103
0.020494	0.673797
0.018951	1.019688
0.033946	0.543481
0.018425	1.098126
0.012132	0.847595
0.019345	0.747598
0.022910	0.999761
0.022112	0.935872
0.025771	0.874800
0.029553	1.119063
0.020664	0.932861
0.017552	0.770922
0.019649	1.155761
0.016802	1.055323
0.014619	1.293918
0.021115	1.721544
0.013007	1.579585
0.015649	1.176941
0.013486	1.186459
0.019385	1.610339
0.031921	1.215588
0.011585	1.036012
0.019898	0.467086
0.010729	0.542133
0.024875	0.952800
0.023161	1.042339
0.021222	1.223291
0.021760	1.611530
0.033631	1.149185
0.019997	1.058392
0.025446	0.909346
0.041678	0.650223
0.048749	1.178714
0.052536	0.979984
0.065179	1.451267
0.061188	1.457338
0.073709	1.394017
0.080553	1.308463
0.078063	1.925133
0.058611	1.578971
0.073455	1.132186
0.083491	0.899194
0.064302	0.940399
0.066690	1.245926
0.073775	0.890782
0.076667	1.137967
0.087040	1.220677
0.077378	1.286843
0.064373	0.554779
0.047539	0.784414
0.054078	1.326707
0.081568	1.393280
0.089634	1.218115
0.065384	0.609899
0.077255	1.271315
0.059956	0.743422
0.033588	1.226415
0.033501	1.115943
0.026146	1.464139
0.026909	0.841693
0.038965	1.005127
0.018776	1.140636
0.022855	1.698545
0.120946	3.246238
0.129936	3.789743
0.125193	3.353352
0.130589	3.565085
0.133212	3.156306
0.125100	3.450616
0.125102	3.807692
0.102511	3.475894
0.156808	3.261992
0.099765	3.230379
0.110145	3.566783
0.119715	3.371936
0.120048	3.622384
0.124461	3.335547
0.114651	3.413379
0.107206	3.699300
0.096517	3.019494
0.129305	2.988979
0.174718	3.889991
0.095267	3.347962
0.111128	2.930718
0.129633	3.076604
0.117208	3.308625
0.130017	2.768683
0.127722	2.934598
0.113871	2.803968
0.101669	2.806479
0.103641	2.502752
0.115885	2.544670
0.103629	2.370951
0.095422	2.379075
0.113349	2.461321
0.104194	2.960938
0.107931	3.497963
0.099728	2.719601
0.098922	2.456213
0.089234	2.375225
0.075850	2.434651
0.070152	2.320570
0.057999	1.808911
0.068220	1.928860
0.060846	2.013672
0.043774	1.497767
0.032752	1.107812
0.021066	1.061413
0.027966	0.934393
0.017246	0.641105
0.014943	0.473386
0.013002	0.404903
0.007363	0.453202
0.010369	0.392331
0.018486	0.269871
0.019680	0.346491
0.026906	0.257769
0.015616	0.421169
0.022081	1.356394
0.016232	0.765101
0.028366	0.611485
0.015621	0.753737
0.026401	0.375183
0.008910	0.442519
0.027128	0.207566
0.032714	0.277577
0.030141	0.502830
0.033927	0.199597
0.035343	0.257522
0.026682	0.256830
0.016786	0.212039
0.014369	0.463961
0.030054	0.334854
0.022491	0.342207
0.008261	0.126287
0.035768	0.333265
0.013577	0.372246
0.010123	0.314080
0.023508	0.302871
0.006573	0.293343
0.014446	0.233080
0.033007	0.265387
0.025378	0.425203
0.015215	0.334607
0.012180	0.478770
0.027496	0.336501
0.050677	0.451930
0.027585	0.408924
0.022119	0.249090
0.027972	0.195268
0.023908	0.389793
0.034148	0.182980
0.033381	0.252067
0.020794	0.235316
0.025053	0.183936
0.037746	0.231972
0.033627	0.162451
0.024809	0.315970
0.014296	0.363815
0.023806	0.441600
0.036763	0.383791
0.039131	0.289210
0.023311	0.530049
0.040764	0.235849
0.044521	0.422782
0.029515	0.609315
0.023597	0.449478
0.023728	0.715339
0.035208	0.405671
0.046618	0.364228
0.027497	0.597708
0.026459	0.497351
0.031567	0.451862
0.022947	0.478121
0.019199	0.544631
0.041779	0.438940
0.046935	0.555823
0.042860	0.533623
0.039324	0.609106
0.061000	0.536781
0.050667	0.743006
0.044012	0.693880
0.049286	0.561393
0.049663	0.665310
0.060772	1.058735
0.052323	0.826984
0.056277	0.792825
0.064446	1.116439
0.066014	1.115983
0.052027	1.044976
0.045444	0.941055
0.062760	1.203953
0.074219	1.332187
0.072005	1.275908
0.073359	1.230159
0.073929	1.176444
0.072154	1.130482
0.074892	1.296167
0.072769	1.179235
0.087512	1.275003
0.079650	1.354976
0.068288	1.139362
0.063798	1.243878
0.073195	1.179935
0.069536	0.756426
0.067861	0.981399
0.074961	1.203798
0.079476	1.240965
0.066231	0.995617
0.096752	1.247293
0.084375	1.172508
0.070429	1.212083
0.063038	1.007264
0.074854	1.698494
0.076948	1.478490
0.060315	0.830195
0.084842	1.208302
0.097505	1.249301
0.084564	0.964915
0.077467	1.034068
0.111060	1.198223
0.097585	1.107037
0.074083	1.025035
0.088214	1.036070
0.078341	1.092399
0.056170	0.852864
0.084353	1.045652
0.067415	0.670168
0.070886	0.964035
0.077853	1.020911
0.043619	0.611556
0.056529	0.789154
0.064596	1.013981
0.059875	1.018402
0.063783	1.133200
0.057298	0.924159
0.060267	0.789938
0.061950	0.979967
0.060167	0.958563
0.036512	0.568192
0.049855	0.609964
0.052293	0.855581
0.156056	1.234295
0.115787	1.059024
0.030540	0.985952
0.027008	0.487942
0.101188	0.849750
0.044924	0.755728
0.052609	0.929874
0.054972	0.896986
0.135216	1.077752
0.046533	0.667454
0.080915	0.991071
0.054882	1.068635
0.052799	0.659563
0.148343	1.524028
0.054501	1.053785
0.075411	1.250374
0.062353	0.768445
0.046786	0.622663
0.049191	0.969817
0.068801	1.010126
0.084565	1.004153
0.031642	0.973226
0.228847	1.091363
0.413395	1.222852
0.182517	0.675579
0.213200	0.685829
0.233035	1.230095
0.084195	1.338432
0.065336	1.084698
0.049744	0.694390
0.086111	1.053074
0.079630	1.160365
0.054396	1.009582
0.051433	0.963921
0.067285	0.892980
0.045899	0.660617
0.099424	1.407007
0.095079	0.569735
0.076599	0.759575
0.068495	0.669309
0.073400	1.021809
0.084196	1.548594
0.084078	1.677480
0.055166	1.572267
0.146492	1.578068
0.056166	1.053964
0.054488	1.024850
0.136509	1.660186
0.068841	0.887305
0.062708	0.498923
0.072591	0.958453
0.063345	0.983269
0.099198	1.698824
0.051926	1.102099
0.041739	0.961622
0.056752	1.066898
0.080075	0.899902
0.078041	1.135771
0.064826	1.074761
0.072011	0.747033
0.084461	1.005167
0.112208	1.066475
0.112281	0.911394
0.088159	0.861091
0.085430	0.844770
0.099180	0.877820
0.137215	1.199148
0.142332	1.578033
0.143374	1.411005
0.139050	1.581051
0.080558	0.638058
0.120372	1.423841
0.079821	0.535656
0.098308	0.687760
0.098592	0.943219
0.098397	0.948453
0.136614	1.659769
0.129160	1.393389
0.121191	1.092360
0.094168	0.770142
0.096552	1.334119
0.087653	0.912067
0.118992	1.489411
0.118821	1.736261
0.114972	1.551743
0.114712	1.566011
0.092119	1.413349
0.125070	0.948761
0.138456	1.444058
0.064490	0.903153
0.061207	0.892145
0.090248	1.530757
0.096885	1.446492
0.105338	1.343031
0.087752	1.053794
0.108241	0.755909
0.078342	0.866443
0.107791	0.523942
0.104174	0.749708
0.084582	0.777730
0.083124	0.716175
0.080717	0.667075
0.042120	0.743188
0.059398	0.716674
0.080101	0.602873
0.141457	0.617935
0.142374	0.634849
0.130198	0.530529
0.102917	0.728531
0.210027	0.910943
0.140116	0.675214
0.139834	0.664604
0.199297	0.625486
0.263458	1.439339
0.274270	1.471891
0.386785	1.732249
0.240255	1.154055
0.286985	1.453623
0.349426	1.701582
0.350087	1.741674
0.466361	2.302047
0.396106	2.326752
0.274517	1.767537
0.396094	2.160711
0.625507	3.004281
0.717539	3.813272
0.555600	3.012763
0.616631	3.489394
0.723429	3.961518
0.746621	4.860066
0.791991	5.891022
0.791297	5.880483
0.883334	5.656869
0.962926	6.227774
0.757127	4.757490
0.976243	6.624539
0.998479	6.954771
1.126462	7.680092
1.281860	8.542323
1.174010	7.477445
1.106169	7.798865
1.003338	6.854656
1.272778	8.786586
1.273504	8.809884
1.111356	8.119058
1.009681	7.642265
1.159810	8.488309
1.120319	8.246688
1.137256	8.191733
1.338943	10.010847
1.444051	11.005953
1.418319	10.445845
1.642819	11.823812
1.453829	10.441655
1.453695	10.441839
1.576889	11.246551
1.542752	11.374340
1.858750	12.615303
1.459296	10.538866
1.652300	11.987805
1.619627	12.025846
1.948517	12.959464
2.412765	16.917999
2.412206	16.888310
2.479142	17.497232
2.718374	18.204563
2.422604	16.770816
2.311644	15.842163
2.089719	14.658646
2.629761	15.601580
2.257546	13.248424
2.262684	14.145512
1.832806	13.256182
1.948743	13.326175
1.958488	14.257363
1.578735	10.282975
1.411850	9.779946
1.179367	8.069923
1.207489	8.744778
1.196568	9.248039
1.323810	8.671812
1.223119	8.312811
1.162281	8.537617
1.041982	8.247025
0.916391	7.552290
0.931422	7.871963
1.004384	8.263644
0.807050	7.334760
0.749249	7.467929
0.798176	7.990581
0.881296	7.872759
0.615348	6.737839
0.654690	6.816734
0.759141	6.937102
0.551004	5.872242
0.574238	6.164266
0.643961	6.469505
0.637714	6.536237
0.538010	6.135347
0.571900	6.252413
0.714792	6.292415
0.775021	6.653570
0.631491	6.718927
0.487953	6.028834
0.571428	6.627593
0.570901	6.614576
0.455908	5.924432
0.656455	6.396705
0.665449	7.140467
0.677343	6.980502
0.649053	6.940673
0.820313	6.346890
0.477809	5.837734
0.511133	5.855001
0.543032	4.737084
0.655700	5.998638
0.978698	6.655562
1.125468	6.358507
1.010864	6.944109
0.726370	5.384186
0.742925	5.679509
0.666430	5.143053
0.632772	5.255371
0.695840	5.609197
0.641917	5.913068
0.784195	5.986253
0.624324	5.343522
0.521762	5.403115
0.619122	5.467837
0.483175	4.703963
0.429150	4.480358
0.573523	5.186968
0.481195	4.772569
0.549327	4.591962
0.288673	3.399196
0.280907	3.729538
0.251694	3.476481
0.237120	3.628281
0.296692	3.018605
0.215109	3.268435
0.371025	4.412168
10.412302	179.999991
10.183127	90.092374
10.480788	90.153190
11.547388	90.536514
10.884326	90.134578
10.334822	90.112209
10.898015	90.036988
10.646765	90.083747
12.062457	92.877049
11.620765	90.375765
11.659293	90.431261
10.608513	90.052930
10.070126	90.048394
10.777493	90.065859
10.218416	90.012761
10.375479	90.005678
9.841179	90.001266
10.143164	90.010111
10.140660	89.999996
10.308290	90.005904
10.158071	90.030622
10.213035	90.028273
10.538458	90.025834
10.337648	90.064691
10.155252	90.042165
10.724200	90.094737
10.185756	90.014817
10.184402	90.017611
10.457921	90.047097
10.515603	90.067341
11.087469	90.116403
11.088324	90.121921
11.129002	90.117659
10.918179	90.111307
10.918168	90.111246
11.259558	90.240015
11.216820	90.209928
10.866175	90.508046
10.958112	90.214402
11.731962	90.827958
11.705231	90.410511
11.699544	90.429799
11.660757	91.298080
11.325506	90.590069
11.426717	90.436493
11.865346	90.433433
12.040448	91.003371
11.483109	91.138588
12.028765	90.310291
12.019206	90.311254
11.944031	90.037931
11.190577	90.000754
10.560728	90.905365
11.115775	90.900870
11.687340	90.000016
11.672826	90.000392
12.421247	90.731837
11.611959	91.668481
10.599665	92.681344
11.475173	91.640587
12.306565	167.319404
12.602886	163.917997
12.595574	163.400610
10.535672	90.254946
11.370364	90.650277
6.405981	16.468255
6.405999	16.473585
5.471938	15.558792
5.091685	13.092293
12.414000	95.646616
10.920021	179.999991
10.339310	179.999991
10.339388	179.999991
9.409566	179.999991
9.201125	180.000005
4.694685	13.503977
4.424886	12.900027
4.424453	12.890094
5.930132	17.491645
5.824943	16.537018
2.911012	9.567324
2.888976	8.785044
1.447790	6.323186
1.263537	6.325936
1.284683	6.359260
0.596209	3.410424
0.595058	3.372157
0.840756	4.385877
0.872328	3.982415
0.717042	3.130963
0.816636	2.405038
0.855247	3.169102
0.852609	3.182733
0.972875	3.038621
0.749947	2.366783
0.893270	2.484253
0.717608	2.747433
0.700550	1.905899
0.702902	2.053049
0.786834	2.314661
0.702259	2.350051
0.631001	2.326612
0.743288	3.092852
0.858454	3.363775
0.886443	3.222186
1.416296	4.854828
1.143790	3.899774
1.145034	3.937815
1.146359	3.832804
0.994709	3.130141
1.040895	2.735292
0.779194	2.558625
0.652503	1.310159
0.701385	1.945700
0.585958	0.931100
0.602399	1.195390
0.645630	1.595641
0.475762	1.033702
0.588229	1.609320
0.680377	1.827694
0.513417	0.683328
0.498595	0.960027
0.496411	0.781707
0.536352	1.289282
0.506169	1.001180
0.546166	1.425055
0.618253	1.716138
0.641486	1.945517
0.566788	2.212634
0.577949	2.066514
0.559429	1.712779
0.481419	1.736656
0.648171	2.008889
0.420829	1.613435
0.445862	2.055646
0.382547	1.878117
0.494432	2.423974
0.485890	1.915185
0.500350	1.479696
0.427336	2.372513
0.302428	1.466109
0.381508	1.813043
0.467161	2.341140
0.470668	1.803349
0.614982	3.323853
0.541938	3.282471
0.600892	3.708095
0.583126	4.419030
0.585498	3.194602
0.586239	3.202947
0.565470	3.646632
0.663854	4.403963
0.682309	4.149999
0.587704	3.716763
0.588668	3.487347
0.622638	3.256992
0.592308	3.107951
0.642949	3.817423
0.852314	3.963652
0.853196	3.717277
0.904343	4.963953
0.630816	3.703405
0.741007	4.261028
0.890180	4.624505
1.009198	6.018982
1.010438	6.028557
1.024091	6.693806
1.132642	7.688231
1.051512	7.343200
1.150476	9.056203
1.153979	8.829580
1.246408	9.329267
1.299723	9.209784
1.065899	7.340881
0.844151	6.672630
0.913844	6.261103
0.913444	6.262504
0.804624	5.416659
1.043085	6.201465
0.951393	5.261938
0.974642	5.360316
0.974793	5.349172
0.867682	5.514383
0.772555	4.725282
0.613199	4.163453
0.749147	4.403630
0.748684	4.404958
1.475590	7.181419
0.792623	4.830799
0.157890	2.305123
0.264471	2.862000
0.263755	2.862895
0.206569	1.959902
0.165176	2.562459
0.076542	1.688789
0.155362	1.325148
0.127497	1.095787
0.125868	1.079686
0.103224	1.202219
0.171982	1.607220
0.115965	1.061358
0.125539	0.993070
0.089876	1.038071
0.079605	0.715961
0.108559	0.822566
0.107493	0.787663
0.104837	0.616491
0.172820	1.096232
0.157120	1.124153
0.120969	0.714594
0.141459	0.815332
0.160939	1.000871
0.065148	0.435615
0.130717	0.919794
0.127352	0.795700
0.118040	0.685840
0.090617	0.513705
0.074705	0.212927
0.091046	0.490577
0.094034	0.470668
0.110637	0.461887
0.151906	0.664868
0.084521	0.362626
0.091741	0.351967
0.123618	0.329084
0.144233	0.524032
0.107225	0.427992
0.127933	0.531577
0.106996	0.428821
0.098625	0.661073
0.074040	0.449464
0.054840	0.398238
0.071016	0.393082
0.041218	0.308480
0.065754	0.605794
0.043457	0.452224
0.062933	0.474906
0.061282	0.597042
0.056269	0.477638
0.020682	0.471010
0.051411	0.432603
0.069321	0.428243
0.027871	0.401837
0.037661	0.169588
0.049912	0.114887
0.088689	0.519367
0.055324	0.311529
0.043177	0.187398
0.078895	0.500188
0.044970	0.076010
0.044388	0.147975
0.026727	0.151368
0.030794	0.136044
0.028719	0.314736
0.019414	0.757428
0.032364	0.355024
0.028818	0.494085
0.045425	0.364607
0.070341	0.478691
0.056003	0.437064
0.079824	0.371071
0.104351	0.708583
0.114038	1.070557
0.086021	0.887807
0.112395	0.915788
0.121505	1.069767
0.099600	1.048344
0.062443	0.683304
0.107227	0.884587
0.052294	0.676741
0.042509	0.981532
0.055315	0.810583
0.068030	0.651272
0.064072	0.887728
0.066174	0.784324
0.105733	1.047596
0.061654	0.755203
0.070046	0.774182
0.088329	0.918703
0.066202	0.729331
0.063741	0.817229
0.065600	0.710406
0.053932	0.776144
0.064083	1.020606
0.041987	0.788531
0.070365	0.746155
0.033843	0.696452
0.052069	0.762619
0.044037	0.704429
0.031541	0.870487
0.055266	1.015624
0.022511	0.803864
0.029110	0.888274
0.043725	1.145345
0.026687	1.089410
0.020192	1.139831
0.018900	1.139299
0.025406	1.217764
0.063934	1.446980
0.035480	1.469654
0.032341	1.396019
0.037037	1.330557
0.034925	1.182161
0.054848	1.618559
0.063795	1.444227
0.075099	1.615841
0.070188	1.549457
0.078866	1.574905
0.091587	1.603154
0.096636	1.415371
0.093697	2.135159
0.143139	2.200114
0.178880	2.447124
0.197249	2.532696
0.196486	2.219702
0.203425	2.320474
0.162327	1.904107
0.221792	2.279797
0.265634	2.597560
0.215595	2.876898
0.300952	3.136950
0.307270	2.797383
0.347567	2.810109
0.313823	2.712712
0.274653	2.771691
0.289634	2.735336
0.301600	2.961983
0.327972	3.264699
0.400367	3.223292
0.380147	3.499332
0.329178	3.108599
0.297910	2.839334
0.285517	2.999410
0.330258	2.869804
0.351801	3.346910
0.360939	3.184974
0.327587	3.214292
0.324412	3.115972
0.317882	3.082083
0.336073	2.921003
0.304808	2.536363
0.288502	2.432522
0.383742	2.975084
0.286397	2.170202
0.248501	1.840598
0.378489	2.608291
0.297134	2.127920
0.355070	2.533312
0.332970	2.179162
0.391629	2.649175
0.384949	2.631528
0.422298	2.712174
0.443509	2.963395
0.414903	2.766379
0.454822	3.249859
0.450149	3.076737
0.443867	3.069745
0.449969	3.077387
0.480501	3.210275
0.426166	2.903857
0.550749	4.035725
0.398406	2.908123
0.458073	3.445681
0.477818	3.595824
0.417359	3.210655
0.425370	3.196250
0.468405	3.526411
0.474564	3.712665
0.456373	3.287666
0.512277	3.823491
0.319278	2.397062
0.323182	2.363679
0.468330	3.500001
0.374835	2.649089
0.349877	2.449009
0.334364	2.374823
0.327703	2.535456
0.298719	2.240973
0.319960	2.231856
0.328757	2.255481
0.387702	2.668260
0.303849	2.271692
0.352968	2.427210
0.249368	1.772298
0.259827	1.899089
0.261699	2.008718
0.210963	1.609424
0.118815	0.899331
0.200868	1.565720
0.146938	1.165589
0.156231	0.997889
0.205802	1.464127
0.167927	1.369282
0.117227	0.881926
0.190136	1.534467
0.132085	1.041307
0.164437	1.240992
0.240948	1.634160
0.182803	1.509424
0.171692	1.464337
0.184318	1.496942
0.152206	1.353364
0.284253	2.407591
0.261487	2.263957
0.252737	1.847349
0.264408	2.354396
0.224772	2.002515
0.278479	2.480015
0.288523	2.631978
0.269796	2.584008
0.278117	2.502749
0.285097	2.661917
0.293087	2.860067
0.320940	2.981464
0.352587	3.332126
0.273730	2.861185
0.347024	3.207143
0.389441	3.639647
0.280658	2.764638
0.336616	3.098189
0.397006	3.398695
0.400624	3.446238
0.398107	3.377660
0.286487	2.617642
0.246187	2.455339
0.243908	2.549699
0.360390	2.983396
0.327546	2.951672
0.325289	2.949789
0.313475	2.901361
0.294250	2.718612
0.324675	2.844332
0.465424	3.881742
0.344553	2.949168
0.391479	3.573952
0.350545	3.128240
0.349360	3.058830
0.290126	2.947408
0.359717	3.328324
0.315337	2.785348
0.266409	2.672913
0.237030	2.654524
0.223034	2.385583
0.227298	2.469683
0.220333	2.620564
0.192319	2.229338
0.168594	2.126889
0.214948	2.431417
0.201602	2.365681
0.255769	2.651008
0.186220	2.093406
0.216583	2.538979
0.175807	2.221421
0.212287	2.332099
0.186137	2.077336
0.178783	1.997786
0.175763	2.139669
0.191396	2.298466
0.183661	2.459185
0.170900	2.305978
0.188176	2.451794
0.217793	2.612532
0.221169	2.836402
0.280378	2.985715
0.232286	2.873713
0.198502	2.465918
0.259849	2.858539
0.261223	2.788974
0.280414	3.042399
0.200909	2.352526
0.196997	2.531936
0.114757	2.111993
0.176517	2.273011
0.082553	1.684970
0.182489	2.409730
0.204396	2.238854
0.202486	2.103392
0.223146	2.228712
0.207170	2.131376
0.180050	1.976007
0.176577	2.045640
0.171703	2.162023
0.147087	1.842798
0.163712	2.078526
0.124348	1.498133
0.106411	1.805153
0.113567	1.899671
0.153802	1.694418
0.176991	2.153754
0.182143	2.117031
0.148177	2.175037
0.174131	2.302699
0.161968	2.415457
0.115503	1.792008
0.105922	1.903390
0.063524	1.874215
0.100128	1.787835
0.105204	1.910876
0.062423	1.497245
0.130772	2.099155
0.142590	2.168062
0.084728	1.825166
0.079073	1.554995
0.091462	1.912459
0.089143	1.828797
0.064662	1.707910
0.068422	1.578801
0.092780	1.634342
0.082259	1.563547
0.057990	1.396685
0.068641	1.538473
0.068359	1.399505
0.103443	1.658715
0.091281	1.353504
0.077927	1.355089
0.068450	1.358848
0.082316	1.356034
0.099147	1.534579
0.075413	1.512612
0.089437	1.496693
0.084260	1.636182
0.095625	1.571216
0.103808	1.582468
0.071531	1.565860
0.069228	1.506057
0.064404	1.124370
0.065103	1.358980
0.051130	1.219950
0.037728	1.027452
0.022305	0.869184
0.055099	0.890553
0.051262	0.933493
0.049653	0.630077
0.024031	0.324458
0.026217	0.967388
0.014100	0.424595
0.023604	0.454341
0.017695	0.682025
0.042349	1.009957
0.031687	0.720468
0.028540	0.601700
0.027011	0.746367
0.033587	0.820264
0.059075	1.185585
0.059524	1.130930
0.098138	1.787552
0.099735	1.807903
0.119138	1.994850
0.108305	1.875994
0.092898	1.566553
0.089137	1.574717
0.085754	1.522402
0.093050	1.565178
0.103007	1.693589
0.126400	2.036165
0.117403	1.859635
0.141578	2.151011
0.129421	2.017831
0.145928	2.067750
0.132858	1.986550
0.158755	2.200414
0.211086	2.831925
0.228814	2.609154
0.202442	2.499491
0.239557	2.632458
0.240634	2.937479
0.283091	3.008735
0.158659	1.756918
0.172069	2.003090
0.179313	2.322398
0.173777	2.172748
0.141862	1.915012
0.187877	2.372484
0.141113	1.838854
0.151440	2.101289
0.180211	2.292669
0.147950	1.717162
0.162258	1.819682
0.226885	2.586779
0.197091	2.194598
0.137468	1.252178
0.135313	1.205058
0.134651	1.153181
0.134967	1.156269
0.140078	1.324945
0.134623	1.294061
0.146258	1.210161
0.148604	1.276170
0.126339	1.126269
0.102494	1.074093
0.110623	0.961039
0.105338	0.936638
0.087650	0.793381
0.078005	1.026619
0.087989	0.992530
0.094309	1.226974
0.083629	1.001631
0.082528	1.044403
0.090465	1.105201
0.084730	0.976205
0.084019	1.020023
0.068928	0.976738
0.070432	0.866586
0.070497	0.963280
0.056364	0.811820
0.051462	1.162010
0.067000	1.243151
0.057397	1.077110
0.054572	1.128218
0.057853	1.018177
0.047320	1.124773
0.042777	1.183939
0.047252	1.374843
0.060600	1.305786
0.054021	1.219975
0.055422	1.311043
0.058477	1.180548
0.052722	1.139116
0.044862	1.309967
0.050279	1.450967
0.049091	1.235425
0.061653	1.158465
0.069868	1.344833
0.068342	1.257772
0.074125	1.238258
0.065006	1.366224
0.067815	1.334271
0.066986	1.176759
0.065951	1.066854
0.065097	1.040675
0.077318	1.228372
0.082000	1.473035
0.079272	1.535189
0.091729	1.841276
0.081495	1.601383
0.071738	1.335410
0.043397	1.282389
0.042942	1.251350
0.037371	1.217197
0.034842	1.230058
0.030829	1.271068
0.017819	1.396308
0.038776	1.155857
0.034499	1.088603
0.037539	1.177972
0.040944	1.104916
0.045567	1.014772
0.032277	0.820268
0.041019	0.966588
0.047176	0.764539
0.059921	0.883384
0.055296	0.834251
0.054901	0.640332
0.056375	0.531609
0.037488	0.776436
0.050712	0.776794
0.059783	0.870358
0.061480	0.693785
0.055144	0.768664
0.061169	1.146489
0.058980	1.154105
0.053325	0.972631
0.064097	1.228199
0.069828	1.150412
0.072725	1.172811
0.069089	0.997541
0.068319	1.016362
0.081272	1.158726
0.074629	1.205978
0.070781	1.214706
0.065037	1.224638
0.067330	1.280994
0.072608	1.271728
0.067237	1.556545
0.058354	1.376180
0.062365	1.573215
0.053161	1.858093
0.048962	2.099656
0.050397	2.446363
0.048660	2.285246
0.058242	2.121060
0.059729	2.107171
0.068669	2.304195
0.073220	1.748464
0.077668	1.769582
0.076430	2.090477
0.075232	1.915764
0.092368	1.899469
0.088507	1.842549
0.078050	1.907402
0.080143	1.957763
0.088153	1.515717
0.091084	1.721719
0.089605	1.503284
0.103615	1.401493
0.103189	1.008842
0.107088	0.813053
0.108450	1.118449
0.112419	0.960472
0.117583	0.912878
0.116981	1.150491
0.114165	0.954400
0.162979	1.666652
0.157554	1.744822
0.174804	1.759452
0.189718	1.755980
0.187552	1.975359
0.222192	2.036302
0.323124	1.879582
0.360952	2.176678
0.371678	2.537851
0.574839	2.899534
0.588058	3.041364
0.603702	2.970106
0.465984	2.268973
0.539068	2.953859
0.333466	2.853061
0.157186	2.571554
0.175152	2.725713
0.137305	2.392634
0.116149	2.354610
0.068211	2.506358
0.062706	2.410120
0.060631	2.419085
0.059441	2.361472
0.061659	2.356857
0.065543	2.310325
0.061424	1.909112
0.063462	2.062538
0.068080	1.844690
0.071428	1.861412
0.071475	1.751630
0.073331	1.641793
0.087678	1.585701
0.068952	1.548549
0.070358	1.233327
0.087025	1.044536
0.074640	0.838023
0.114947	0.900983
0.117604	0.881553
0.132168	1.054278
0.129514	1.021972
0.089991	0.973061
0.093276	1.004284
0.094016	1.150583
0.076573	1.341879
0.079094	0.885323
0.065562	0.934305
0.059877	1.024486
0.060801	1.213260
0.074788	0.959334
0.096946	0.588404
0.091011	0.838099
0.090274	0.578774
0.108731	0.707745
0.094604	0.717985
0.105057	0.809359
0.133595	0.993562
0.135764	0.981416
0.167891	1.020992
0.158555	1.068552
0.189667	0.978616
0.160317	0.382721
0.159762	0.404809
0.165385	0.880012
0.180331	0.804670
0.175475	0.746824
0.209154	0.982630
0.209775	1.062705
0.211712	0.927085
0.251692	0.961085
0.294268	0.937496
0.214026	1.084174
0.247132	1.081529
0.209660	1.592104
0.147829	0.888929
0.165971	0.740925
0.120497	0.824311
0.138681	0.902598
0.109380	0.721751
0.079128	0.911476
0.069040	1.003173
0.062882	1.020506
0.064085	1.002710
0.080741	0.936667
0.077149	1.089476
0.065392	1.025279
0.061182	1.033149
0.067437	0.971816
0.070527	0.830390
0.066387	0.814134
0.065462	0.922340
0.061781	0.803812
0.047530	0.849521
0.060349	0.939851
0.059033	0.849944
0.060611	0.892746
0.055059	0.876103
0.038259	1.030818
0.032952	0.810593
0.024773	0.730929
0.030632	0.757572
0.022897	0.567754
0.025758	0.645431
0.025269	0.652785
0.023396	0.694680
0.029166	0.789744
0.037306	0.792574
0.032252	0.674384
0.033328	0.813378
0.037241	0.837899
0.054416	0.480091
0.065131	0.977562
0.069836	0.789452
0.065357	0.817469
0.071422	0.522520
0.075256	0.696109
0.083335	0.725361
0.094545	0.818386
0.115579	0.954715
0.101785	0.938584
0.105981	1.611574
0.110049	0.843134
0.106237	0.776388
0.088040	0.965276
0.103257	0.961031
0.103174	0.895447
0.104401	0.941951
0.100908	1.027638
0.102952	0.970623
0.087537	0.945463
0.082062	1.023848
0.094595	1.418267
0.098857	1.180782
0.086368	0.936503
0.085082	1.107266
0.077201	1.094092
0.080450	0.902178
0.062216	0.787928
0.061620	0.769682
0.056563	2.220610
0.044049	0.134256
0.073250	0.233956
0.070549	0.675917
0.082165	0.751884
0.082859	0.544323
0.074919	0.639023
0.091265	0.675679
0.107110	0.901566
0.085711	0.492436
0.068700	0.526453
0.070443	0.588854
0.066853	0.564284
0.070114	0.535269
0.077180	0.674546
0.091070	0.837099
0.090485	0.864096
0.086283	0.927801
0.097487	0.989526
0.084120	1.113892
0.092846	1.308395
0.092544	1.498790
0.107377	1.619706
0.094105	1.403185
0.101288	1.350416
0.098216	1.183512
0.107794	1.283086
0.109884	1.287387
0.107368	1.170311
0.110120	1.244939
0.129327	1.450909
0.134741	1.352319
0.136409	1.301190
0.129395	1.305687
0.116192	1.341067
0.104338	1.486573
0.115498	1.482796
0.121080	1.439465
0.114473	1.363602
0.103994	1.366868
0.113089	1.325533
0.114653	1.402329
0.095718	1.376031
0.104128	1.439579
0.106424	1.367496
0.077174	1.661217
0.077033	1.681141
0.095016	1.557289
0.065923	1.755085
0.058533	1.773044
0.070797	1.975515
0.058567	1.863077
0.059192	1.927853
0.052982	1.914962
0.058868	2.139748
0.048314	1.972614
0.056064	2.178183
0.049276	2.488823
0.062260	2.394878
0.070433	2.014159
0.055074	2.246580
0.055449	2.016500
0.064578	1.836884
0.069985	2.326494
0.073312	1.777909
0.069437	1.858447
0.072208	2.039372
0.073404	1.748204
0.077726	2.012350
0.074251	1.193769
0.069994	1.402317
0.087471	1.557173
0.093182	1.933566
0.087003	1.652519
0.080968	1.393619
0.072548	1.225764
0.087434	1.458773
0.087804	1.712000
0.091445	1.532071
0.101144	1.260733
0.087856	0.984325
0.095276	1.236867
0.099817	0.977541
0.113646	1.149858
0.111319	1.232220
0.129721	1.586007
0.110644	1.531347
0.123393	1.324659
0.125099	1.396320
0.143231	1.601777
0.122979	1.567779
0.115046	1.532286
0.114729	1.510099
0.105143	1.389901
0.100664	1.432100
0.104365	1.407957
0.101731	1.460582
0.095720	1.349127
0.093338	1.347418
0.084722	1.163971
0.090098	1.213791
0.069548	0.583309
0.048202	0.429920
0.069395	1.170452
0.066268	1.075362
0.063991	1.060891
0.069348	1.190943
0.069108	1.217699
0.080527	1.612712
0.057367	0.928603
0.054588	1.441274
0.052955	1.001834
0.063901	1.278528
0.061749	1.050896
0.063241	1.212885
0.064688	1.149677
0.066974	1.264548
0.061376	1.527378
0.071579	1.401039
0.088181	1.609188
0.175418	2.238993
0.138936	1.921882
0.129002	1.806402
0.128632	1.914375
0.134625	1.983221
0.109093	1.684058
0.121935	1.775978
0.099879	1.456893
0.100050	1.628052
0.092394	1.585992
0.089277	1.278729
0.097064	1.499305
0.092930	1.316510
0.088575	1.408197
0.089078	1.478818
0.089737	1.524698
0.090453	1.691571
0.093281	1.978014
0.089793	2.119480
0.105197	2.390253
0.093188	2.516108
0.116579	2.746030
0.121315	3.293509
0.123022	2.987430
0.068889	2.033717
0.065758	2.040364
0.078545	2.107226
0.102094	2.397466
0.075968	1.592289
0.079730	1.650328
0.087763	1.931604
0.079098	1.774885
0.080584	1.658186
0.075951	1.623582
0.076850	1.683840
0.088063	1.768976
0.081366	1.665191
0.072198	1.480024
0.076136	1.714845
0.081139	1.805422
0.074266	1.809134
0.070061	1.613341
0.066185	1.385082
0.069198	1.575340
0.074256	1.969653
0.063548	1.970385
0.095666	2.210769
0.069072	1.898759
0.035132	2.001896
0.038827	2.642261
0.044996	2.264694
0.042124	1.975447
0.035099	1.511891
0.034799	1.664623
0.040718	1.863017
0.036419	1.643714
0.036363	1.808071
0.031866	1.489092
0.043053	1.199271
0.031174	1.129107
0.035427	1.806178
0.030409	1.613238
0.033366	1.482428
0.034049	1.691582
0.038567	1.686767
0.034687	1.446665
0.035409	1.621663
0.032032	1.833809
0.030302	1.193150
0.035727	1.238696
0.029001	1.033179
0.037040	1.327576
0.031254	1.069046
0.037213	1.080845
0.036815	1.103860
0.039091	1.099418
0.041094	0.482493
0.041476	0.953122
0.045481	0.902559
0.051616	1.230597
0.047641	1.167649
0.054777	1.598893
0.053995	1.420119
0.065002	1.712233
0.076830	1.916882
0.064003	1.510144
0.071244	1.669000
0.091692	2.043952
0.065229	1.112327
0.064449	1.189919
0.055546	0.658775
0.047546	0.628700
0.048424	0.589934
0.059538	0.608856
0.061820	0.684562
0.065709	0.861678
0.071570	0.514824
0.070543	0.497151
0.070942	0.588305
0.073319	0.626906
0.077573	0.796154
0.084043	0.939614
0.083276	0.905187
0.088578	0.751498
0.089113	0.926776
0.090531	0.901477
0.081165	0.895809
0.080991	0.887373
0.089818	1.009620
0.086222	0.891534
0.065947	0.803599
0.049417	0.283515
0.075139	0.727943
0.065274	0.697153
0.069524	0.573849
0.067527	0.462341
0.065420	0.365966
0.062029	0.390411
0.050852	0.287399
0.050351	0.292503
0.045634	0.166049
0.053488	0.335121
0.045446	0.568565
0.046402	0.609432
0.040454	0.413308
0.037925	0.428410
0.037125	0.472612
0.039386	0.518730
0.040562	0.709266
0.040402	0.554614
0.038146	0.551546
0.039984	0.535267
0.040386	0.562378
0.037401	0.556432
0.041281	0.678323
0.038020	0.633180
0.037441	0.543198
0.042756	0.627504
0.040097	0.837266
0.041612	0.872115
0.037386	0.755853
0.037332	0.627029
0.039772	0.634760
0.041100	0.505912
0.037696	0.639370
0.043707	0.521510
0.061333	1.188335
0.042956	0.481204
0.041302	0.604169
0.042667	0.687050
0.036773	0.621482
0.042934	0.610672
0.048613	0.657875
0.046522	0.800505
0.045395	0.654354
0.044961	0.571624
0.057407	0.858851
0.061721	0.958292
0.055996	0.919057
0.043754	0.617403
0.039317	0.623926
0.053397	0.693014
0.052769	0.782398
0.051704	0.671546
0.044918	0.607417
0.052909	0.648201
0.051043	0.662003
0.061793	0.808942
0.061318	0.775224
0.055185	0.873344
0.045814	0.561716
0.049784	0.632272
0.038669	0.470583
0.042588	0.458827
0.034540	0.328174
0.037523	0.422043
0.038879	0.475420
0.035310	0.605640
0.033527	0.570703
0.034128	0.602395
0.026873	0.559178
0.028401	0.619571
0.020339	0.796397
0.036453	0.543011
0.028491	0.613899
0.036429	0.658483
0.034473	0.664620
0.034814	0.659583
0.041003	0.701791
0.036087	0.593927
0.032685	0.718430
0.037430	0.703738
0.030695	0.514127
0.028461	0.504524
0.031491	0.480903
0.036919	0.451464
0.045200	0.436883
0.042199	0.605287
0.041676	0.682670
0.038431	0.622985
0.045276	0.416618
0.048060	0.465994
0.040025	0.606596
0.037467	0.658949
0.037669	0.618455
0.034688	0.653867
0.039128	0.838620
0.037049	0.836319
0.038837	0.601894
0.035797	0.820800
0.033529	0.970290
0.030751	1.034252
0.030836	0.772347
0.029509	0.546860
0.028321	0.619925
0.030454	0.601766
0.028085	0.848936
0.028768	0.861845
0.022677	0.694480
0.022239	0.851355
0.025187	0.890525
0.040371	0.869648
0.030361	0.847681
0.046093	1.262543
0.054932	1.659285
0.063022	1.596066
0.059879	1.354102
0.076181	1.682487
0.075873	1.569551
0.090161	1.569980
0.093883	1.797918
0.121597	2.113386
0.127740	2.022767
0.181749	2.537414
0.185644	2.705840
0.209145	2.803700
0.243139	3.183079
0.227699	2.741118
0.227337	2.930310
0.246959	3.152065
0.251761	3.006934
0.225636	2.880005
0.224619	2.799311
0.306649	3.206411
0.299179	3.164686
0.281512	3.416662
0.295295	3.129057
0.294172	3.856406
0.274117	3.089507
0.303320	3.261278
0.326853	3.523772
0.288858	2.855012
0.307397	2.867544
0.321119	3.103637
0.322479	2.758865
0.303305	3.220012
0.333098	3.111414
0.318530	3.161992
0.276964	2.701940
0.271721	2.708701
0.289596	2.422721
0.313140	2.267038
0.257026	2.315286
0.265982	2.389681
0.262226	3.122382
0.211872	1.469026
0.193486	1.434593
0.201651	1.427333
0.167473	1.583962
0.159125	1.504537
0.176105	1.606721
0.146495	1.365313
0.157895	1.323038
0.173372	1.357060
0.173927	1.523530
0.147805	1.481273
0.156823	1.159112
0.171431	1.303685
0.153396	1.211949
0.151728	1.096024
0.179204	1.373568
0.153809	1.358733
0.112156	1.333177
0.097008	1.433639
0.108306	1.650967
0.112486	1.338569
0.115326	1.425565
0.109722	1.547331
0.104501	1.304360
0.104836	1.210477
0.103111	1.264610
0.095045	1.098211
0.101873	1.403812
0.108455	1.169203
0.109763	1.404647
0.131440	1.616391
0.108626	1.373316
0.107700	1.308677
0.108561	1.311136
0.122171	1.627403
0.112515	1.203944
0.127129	1.280612
0.146772	1.242267
0.125651	1.473856
0.110114	1.368274
0.124081	1.469051
0.112746	1.440943
0.114791	1.758014
0.112068	1.839870
0.132548	1.981886
0.121548	2.019124
0.127876	2.174266
0.128314	2.207610
0.126489	2.030354
0.140456	2.433359
0.120377	2.325565
0.110284	2.391909
0.127237	2.419335
0.105343	2.213950
0.115900	2.237830
0.126627	2.537015
0.112835	2.438429
0.122940	2.317607
0.110897	2.363520
0.112485	2.156975
0.118111	2.151402
0.115650	2.206181
0.117499	2.139901
0.107316	2.151793
0.113004	2.084363
0.121377	2.376947
0.117404	2.116425
0.099021	1.990014
0.104983	2.114476
0.100504	1.845142
0.103623	1.822110
0.107507	1.789839
0.105640	1.587680
0.100612	1.749431
0.109907	1.875105
0.098533	1.612128
0.097375	1.484560
0.113747	1.925542
0.107760	1.760272
0.100496	1.590506
0.093060	1.299909
0.097353	1.320270
0.090496	1.267698
0.089053	1.190836
0.101955	1.262975
0.086122	1.322684
0.090566	1.149308
0.078606	1.208710
0.075189	0.895910
0.073639	1.024513
0.066357	0.993700
0.065903	0.793814
0.059470	0.936567
0.044976	0.628873
0.055632	0.706891
0.051362	0.893033
0.046695	0.789475
0.044134	0.697021
0.034426	0.475051
0.031086	0.366213
0.029202	0.385499
0.022336	0.322752
0.023292	0.378487
0.027743	0.544884
0.028473	0.206435
0.022255	0.322940
0.023845	0.231221
0.026871	0.362557
0.030408	0.452598
0.013382	0.692177
0.018843	0.571371
0.025047	0.727174
0.028054	0.786372
0.035921	0.597934
0.030779	0.443020
0.037030	0.777910
0.044234	1.296855
0.044432	1.188081
0.038299	0.732678
0.043340	0.857377
0.042184	0.824434
0.017516	0.634187
0.029657	0.600732
0.056368	0.664215
0.045876	0.433230
0.040468	0.410314
0.042325	0.661638
0.040085	0.608943
0.038871	1.142353
0.057877	1.302884
0.043848	0.983575
0.029018	1.009992
0.052629	0.810466
0.085986	1.463643
0.144207	2.352229
0.143863	2.338374
0.116290	1.406679
0.122464	1.073684
0.150832	1.461451
0.150599	1.448343
0.104515	1.315214
0.113488	0.838985
0.284116	1.827027
0.283576	1.828596
0.433314	3.060727
0.453202	3.170982
0.628762	3.585959
0.950789	5.506453
0.950835	5.497782
1.197239	6.834626
2.727501	12.036332
2.757124	10.346213
2.756518	10.342780
3.772789	13.187946
3.404534	11.296975
3.844965	12.328119
2.994359	10.551941
3.007507	10.627773
3.673119	12.195175
3.278048	9.874570
3.719233	12.434549
3.548916	12.598883
3.356242	11.700062
3.366797	11.879601
3.951469	12.907662
4.250903	14.823572
3.104573	7.231047
3.571071	10.189494
3.655949	10.864784
3.995949	11.982606
4.008578	12.390135
4.232312	13.860458
3.918384	14.654437
3.723130	15.121585
4.051923	15.834957
4.466580	18.901597
4.818053	92.998838
4.954186	94.506268
4.889600	157.590742
4.887618	158.718529
4.705705	157.604211
4.773099	156.620254
4.718165	156.673666
4.906979	93.822771
4.937033	94.556777
5.058990	43.185439
4.356753	31.102602
4.418440	28.144744
5.160841	97.322532
5.219282	45.550255
4.714055	35.801451
4.633738	25.976929
3.873506	20.759462
4.927411	30.325685
3.986758	20.337158
3.551394	22.002666
4.345131	31.579943
5.558134	97.302206
2.594416	18.516948
2.148810	15.919807
1.502698	12.211088
2.137846	18.385708
2.057636	18.163887
2.215593	14.812510
1.654269	11.014752
2.051676	15.133602
1.577632	13.323534
1.498472	11.329995
2.795568	23.071264
1.034366	10.609671
0.723868	6.552495
0.413884	5.403945
0.488771	5.208060
0.351771	4.672671
0.304424	3.983141
0.430643	5.637799
0.290624	4.614584
0.515576	6.296631
0.842998	8.962522
0.617244	7.500385
0.675344	7.637886
0.279402	3.461554
0.227533	2.909012
0.479251	6.645412
0.109172	2.392746
0.403492	5.907381
0.273503	4.631266
0.120349	1.699841
0.167884	2.681452
0.156725	3.133043
0.082808	1.879911
0.094404	2.009022
0.098775	2.170363
0.152266	3.566565
0.063641	1.123278
0.070570	1.541407
0.061271	1.684450
0.064624	2.201666
0.081135	2.007795
0.063993	1.477826
0.105941	0.949709
0.116513	1.407235
0.087735	1.211950
0.060514	0.668140
0.063501	0.551204
0.045435	1.181369
0.050417	0.956122
0.065606	0.716673
0.147507	1.337295
0.135202	1.271900
0.086412	0.625229
0.093202	0.117144
0.100156	0.481858
0.127847	1.312762
0.090012	0.802321
0.070902	0.826315
0.032552	1.940232
0.033950	1.393506
0.058401	0.958965
0.023997	1.534153
0.040983	1.368699
0.051453	1.281595
0.043590	1.018486
0.096220	0.346775
0.063837	0.828417
0.079517	0.681111
0.081235	0.369525
0.021441	1.314989
0.019098	1.275734
0.037050	1.428671
0.038554	1.257676
0.035294	1.580974
0.029801	1.445278
0.022178	0.963452
0.039689	1.528018
0.043381	1.532888
0.046876	1.445745
0.034305	1.272612
0.034428	1.160751
0.036235	1.105655
0.065532	1.729002
0.054408	1.604100
0.052837	1.491900
0.074452	1.680127
0.085941	1.692318
0.065595	1.365630
0.085165	1.558705
0.075728	1.435379
0.068575	1.439056
0.085295	1.408821
0.106714	1.535855
0.117954	1.622932
0.115536	1.655249
0.125533	1.672721
0.123826	1.499918
0.128722	1.674905
0.126722	1.596221
0.116747	1.446762
0.113090	1.268619
0.124907	1.352236
0.110354	1.185925
0.108313	1.149723
0.124149	1.313840
0.100396	1.226554
0.098805	1.166318
0.095433	1.178048
0.111245	1.302069
0.089455	1.248727
0.090158	1.280110
0.103268	1.380203
0.100731	1.283052
0.095576	1.227065
0.107597	1.584806
0.108110	1.277596
0.112733	1.453955
0.103682	1.073749
0.120024	1.282452
0.125151	1.564607
0.125861	1.717778
0.094204	1.332970
0.092179	1.406924
0.088464	1.459316
0.096082	1.447611
0.094864	1.677380
0.078044	1.336057
0.069925	1.252253
0.074805	1.387270
0.085509	1.293212
0.080406	1.413338
0.067717	1.109096
0.066058	0.876344
0.064849	0.985740
0.066385	1.153633
0.054812	0.847615
0.060691	1.197729
0.058300	1.372629
0.058240	1.101563
0.075487	1.412386
0.061786	1.164444
0.052170	0.946628
0.060826	1.260353
0.046679	0.864081
0.055460	0.575758
0.043144	0.981458
0.052791	0.657497
0.037736	0.941368
0.075890	0.477433
0.036065	0.610679
0.035576	0.741072
0.034965	0.765591
0.025168	0.999592
0.032940	0.974534
0.043312	1.064972
0.041735	0.948523
0.063048	0.525639
0.030250	1.006159
0.025081	1.245646
0.035234	1.280336
0.033738	1.091054
0.031470	1.288747
0.029707	1.261379
0.028238	1.256372
0.031715	1.707123
0.027413	1.614621
0.031242	1.605034
0.031746	1.606486
0.033310	1.429521
0.024129	1.076848
0.024478	1.089464
0.020446	1.152271
0.021816	1.349859
0.024708	1.503407
0.031372	1.570970
0.025538	1.345232
0.029312	1.326944
0.022640	1.102684
0.025968	0.841252
0.026542	0.850117
0.019804	0.985277
0.019387	1.124107
0.022080	1.267403
0.022720	1.288483
0.020034	1.327392
0.015472	1.019344
0.015150	1.009391
0.026106	0.925137
0.015401	1.147503
0.013330	1.052617
0.014168	1.060211
0.025212	0.922173
0.018031	1.042346
0.030064	0.788422
0.029976	0.772944
0.024853	0.900623
0.017059	1.227536
0.008028	1.135357
0.008099	1.123161
0.016757	1.193359
0.018119	1.261563
0.013312	1.219771
0.014077	1.225558
0.014251	1.103840
0.018128	0.996914
0.031648	1.355737
0.021555	1.071035
0.022358	1.013800
0.018986	1.211195
0.040373	1.665056
0.024946	1.190510
0.025596	0.918868
0.032032	0.650763
0.031941	0.695020
0.030158	0.819449
0.028751	0.860191
0.027132	0.794161
0.036601	0.805559
0.036715	0.793010
0.019477	0.871125
0.021928	0.703546
0.045224	0.469433
0.045363	0.373638
0.026519	0.824894
0.022379	0.779027
0.023890	0.911230
0.017199	1.213162
0.032514	0.612401
0.032812	0.693370
0.034226	0.746149
0.034230	0.767177
0.032403	0.820740
0.035551	0.793983
0.032955	0.900872
0.038945	0.886283
0.045796	0.760097
0.046059	0.760404
0.038886	0.873801
0.035984	0.969149
0.036864	1.242492
0.032447	1.290835
0.032863	1.336045
0.024029	1.088207
0.018885	1.040100
0.019457	1.061272
0.026765	0.964373
0.032396	0.891914
0.032118	0.862604
0.031452	0.879257
0.033248	0.908899
0.030522	0.995621
0.027578	0.995328
0.031645	0.856230
0.030872	0.813726
0.031267	0.938121
0.040400	1.015889
0.034189	0.934717
0.041608	0.802750
0.041218	0.775308
0.038925	0.867208
0.042358	0.925485
0.039677	1.027792
0.027740	1.294478
0.050420	1.226449
0.038965	1.041674
0.043036	1.191113
0.043214	1.170795
0.042644	1.147342
0.042311	1.106063
0.033720	1.083025
0.030379	0.874235
0.031440	1.075700
0.026532	0.715805
0.019802	0.498693
0.026081	0.758613
0.023415	0.710983
0.022589	0.592436
0.019430	0.422137
0.031876	0.738488
0.022223	0.314860
0.021991	0.321371
0.033047	0.439839
0.030336	0.517560
0.024135	0.507517
0.034045	0.439552
0.033763	0.434053
0.037382	0.566425
0.035111	0.553409
0.039958	0.691182
0.040474	0.792252
0.033480	0.737631
0.040111	0.778976
0.034114	0.708525
0.035819	0.690996
0.038743	0.642241
0.037855	0.655959
0.040365	0.716694
0.049305	0.749652
0.059569	0.861067
0.070850	0.888336
0.081005	0.758477
0.103944	0.600556
0.106627	0.858401
0.102191	0.730533
0.105686	0.812666
0.094982	0.708236
0.102104	0.807132
0.099395	0.764855
0.081698	0.784866
0.080253	0.612236
0.070239	0.815474
0.047223	0.844297
0.038050	0.448332
0.020801	0.414725
0.021659	0.433148
0.023305	0.360091
0.045665	0.561398
0.061903	0.458886
0.041643	0.412219
0.023154	0.422931
0.019504	0.374908
0.042694	0.303291
0.056314	0.220109
0.063585	0.187553
0.084600	0.283511
0.068543	0.180515
0.077830	0.336234
0.082756	0.428482
0.078484	0.314497
0.080295	0.303188
0.059621	0.378439
0.079757	0.469971
0.098456	0.366907
0.067093	0.428153
0.053589	0.682595
0.064323	0.913969
0.074395	1.286673
0.077201	1.104806
0.073371	1.747995
0.078495	1.322672
0.083546	1.339062
0.063405	1.585481
0.054042	1.336970
0.047239	1.195771
0.052686	0.958433
0.061252	0.851595
0.054370	1.087013
0.047430	1.004381
0.049956	0.820685
0.047263	1.075167
0.049337	1.007925
0.050540	1.009196
0.053397	0.945032
0.071803	0.881325
0.059519	0.903068
0.054894	0.967417
0.081551	1.132197
0.078162	0.989747
0.088400	1.276851
0.088038	1.282346
0.093542	1.135044
0.107479	1.297582
0.100112	1.215870
0.105578	1.335504
0.094199	1.358691
0.094254	1.646968
0.095115	1.718947
0.088006	1.822461
0.093109	1.654425
0.105014	1.755107
0.117620	1.490926
0.119205	1.577804
0.112513	1.382313
0.086266	1.423528
0.086527	1.420885
0.102605	1.771626
0.105446	1.473215
0.177193	1.325465
0.126973	1.187634
0.126184	1.174890
0.125343	1.136005
0.142577	1.030734
0.126795	1.147769
0.104602	0.917800
0.105150	0.922447
0.140136	1.022978
0.128871	1.193768
0.099240	0.944015
0.108906	0.668148
0.107804	0.672166
0.120709	1.008999
0.108636	1.203274
0.101533	1.195337
0.100905	1.152308
0.184874	1.104939
0.204930	1.573083
0.204722	1.566020
0.232048	1.470941
0.298330	1.935113
0.319959	2.265558
0.333115	1.799327
0.348305	2.242559
0.345390	2.354334
0.329131	2.047074
0.329100	2.033921
0.365217	1.989229
0.365512	1.942752
0.317020	2.153069
0.337613	2.131795
0.337946	2.117593
0.326684	2.631777
0.289968	2.351268
0.319189	2.571041
0.337138	2.313191
0.315071	2.240575
0.407295	2.396032
0.407131	2.399786
0.428938	2.004797
0.427634	2.024578
0.425975	2.312774
0.508441	1.964708
0.508993	1.979500
0.541269	2.113452
0.544057	2.026913
0.551358	1.904829
0.593365	1.915425
0.596709	1.934074
0.391394	1.575747
0.391751	1.549043
0.337385	1.725864
0.339861	1.391042
0.341155	1.382773
0.386562	1.617603
0.192565	1.480773
0.241225	1.824903
0.239698	1.782475
0.234636	1.993724
0.280036	2.101180
0.311614	1.995566
0.248639	1.649148
0.231160	1.871830
0.193556	1.694887
0.197322	1.377086
0.197100	1.333136
0.153104	1.320253
0.134839	0.805622
0.126283	0.929583
0.151317	1.270857
0.091793	1.031431
0.079492	0.913681
0.052322	0.772695
0.031430	0.685165
0.072541	0.972937
0.178518	1.301260
0.049939	0.863583
0.095083	1.081554
0.139420	1.494524
0.172283	1.784970
0.122898	1.721315
0.176677	2.147993
0.150371	1.544993
0.155863	1.964179
0.141994	2.057964
0.204031	1.995160
0.198342	2.158613
0.210816	2.150695
0.303038	2.498115
0.067415	1.113619
0.252280	1.720607
0.144831	0.892759
0.085426	0.152587
0.277497	2.033694
0.203298	1.232151
0.191976	1.087425
0.311219	1.707146
0.407637	2.148227
0.412487	1.946263
0.288881	1.640424
0.295272	1.754824
0.322418	2.239501
0.228467	2.216364
0.188307	2.459923
0.141330	1.864724
0.134757	1.662727
0.055926	1.176957
0.042634	1.355909
0.031120	1.528277
0.039680	1.057530
0.045889	1.036473
0.031556	0.939082
0.043532	1.141395
0.078267	1.304436
0.120788	1.839755
0.166991	2.203869
0.195020	2.453428
0.069990	1.172503
0.036285	0.754977
0.017492	1.026605
0.041143	1.244727
0.060174	1.274649
0.066806	1.407812
0.062986	1.820711
0.067087	1.892080
0.067709	1.888390
0.077275	1.441333
0.078180	1.653777
0.078281	1.544935
0.062229	1.842525
0.061306	1.269940
0.056188	2.133188
0.076454	3.069764
0.051906	2.453488
0.051625	2.516681
0.043954	2.259548
0.050667	2.098983
0.033075	1.425596
0.047396	0.773199
0.040032	0.593685
0.043641	0.715885
0.047306	0.994425
0.051824	0.625826
0.050582	0.927212
0.044072	0.510413
0.042657	0.754862
0.046149	1.185392
0.049045	1.383372
0.061907	1.456777
0.061118	1.746223
0.067892	1.321040
0.082590	1.205892
0.082283	1.214608
0.084297	1.237470
0.097223	1.302247
0.063017	0.963619
0.083949	1.152636
0.141511	2.201415
0.008468	2.537801
0.024285	2.635990
0.018580	2.434136
0.035312	2.970274
0.046570	3.280520
0.061238	4.770813
0.045044	4.477801
0.091361	4.136957
0.095452	3.837198
0.152494	4.022569
0.167656	4.630498
0.257768	6.668538
0.254605	6.625306
0.192471	3.390135
0.400567	5.186486
0.391334	5.721848
0.463825	6.843387
0.524114	6.906705
0.373900	5.442568
0.516503	7.023637
0.296578	3.044504
0.638444	8.507858
0.690251	9.866401
0.747329	10.287707
0.611756	7.928694
0.734543	10.779480
0.835573	10.993638
0.783863	10.221359
0.685958	7.181843
0.711378	10.085005
0.743795	9.871859
0.722362	8.651833
0.711536	8.507696
0.767104	9.870896
0.692619	8.445196
0.639017	7.673538
0.697837	8.773718
0.556212	7.186191
0.779804	9.552991
0.746006	9.452931
0.966004	12.773661
0.618801	7.350289
0.706127	8.884513
0.889797	11.622361
0.882459	11.437775
0.640479	6.311405
0.666921	7.723224
0.682813	7.818587
0.657602	8.015863
0.637194	8.226498
0.667479	8.352637
0.678940	8.512880
0.378739	4.618226
0.664373	7.157415
0.638424	7.085068
0.598191	6.004314
0.669630	8.130211
0.635553	6.982302
0.676808	8.067604
0.651101	7.280680
0.535195	6.107476
0.579526	6.781487
0.550637	5.956760
0.563484	6.721731
0.558364	6.608823
0.371720	3.145504
0.547382	6.449165
0.577522	6.931885
0.407194	3.488690
0.508004	5.616905
0.559013	6.562273
0.345768	2.776063
0.616949	8.263679
0.637067	8.430334
0.451321	7.056927
0.312243	4.702977
0.345369	5.682380
0.302709	4.697639
0.223175	3.266010
0.329675	5.506497
0.319737	4.056163
0.295545	3.139432
0.261002	2.774830
0.376829	5.025046
0.330718	4.105876
0.326308	4.229407
0.267139	2.987367
0.240626	2.632309
0.325476	3.848888
0.378935	5.022148
0.266596	2.867046
0.310361	3.713880
0.358694	5.109075
0.259433	2.973064
0.258081	3.399057
0.213425	2.290720
0.192250	2.029646
0.197949	2.352610
0.257646	3.530413
0.239346	2.901807
0.253158	3.209042
0.211311	2.684689
0.229828	2.670656
0.147954	2.103293
0.156024	2.234049
0.193226	2.885878
0.128706	1.805510
0.110621	1.752953
0.096682	1.727078
0.083980	1.862032
0.108969	2.044323
0.064774	1.356540
0.063832	1.249722
0.069188	1.683630
0.063354	1.570274
0.056571	1.766932
0.051052	1.744500
0.046423	1.426024
0.049467	1.326581
0.048837	1.382851
0.045709	1.200097
0.045533	1.379575
0.056476	1.173820
0.040908	1.192178
0.055010	1.202382
0.045315	1.061141
0.038934	0.828570
0.041438	0.800729
0.041028	0.707154
0.038961	0.646002
0.033977	0.510809
0.033281	0.368372
0.032215	0.409140
0.049513	1.508301
0.045400	0.313971
0.040256	0.298851
0.044051	0.401846
0.027662	0.680492
0.023517	0.585916
0.025879	0.530966
0.025300	0.723482
0.026383	0.611778
0.032742	0.476423
0.038023	0.541859
0.041127	0.593890
0.037067	0.775785
0.037614	0.723845
0.040764	0.552561
0.027622	0.376240
0.026486	0.657473
0.026810	0.531745
0.029394	0.963478
0.022599	0.687503
0.024971	0.564585
0.030668	0.879948
0.027605	0.730264
0.029017	0.499045
0.022136	0.478572
0.023651	0.527278
0.027953	0.552434
0.023640	0.611245
0.025650	0.609936
0.023256	0.412076
0.019009	0.653011
0.011045	0.369611
0.011517	0.686673
0.015905	0.730955
0.007761	0.730405
0.010236	1.025069
0.004678	1.339141
0.004368	1.292675
0.017683	1.027736
0.012508	1.127649
0.015351	1.453569
0.028233	1.533343
0.017294	1.691529
0.020253	1.824157
0.020388	1.623756
0.023470	2.074979
0.021333	2.012824
0.022744	2.004413
0.025013	1.852081
0.027514	1.958589
0.025950	1.909888
0.025846	2.103683
0.026252	2.080343
0.049302	2.584134
0.035209	2.292765
0.039444	2.151721
0.037741	1.937449
0.044496	1.767615
0.034589	1.503840
0.044487	2.315676
0.044400	1.611889
0.046137	1.679290
0.030129	1.431279
0.047768	1.714957
0.049413	1.429049
0.044190	1.567497
0.042824	1.507592
0.047528	1.497994
0.052324	1.270847
0.049114	1.071439
0.048041	1.021727
0.051746	0.821874
0.057118	0.726999
0.052657	1.028412
0.050510	0.969323
0.058049	0.770912
0.065677	0.721472
0.062137	0.941451
0.061088	0.888408
0.050652	0.968550
0.057092	0.989730
0.063434	1.188750
0.054063	0.835555
0.061935	0.917468
0.062370	1.035806
0.056709	1.335468
0.057459	1.368408
0.067958	1.085647
0.056939	0.987141
0.055802	0.937208
0.054279	1.110376
0.051286	0.943843
0.053382	1.094815
0.060195	0.783118
0.059810	0.751698
0.050494	0.735627
0.054966	0.748394
0.044864	0.647342
0.044700	0.747939
0.039479	0.546742
0.044871	0.490193
0.038349	0.632385
0.045126	0.533116
0.044732	0.509980
0.049436	0.483929
0.050192	0.160108
0.062449	0.276348
0.051102	0.229939
0.046191	0.278435
0.056797	0.315916
0.064989	0.328243
0.055188	0.277467
0.048569	0.870535
0.042077	0.517714
0.027721	1.004137
0.047687	1.174285
0.031965	0.695767
0.042656	0.885811
0.033959	0.754569
0.048555	1.236884
0.031872	0.488870
0.045466	0.483351
0.041524	0.269046
0.043016	0.318590
0.045091	0.700019
0.038343	0.442833
0.035008	0.238102
0.030184	0.134123
0.043556	0.350703
0.043830	0.386222
0.033409	0.225981
0.066638	0.616857
0.056201	0.701953
0.056025	0.753268
0.064013	0.587407
0.062691	0.499101
0.045141	0.331000
0.043818	0.110843
0.043837	0.178266
0.050761	0.213499
0.062258	0.356917
0.042040	0.435295
0.054459	0.462329
0.054669	0.534650
0.031649	0.286173
0.039687	0.421180
0.036934	0.328318
0.037252	0.320532
0.027474	0.481958
0.040493	0.550251
0.028749	0.286095
0.033131	0.404884
0.033549	0.372172
0.024853	0.504878
0.030951	0.413123
0.030496	0.330742
0.034914	0.479774
0.031205	0.363295
0.032134	0.360347
0.021492	0.493981
0.028067	0.794735
0.035414	0.799422
0.042101	0.905352
0.042162	0.680876
0.042278	0.633582
0.038036	0.887009
0.041413	0.670128
0.026778	0.848600
0.032237	0.868634
0.028704	0.747007
0.023716	1.107584
0.023112	1.058058
0.030806	0.871091
0.029736	0.869694
0.022224	0.857085
0.024405	0.979741
0.031760	0.778394
0.017626	0.604163
0.016939	0.580627
0.022829	0.425301
0.028649	0.327316
0.023075	0.574556
0.026234	0.604574
0.025336	0.403066
0.025999	0.540592
0.033196	0.685348
0.033890	0.733831
0.030470	0.702247
0.041032	0.974380
0.040984	0.870625
0.029933	0.729639
0.032003	0.484164
0.030649	0.585275
0.035083	0.829647
0.031602	0.544261
0.027233	0.608150
0.025784	0.661709
0.026438	0.604091
0.020755	0.471020
0.024215	0.511489
0.022580	0.616917
0.020879	0.633077
0.017914	0.677642
0.021899	0.725021
0.022970	0.845184
0.027363	0.816202
0.030577	0.758734
0.032584	0.803290
0.022630	0.701544
0.020719	0.661943
0.027345	0.360166
0.024450	0.332791
0.020942	0.084519
0.016172	0.117363
0.024392	0.155420
0.040079	0.348182
0.038529	0.279849
0.050965	0.474844
0.054397	0.869814
0.055450	1.003926
0.052536	0.757519
0.043718	0.577769
0.058651	0.707918
0.068182	0.952095
0.083302	1.253230
0.074704	1.230181
0.077019	1.055956
0.075216	1.003191
0.075422	1.465674
0.089598	1.587246
0.091097	1.214284
0.091100	1.226101
0.087712	1.257681
0.083575	1.293969
0.074478	1.332501
0.056876	1.235270
0.065943	1.132957
0.063101	1.239001
0.069973	1.186977
0.068865	1.260877
0.067394	1.579805
0.110531	2.002950
0.144387	2.278456
0.199272	2.843605
0.146008	2.461138
0.246327	3.042342
0.160194	2.381479
0.231186	2.990471
0.192724	2.730565
0.206090	2.633906
0.271300	3.041546
0.257573	3.043793
0.181363	2.546547
0.250582	2.989989
0.179202	2.556499
0.157128	2.604509
0.192210	2.452550
0.188264	2.973109
0.183371	2.331385
0.208518	3.125822
0.156764	2.617314
0.180878	2.515901
0.547908	5.188954
0.465846	4.654425
0.517539	4.947465
0.520389	4.687849
0.667145	5.536585
0.617035	4.765031
0.599512	4.793891
0.494165	4.230958
0.337453	3.046074
0.424824	3.380172
0.407874	3.189940
0.297082	3.631819
0.318079	2.856793
0.264475	2.542828
0.203258	2.160855
0.250786	2.328648
0.197581	2.231085
0.202750	2.205010
0.286258	2.754195
0.263508	2.560841
0.248095	2.385829
0.231745	2.059979
0.252448	2.124560
0.218300	1.698703
0.213036	1.654773
0.222475	1.673921
0.204201	1.440698
0.189737	1.368860
0.162863	1.177446
0.146392	0.682997
0.113978	0.472146
0.095423	0.355327
0.083837	0.210347
0.095125	0.095789
0.080561	0.208227
0.135729	0.494937
0.063565	0.430449
0.066175	0.357379
0.045155	0.793812
0.050867	0.921721
0.062781	1.058458
0.051549	1.235190
0.070477	1.474608
0.060714	1.522600
0.061217	1.767239
0.074061	2.090067
0.103165	1.903637
0.660548	9.205504
0.571112	7.879491
0.107730	2.010770
0.474498	7.795618
0.438497	6.623180
0.369508	5.831350
0.489740	7.056157
0.486430	6.973856
0.577107	7.651810
0.581437	7.609358
0.426538	6.396465
0.363734	5.821363
0.481966	5.821779
0.485924	5.624254
0.507460	5.093286
0.505852	4.521841
0.506690	4.154841
0.450131	4.070949
0.483036	4.302804
0.484339	4.724677
0.402872	4.087157
0.380508	3.494352
0.419040	3.984542
0.450095	4.079576
0.425622	4.158030
0.328862	4.107968
0.345041	4.222191
0.336237	3.450559
0.439275	3.913116
0.403223	3.401906
0.329812	3.485501
0.317913	3.486519
0.386423	3.862253
0.313102	3.924581
0.410318	4.181129
0.319809	5.181972
0.316304	4.306111
0.248121	4.316314
0.318934	4.241302
0.368860	4.696460
0.309538	3.733951
0.314420	4.386526
0.408769	4.054856
0.311322	5.031925
0.320729	5.400563
0.254483	4.930012
0.220254	4.402900
0.240044	4.786183
0.150380	4.930090
0.157925	6.146954
0.148783	5.943436
0.155942	4.293347
0.161246	5.079240
0.140848	3.304910
0.111500	2.875063
0.113675	3.189902
0.106697	2.729861
0.099896	2.581627
0.104788	2.629693
0.104568	2.489514
0.121709	2.420515
0.108953	2.038697
0.101084	1.909036
0.114271	1.961960
0.122562	2.050816
0.118110	1.830740
0.137370	1.858218
0.147039	1.796612
0.126492	1.560748
0.135343	1.550544
0.148638	1.554123
0.139951	1.573782
0.151822	1.778667
0.139608	1.335380
0.142832	1.229244
0.141939	1.350993
0.135547	1.236609
0.153015	1.495502
0.139648	1.805978
0.148006	1.858872
0.128647	1.753304
0.104233	1.185544
0.097887	1.178542
0.081792	1.048590
0.077721	0.921085
0.092541	1.073217
0.087274	1.049371
0.097101	0.913997
0.098748	1.039137
0.112042	1.067663
0.117172	1.157095
0.113271	1.281233
0.126311	1.378600
0.135565	1.546669
0.114415	1.315418
0.115275	1.370991
0.146518	1.895212
0.109730	1.535997
0.101821	1.393160
0.102763	1.522771
0.092395	1.614411
0.087976	1.528442
0.083633	1.304703
0.079396	1.332232
0.082133	1.283607
0.068528	0.956397
0.080711	1.203542
0.069533	1.105579
0.057587	1.327198
0.076309	1.327020
0.077050	1.417765
0.081448	1.596407
0.086984	1.746121
0.094521	1.754868
0.105832	2.027362
0.120480	2.115462
0.125876	2.100463
0.123463	2.162167
0.133397	2.289691
0.149528	2.438037
0.139248	2.198776
0.142640	2.573390
0.151545	2.862529
0.149558	2.850565
0.150014	2.817976
0.157883	2.911954
0.159227	3.077836
0.159636	3.037253
0.170172	3.279176
0.175424	3.150571
0.184338	3.156217
0.178512	3.260498
0.148116	2.779224
0.147443	2.839048
0.147587	2.950325
0.160561	3.016074
0.182763	3.022858
0.155572	2.797210
0.167094	2.834279
0.171124	2.754480
0.186486	2.855814
0.174156	2.776943
0.178212	2.861590
0.160760	2.735417
0.180737	3.005422
0.176813	2.813477
0.178752	3.018461
0.185243	3.160106
0.170128	3.017035
0.185027	2.976392
0.171278	2.879429
0.179796	2.807537
0.213277	3.000799
0.192845	2.911534
0.194899	3.070735
0.186979	2.752181
0.168240	2.864574
0.158958	2.713684
0.163826	3.131923
0.147866	2.943272
0.152365	2.945901
0.152158	3.041507
0.135580	2.882713
0.143585	2.997613
0.134729	2.986399
0.138706	2.941173
0.148160	3.144222
0.154705	3.191952
0.153025	3.342961
0.155341	3.228917
0.154301	3.316239
0.163265	3.308210
0.154080	3.306381
0.153689	3.400791
0.157156	3.350889
0.150612	3.405398
0.151274	3.464373
0.157720	3.169660
0.162682	3.211484
0.014293	0.499381
0.017449	0.570569
0.016893	0.618478
0.015800	0.627321
0.010386	0.570568
0.010170	0.514785
0.013733	0.482033
0.011446	0.550087
0.006715	0.432051
0.016463	0.487727
0.015482	0.706845
0.020544	0.538829
0.018685	0.503515
0.019684	0.491057
0.014059	0.403556
0.007175	0.489047
0.009922	0.440936
0.017051	0.496258
0.027191	0.608334
0.027643	0.628610
0.028810	0.946209
0.029006	0.912339
0.033235	1.113027
0.032374	0.947109
0.032818	1.031917
0.032594	1.189162
0.028449	1.087498
0.039450	1.179416
0.032350	1.056573
0.037713	1.084199
0.032966	1.044201
0.028015	1.192042
0.018287	1.045603
0.013949	0.738982
0.018761	0.983708
0.018914	0.998781
0.019942	1.029254
0.025122	1.156150
0.029524	1.257409
0.024590	1.278912
0.023108	1.022424
0.030316	1.198821
0.022939	1.117721
0.025810	1.104199
0.023190	0.943702
0.030092	1.078777
0.028974	1.169648
0.031518	1.307641
0.030954	1.154655
0.029851	0.907417
0.031618	1.487765
0.032157	1.385791
0.028281	1.092514
0.029073	0.967947
0.027484	1.121439
0.027956	1.030928
0.041206	1.044478
0.030197	0.732839
0.025319	1.060278
0.036563	0.737988
0.031923	0.898125
0.036385	0.762491
0.032330	0.810181
0.039283	0.725945
0.038263	0.819473
0.027034	0.871776
0.019775	0.948416
0.022635	0.890547
0.018148	0.661697
0.011835	0.633621
0.021572	0.618256
0.013490	0.582066
0.013469	0.503181
0.019687	0.402410
0.018673	0.431747
0.010247	0.470273
0.009534	0.416325
0.013904	0.591780
0.019346	0.740806
0.017064	0.519781
0.020564	0.628268
0.034745	0.724725
0.034345	0.873940
0.035396	0.910849
0.035945	1.059401
0.033991	0.975482
0.035811	1.038689
0.031826	0.988261
0.036064	1.125864
0.021154	1.102910
0.018547	1.066364
0.022677	1.071028
0.022235	1.095401
0.018353	1.039515
0.019377	1.196321
0.018425	1.164811
0.023233	1.195464
0.033120	1.172503
0.030938	1.048855
0.023032	0.918884
0.041481	1.035962
0.038940	1.192147
0.029977	1.049354
0.034389	1.200923
0.021694	1.009963
0.025645	1.145612
0.019084	0.984544
0.031799	0.829272
0.044573	1.118941
0.036095	1.024316
0.052577	1.399244
0.064137	1.593390
0.058723	1.378004
0.067848	1.462595
0.059287	1.386269
0.057771	1.255026
0.070694	1.172502
0.057242	1.399922
0.074743	1.967076
0.073497	2.088763
0.065088	1.615362
0.061026	1.651944
0.062652	1.683863
0.073705	1.811557
0.079690	1.872226
0.072592	1.881171
0.077358	2.081296
0.081018	2.019137
0.087209	2.078398
0.089775	2.080235
0.080726	2.032843
0.079229	1.815144
0.077585	1.804479
0.087171	1.921273
0.081215	1.884920
0.081700	1.839003
0.079251	1.716824
0.081184	1.632448
0.081190	1.560108
0.080074	1.218185
0.072312	1.148139
0.080153	1.158653
0.085935	1.442127
0.094525	1.621897
0.088535	1.392004
0.092384	1.401253
0.075168	1.374448
0.076334	1.463449
0.065259	1.439201
0.052517	1.279577
0.060670	1.499155
0.040357	1.733949
0.050082	1.102148
0.047656	1.206907
0.036600	1.061111
0.055958	1.271407
0.041746	0.968692
0.043310	0.837286
0.037971	0.751154
0.041926	0.697839
0.059117	0.937808
0.050132	0.853090
0.049534	0.831637
0.044662	0.510143
0.044876	0.458683
0.052374	0.713613
0.067567	1.061779
0.048598	0.926629
0.053165	1.409355
0.043561	1.199094
0.052445	1.154422
0.054558	1.208396
0.068060	1.222170
0.051693	1.080537
0.065675	1.212627
0.053451	1.137581
0.048714	1.021003
0.039412	1.103690
0.037750	0.895067
0.041150	0.953739
0.028866	0.815229
0.041932	0.550838
0.040338	0.432119
0.040923	0.595588
0.031522	0.478984
0.039028	0.971036
0.042742	1.104773
0.039285	1.153387
0.071462	1.137566
0.053556	1.052058
0.058348	0.801753
0.060008	1.192336
0.060427	0.900977
0.049736	1.073419
0.053270	1.219497
0.049496	1.137797
0.050139	1.201364
0.049993	1.251423
0.051710	1.126057
0.048194	1.178857
0.047316	1.123314
0.048057	1.652630
0.048087	1.154035
0.063133	1.161642
0.067139	1.191535
0.065646	1.032836
0.045593	1.040119
0.063161	1.321142
0.044539	1.210220
0.044259	1.070225
0.064001	1.067865
0.076750	1.248581
0.069539	1.216043
0.078422	1.341465
0.077651	0.987211
0.078324	0.996973
0.085560	1.324718
0.079054	1.127892
0.088656	1.457490
0.042285	1.220842
0.039090	1.304759
0.034251	1.177961
0.048531	1.281327
0.032392	1.782992
0.026911	1.096969
0.034850	1.001098
0.059970	1.041259
0.071314	1.410952
0.264390	1.676699
0.277260	1.680702
0.265516	1.458672
0.285989	2.352494
0.324903	1.642559
0.340058	1.716373
0.255248	1.738880
0.250014	1.620767
0.307293	1.969249
0.172697	1.801197
0.135947	1.626833
0.133699	1.686055
0.094572	1.516947
0.112033	1.617738
0.082791	1.674437
0.078117	1.809485
0.081469	1.341554
0.110775	1.505266
0.081136	1.577755
0.090023	1.644770
0.106629	1.538333
0.209171	2.037572
0.072700	1.618620
0.082477	1.692167
0.051641	1.419363
0.080132	1.723687
0.107960	1.797316
0.092258	1.586829
0.062512	1.546519
0.049299	1.489330
0.037942	1.681379
0.076963	1.692377
0.065037	1.915950
0.062723	1.813610
0.056307	1.759414
0.063378	1.834574
0.075324	1.749904
0.074024	1.869814
0.097884	2.175556
0.093021	2.267479
0.091159	2.411186
0.123707	2.436722
0.090558	2.559904
0.081756	2.176187
0.061971	2.636974
0.067024	2.441311
0.079981	2.717057
0.064696	2.723771
0.056490	2.521517
0.051920	2.602296
0.043304	2.247733
0.049499	2.213967
0.066484	2.517331
0.073429	2.597635
0.069835	2.397835
0.063505	2.166276
0.062756	2.346665
0.066500	2.365620
0.061063	2.283887
0.041873	2.087362
0.054163	2.314014
0.054054	2.206457
0.061554	2.524920
0.054783	2.479160
0.052091	2.725158
0.050803	2.600988
0.072674	2.704788
0.081198	2.740215
0.080945	2.620820
0.090212	2.833675
0.085424	2.838899
0.080065	2.615925
0.086174	2.744735
0.091902	2.608036
0.093132	2.404582
0.079454	2.316390
0.086694	2.240387
0.082093	2.292543
0.083362	2.348071
0.076768	2.038375
0.076791	1.871941
0.063504	1.705625
0.064330	1.744100
0.063691	1.645045
0.050298	1.269057
0.054943	1.955624
0.048073	1.193315
0.052160	1.208850
0.046888	1.205177
0.045340	1.219100
0.046237	1.295827
0.043559	1.123408
0.043020	1.157578
0.037117	1.001269
0.041391	1.147364
0.052948	1.419474
0.059660	1.579804
0.073948	1.885003
0.071093	1.817701
0.071527	1.694686
0.078495	1.861789
0.074469	1.960961
0.079876	1.918347
0.082529	1.871404
0.067674	1.516344
0.060805	1.195194
0.059190	1.432155
0.051852	1.556372
0.049170	1.291274
0.049073	1.060554
0.052305	1.154981
0.055200	1.175555
0.056491	1.106826
0.059699	1.271363
0.053556	1.166944
0.057652	1.224689
0.067203	1.497091
0.070321	1.449760
0.080901	1.530798
0.079928	1.698328
0.076008	1.465451
0.082611	1.737037
0.093997	1.895873
0.096038	1.595694
0.105808	1.907046
0.092836	1.725707
0.105794	1.765643
0.104904	1.731802
0.088656	1.825364
0.093616	1.961781
0.097924	2.154971
0.090410	1.830886
0.111090	1.754292
0.125456	1.720057
0.118632	1.717507
0.112821	1.532977
0.137758	1.012825
0.133020	0.830329
0.152785	0.708398
0.177104	0.810439
0.185761	0.526490
0.176368	0.626465
0.206195	0.935062
0.134793	1.337623
0.132273	1.216678
0.122541	1.644164
0.123783	1.672405
0.123406	1.664750
0.353518	1.561976
0.367054	1.610755
0.359988	1.921069
0.206652	2.011738
0.206185	1.997888
0.261254	1.884627
0.205265	1.866765
0.101037	1.887616
0.109121	1.941903
0.137563	1.716952
0.145378	2.275418
0.129471	2.310227
0.241260	1.961915
0.121422	2.508002
0.227433	1.620235
0.139723	2.779800
0.139136	2.767249
0.149842	2.352961
0.122518	2.284398
0.212768	1.836739
0.200153	1.998755
0.200901	1.972914
0.113434	2.361236
0.340414	1.254270
0.374864	1.176084
0.436551	1.297507
0.425044	1.382594
0.495724	1.239263
0.714959	2.365598
1.008805	3.749992
1.009494	3.765114
0.758676	2.852468
1.052755	4.167004
0.826498	3.195583
0.826244	3.206535
1.448669	5.853026
1.561133	6.696546
1.447287	5.871100
1.447711	6.180243
1.529807	6.192070
1.331649	5.704261
1.375898	6.072749
1.376809	6.083787
1.147276	5.233041
0.929122	3.977845
0.823074	3.387612
0.723255	2.812580
0.490077	1.826250
0.491026	1.846987
0.378317	1.376018
0.352722	1.442686
0.300323	1.476066
0.172129	1.691304
0.202791	2.697551
0.112343	1.343064
0.166585	1.269620
0.166784	1.434992
0.213147	1.477302
0.188238	1.314165
0.050900	0.974968
0.070120	0.660701
0.046694	0.440570
0.063086	0.391885
0.079262	0.672331
0.086405	0.887497
0.091027	0.958219
0.074466	0.814715
0.084100	0.857266
0.060040	0.707316
0.041067	0.533869
0.056371	0.805710
0.051077	0.730532
0.050240	0.704202
0.051752	0.697453
0.057503	0.790051
0.057137	0.876917
0.053330	0.788774
0.065330	0.899997
0.048343	0.909201
0.076682	1.112776
0.065234	0.999414
0.088728	1.124766
0.066188	0.953414
0.072375	1.020527
0.053872	0.791198
0.040690	0.685672
0.042916	0.688104
0.035399	0.684435
0.036285	0.659056
0.039679	0.882805
0.061980	0.967412
0.042207	0.803697
0.065796	1.028176
0.057517	1.010697
0.057483	1.071411
0.057344	1.187264
0.061790	1.228998
0.058067	1.263335
0.065664	1.352714
0.069126	1.361404
0.057562	1.305983
0.057529	1.392572
0.056836	1.307844
0.057337	1.340391
0.050892	1.368339
0.053836	1.278654
0.055696	1.186495
0.051628	1.095738
0.041358	1.055621
0.042420	1.160822
0.048126	0.923696
0.049258	0.883569
0.024510	0.719689
0.022885	0.700574
0.027174	0.745619
0.025343	0.732363
0.017802	0.620633
0.016355	0.581899
0.014890	0.615384
0.019351	0.616108
0.017338	0.900709
0.030646	1.098952
0.024685	1.053187
0.019596	0.948945
0.014417	0.844849
0.019887	0.917606
0.019190	0.920390
0.007783	0.747895
0.012721	0.798411
0.011509	0.713412
0.010989	0.775717
0.008415	0.738363
0.021068	0.753104
0.023668	0.734560
0.017765	0.887968
0.040658	1.113515
0.038276	1.190913
0.048596	1.458015
0.065971	1.370579
0.067537	1.337764
0.041466	1.360881
0.054386	1.530998
0.064861	1.329839
0.054247	1.183016
0.044535	1.107338
0.034518	1.160048
0.048618	1.490480
0.046002	1.465111
0.061658	1.517723
0.065454	1.737237
0.066518	1.913814
0.067883	2.106382
0.084797	1.984330
0.072993	1.805329
0.076884	1.862693
0.078118	2.115565
0.087770	2.346900
0.082818	2.136269
0.086298	2.359323
0.072395	2.216834
0.064615	2.098461
0.067155	2.142603
0.070203	2.164886
0.078760	2.177182
0.075598	2.318193
0.083907	2.378987
0.079489	2.325591
0.088386	2.255823
0.084159	2.107009
0.085731	2.111588
0.067823	1.313724
0.114992	1.924108
0.113707	1.902812
0.120261	2.051135
0.112547	1.897613
0.098738	1.950057
0.098723	1.928640
0.112056	2.123418
0.107034	1.857761
0.099000	1.817094
0.147333	2.552408
0.159925	2.790395
0.147068	2.502202
0.153859	2.579819
0.139817	2.403793
0.152625	2.514781
0.151520	2.443523
0.159207	2.564642
0.157258	2.403612
0.139814	2.227322
0.138620	2.114171
0.133652	2.077607
0.144727	2.370280
0.142717	2.229614
0.154416	2.184687
0.158934	2.235903
0.142487	2.239243
0.140790	2.044752
0.137520	2.227714
0.150635	2.403667
0.133373	2.315704
0.118355	1.964839
0.104902	1.956958
0.107281	1.855550
0.092011	1.748205
0.083523	1.852705
0.112135	2.270908
0.088837	1.895434
0.080722	1.999385
0.086933	1.941973
0.092996	1.832548
0.101709	1.997801
0.087135	1.916963
0.094003	1.964666
0.088651	1.945639
0.114947	2.179323
0.121554	2.342162
0.110107	2.253377
0.111485	2.364235
0.114117	2.499615
0.181380	3.722257
0.135581	3.160026
0.116157	2.496043
0.123178	2.496081
0.097549	2.257880
0.101616	2.354587
0.108068	2.415622
0.102195	2.419398
0.084272	2.603408
0.096630	2.499160
0.102165	2.502516
0.116289	2.531363
0.114593	2.311624
0.129635	2.662636
0.100297	2.411698
0.087357	2.414229
0.109502	2.351630
0.101727	2.298924
0.120482	2.421976
0.160594	2.532674
0.176668	2.291385
0.144502	1.842903
0.143210	2.001014
0.118647	1.787327
0.105999	1.881237
0.129034	1.699566
0.134757	1.600018
0.107793	1.530707
0.141207	1.498072
0.146404	1.321276
0.151498	1.172685
0.190630	1.392820
0.198112	1.431249
0.195155	1.379575
0.232464	0.944445
0.200038	1.120166
0.219866	1.170984
0.192572	1.488971
0.243096	2.027561
0.239360	1.614233
0.178162	0.835324
0.180498	0.671971
0.183562	0.996227
0.208222	1.054387
0.181597	1.060222
0.156220	0.855158
0.185768	0.649035
0.153232	1.115781
0.157268	1.261521
0.153110	1.421834
0.171510	1.550868
0.163343	1.763707
0.136997	1.732578
0.142115	1.917234
0.159203	1.765859
0.161292	1.602440
0.161290	1.500774
0.174472	1.558762
0.163766	1.758122
0.119836	1.666067
0.120120	1.618155
0.099998	1.627790
0.081676	1.294567
0.077012	1.079571
0.076260	0.997597
0.078744	0.724057
0.076072	0.840524
0.074555	0.990753
0.085707	1.822897
0.082708	0.823599
0.079455	1.023646
0.076390	1.295079
0.098873	1.120534
0.088271	1.077611
0.088270	1.108483
0.092792	0.949828
0.058246	0.758495
0.076152	0.764668
0.073408	0.726843
0.088532	0.573088
0.121269	0.711166
0.113930	0.841859
0.099727	0.924621
0.106740	0.824917
0.103694	1.076634
0.099037	0.742830
0.093487	0.554190
0.110661	0.437005
0.113639	0.302724
0.113957	0.272809
0.130132	0.425369
0.149764	0.615631
0.148882	0.645052
0.148913	0.792612
0.196415	0.917991
0.172439	1.057765
0.162874	0.383024
0.153317	1.242423
0.218044	1.372720
0.213114	1.592954
0.228190	1.638940
0.224073	1.272427
0.262333	1.482740
0.204990	1.223018
0.182242	1.069392
0.137833	0.472159
0.098381	0.509103
0.095920	1.150269
0.064603	0.474598
0.082135	0.577445
0.079316	0.591155
0.044046	0.563336
0.078473	0.679429
0.101220	0.550032
0.091526	0.600949
0.092387	0.806185
0.072416	0.602928
0.086692	0.737263
0.063108	0.805297
0.087294	0.817799
0.050214	0.734924
0.040530	0.624519
0.035007	0.629881
0.028648	0.507739
0.047763	0.506952
0.055082	0.705731
0.034717	0.543863
0.035078	0.523011
0.039412	0.776094
0.050567	0.887441
0.063174	0.962472
0.066678	0.800821
0.037929	0.663492
0.049668	1.044065
0.048136	0.976308
0.046901	0.824996
0.051936	1.014954
0.069161	1.129654
0.064274	1.696273
0.064906	1.511004
0.065605	1.685557
0.048535	1.724987
0.069139	1.672255
0.064735	1.119131
0.071231	1.321549
0.119301	1.864674
0.123472	1.639435
0.156414	1.571740
0.173631	1.780039
0.156949	2.068813
0.186768	2.595906
0.199720	2.477915
0.202377	2.472805
0.192099	2.364878
0.194714	2.378975
0.189827	2.508453
0.204501	2.393518
0.189477	2.231623
0.237491	2.232435
0.238734	2.116763
0.223132	1.945914
0.235210	1.444470
0.202191	1.764416
0.201678	1.753596
0.265439	1.819983
0.214802	1.664167
0.223179	1.372725
0.217571	1.408180
0.250512	1.746782
0.231446	1.772367
0.226222	1.350791
0.269612	1.519495
0.217997	1.388420
0.231906	1.582307
0.214011	1.029201
0.238921	1.488856
0.211416	1.023273
0.238654	1.465163
0.297974	1.425968
0.243212	1.512488
0.235615	1.586927
0.242232	1.795742
0.215959	1.556180
0.212951	1.588067
0.227900	1.460707
0.179737	1.420829
0.185665	1.080300
0.130809	1.288247
0.137253	1.254085
0.129326	1.194040
0.125253	1.067568
0.127108	1.024145
0.118911	1.050541
0.108911	1.172085
0.098726	0.993112
0.130346	1.135938
0.122559	1.003811
0.123132	1.199868
0.099262	1.133191
0.106774	1.342675
0.108338	1.574160
0.111770	1.654445
0.126390	1.922643
0.140938	2.067280
0.142932	2.028647
0.146316	2.284114
0.122844	1.897408
0.137101	2.014948
0.125926	1.933671
0.095889	1.354835
0.074775	0.475734
0.132439	0.599533
0.086153	0.657062
0.115391	0.625891
0.087117	1.086694
0.083283	1.117655
0.070779	1.060767
0.072869	1.149907
0.073940	1.174715
0.068576	0.873545
0.061772	0.842903
0.069598	1.123099
0.075363	0.803776
0.069794	0.875608
0.070667	0.849348
0.073815	1.134514
0.074895	0.941082
0.076545	1.022539
0.069445	0.972515
0.089435	1.339648
0.079015	0.887199
0.093363	0.646614
0.090019	0.630250
0.100338	0.562889
0.110308	0.642100
0.104992	0.731407
0.098925	0.782752
0.077249	0.856399
0.085460	0.819374
0.090177	0.887100
0.072424	0.865408
0.071644	0.755823
0.069547	0.548699
0.075973	0.866851
0.065812	0.898885
0.065588	0.878610
0.045504	0.916282
0.068355	0.944390
0.076993	1.071434
0.066429	1.057474
0.050805	1.131018
0.050342	1.365210
0.064767	1.240139
0.072545	0.889703
0.047099	0.807402
0.035737	0.751128
0.077834	0.692829
0.033204	0.545993
0.017992	0.722250
0.032197	0.523236
0.046104	0.418596
0.045060	0.338060
0.020955	0.419116
0.038713	0.407369
0.046402	0.228400
0.059793	0.429858
0.043722	0.467802
0.058861	0.426734
0.066369	0.376860
0.073965	0.414228
0.055597	0.693328
0.069090	0.537865
0.064623	1.069635
0.068388	1.193232
0.074589	1.101284
0.080281	1.331686
0.067695	1.312135
0.077334	1.362194
0.081879	1.255245
0.094577	1.700975
0.103587	1.847013
0.116243	2.024803
0.126737	1.644208
0.126664	1.429510
0.130567	1.549007
0.117224	1.802851
0.119640	1.677089
0.122121	1.734487
0.139520	1.172319
0.137701	1.353094
0.126717	2.055113
0.130533	1.586469
0.135583	1.516743
0.125613	1.821895
0.126021	1.733679
0.129935	2.049370
0.123837	2.027971
0.123874	2.141866
0.130756	2.509201
0.125191	2.412839
0.127255	2.544873
0.112210	2.017883
0.114060	2.280691
0.131382	2.745721
0.109005	2.566007
0.104288	2.352839
0.093031	2.282279
0.108539	2.390471
0.097131	2.276519
0.092651	2.187072
0.082218	2.061690
0.078417	1.841869
0.074936	2.157943
0.078496	1.996958
0.059163	1.482626
0.055675	1.627387
0.046249	1.607853
0.050209	1.755222
0.052400	1.566983
0.048827	1.588767
0.048668	1.695969
0.051759	1.663415
0.048145	1.838361
0.055652	1.773943
0.045398	1.676456
0.043489	1.498133
0.037837	1.559542
0.036897	1.417650
0.028848	1.432968
0.036254	1.424836
0.023872	1.323047
0.040730	1.289196
0.034713	1.155969
0.030600	1.213340
0.025852	1.527329
0.029720	1.342238
0.023683	1.401157
0.017947	1.421007
0.027044	1.534780
0.049573	1.431860
0.024317	1.235728
0.024057	1.673640
0.029660	1.456968
0.028181	1.599508
0.020834	1.265215
0.018549	1.318548
0.014146	1.338231
0.013846	1.084829
0.016955	1.117442
0.016149	1.058225
0.032968	1.193134
0.032055	1.319426
0.030500	1.158238
0.013921	1.098649
0.028920	1.128226
0.025471	1.162150
0.021302	1.143835
0.017058	0.889770
0.016630	1.076587
0.015454	0.994218
0.027241	1.124153
0.025552	1.066990
0.026881	1.206585
0.028050	1.149093
0.031239	0.940157
0.006594	0.906022
0.010851	1.054735
0.026479	1.104125
0.055684	1.097612
0.054591	1.058316
0.067853	1.040397
0.059126	1.135645
0.052708	1.080651
0.053581	0.920649
0.062570	1.172953
0.065869	1.446381
0.056267	1.114801
0.064157	1.222370
0.078318	1.449979
0.084994	1.461088
0.098386	1.916327
0.108148	2.081241
0.118528	2.642996
0.113203	2.375207
0.139416	2.538712
0.136826	2.020183
0.124319	1.720536
0.114379	1.389803
0.078226	0.935699
0.077667	1.006961
0.073197	0.946198
0.060624	1.266352
0.055889	1.178553
0.065922	0.882923
0.067010	0.881029
0.052731	0.883547
0.068377	0.950698
0.065604	1.000932
0.063001	0.940236
0.063449	0.821956
0.067250	0.968700
0.054213	1.072618
0.078874	1.090729
0.068265	1.157895
