0.025714	0.374361
0.026671	0.370212
0.017905	0.364184
0.021678	0.391772
0.025723	0.335681
0.019810	0.412042
0.032269	0.447635
0.022387	0.512598
0.021146	0.410270
0.027670	0.284825
0.028314	0.523804
0.037468	0.437499
0.028160	0.483867
0.025892	0.317483
0.019901	0.280206
0.012671	0.276787
0.011951	0.201366
0.009098	0.616499
0.009673	0.358058
0.009512	0.248435
0.008893	0.302183
0.008659	0.236106
0.009503	0.417917
0.012063	0.306973
0.010297	0.341015
0.014356	0.443655
0.018035	0.260994
0.011682	0.210989
0.014930	0.333158
0.022915	0.722042
0.012369	0.278704
0.011775	0.305585
0.013722	0.238517
0.012431	0.298978
0.015735	0.231155
0.014498	0.338190
0.017002	0.947480
0.011262	0.564796
0.016385	0.236036
0.011486	0.619187
0.011888	0.650686
0.014439	0.786530
0.016458	0.839274
0.011694	0.743994
0.011634	0.723952
0.011261	0.839909
0.014486	0.766450
0.013570	0.477025
0.014203	0.560284
0.017273	0.614926
0.017084	0.622819
0.019871	0.604600
0.014571	0.501739
0.023660	0.530228
0.027733	0.619561
0.025880	0.436787
0.018117	0.299423
0.017746	0.218550
0.018145	0.347026
0.023676	0.532096
0.026551	0.518184
0.027067	0.386307
0.030253	0.425192
0.044122	0.678182
0.031505	0.571507
0.024658	0.621399
0.024324	0.660679
0.032362	0.796891
0.034548	0.923854
0.022978	0.485915
0.025661	0.486762
0.014565	0.545359
0.017423	0.432691
0.014594	0.394939
0.026938	0.566353
0.018690	0.435686
0.018721	0.320615
0.014269	0.404348
0.034034	0.624919
0.029278	0.511444
0.035732	0.682796
0.018306	0.626418
0.036203	0.796132
0.032885	0.921892
0.033838	0.676486
0.026619	0.452610
0.057717	0.922241
0.056724	0.987273
0.053808	0.910296
0.031517	0.703422
0.044463	0.912817
0.033634	0.871123
0.032052	0.765823
0.045220	1.111836
0.038581	0.926578
0.034172	0.897752
0.030594	0.876146
0.030442	0.880016
0.033852	1.001133
0.026558	0.901877
0.014754	0.560549
0.011011	0.512848
0.008645	0.460774
0.007904	0.347615
0.008445	0.428528
0.009520	0.528758
0.004885	0.491353
0.005740	0.522330
0.008106	0.652090
0.005096	0.639950
0.012112	0.669412
0.003921	0.543364
0.004529	0.590722
0.003434	0.371478
0.005412	0.308777
0.005100	0.568150
0.009806	0.250437
0.002875	0.362789
0.016552	0.558488
0.006202	0.265030
0.007387	0.285515
0.008387	0.187404
0.012154	0.246147
0.018582	0.272558
0.027217	0.283267
0.019763	0.415709
0.017046	0.224431
0.020335	0.294203
0.012409	0.106603
0.005619	0.299273
0.006777	0.373816
0.005782	0.154433
0.007259	0.388747
0.017863	0.424119
0.011411	0.613819
0.016793	0.562063
0.013044	0.608794
0.012862	1.006341
0.019943	0.584682
0.016879	0.785643
0.020544	0.814369
0.014451	0.733288
0.018120	0.611383
0.020174	0.698375
0.013237	0.684058
0.020335	0.554475
0.025872	0.532151
0.046830	1.296942
0.028917	1.207734
0.027996	1.649439
0.033837	1.357099
0.039016	1.605576
0.035293	1.718687
0.029141	1.465767
0.030192	1.100120
0.064294	0.951603
0.036910	1.044098
0.067565	0.995021
0.045636	1.438954
0.024606	1.231428
0.044260	1.032843
0.024476	0.786037
0.044867	0.221025
0.020287	0.525966
0.013892	1.351409
0.018047	0.300188
0.022130	0.380634
0.015028	0.567105
0.017110	0.384842
0.015950	0.406817
0.017395	0.661845
0.022721	1.403486
0.006469	0.884481
0.012085	0.815303
0.011559	0.778987
0.009868	0.795707
0.018780	1.076497
0.027701	1.521036
0.015443	1.045767
0.012432	1.056208
0.013386	1.034289
0.015215	0.842729
0.021797	1.017312
0.016586	0.793592
0.013595	1.203518
0.013874	1.161265
0.013316	0.899066
0.006485	0.923273
0.023273	1.301899
0.016243	0.755085
0.026170	0.436482
0.028444	0.657166
0.020361	0.560354
0.026924	0.683331
0.028074	0.864033
0.017297	0.664609
0.025658	0.780482
0.021791	1.247399
0.037572	1.074026
0.024829	0.458968
0.032923	0.531891
0.053001	0.648740
0.053226	0.429140
0.047318	0.199139
0.037418	0.162745
0.038507	0.281917
0.024352	0.338006
0.021187	0.440637
0.018263	0.440504
0.005892	0.616024
0.006952	0.680559
0.012766	0.667754
0.020607	0.786820
0.019256	1.018470
0.005193	0.859621
0.014075	1.030580
0.020035	1.077447
0.014949	0.832579
0.011592	1.076094
0.017080	0.984124
0.022547	1.025964
0.019976	0.777949
0.023636	1.187483
0.022782	1.231724
0.019838	1.142655
0.025420	1.277537
0.020431	1.197152
0.017069	1.101713
0.021136	0.695962
0.021006	0.924485
0.030640	0.934378
0.023495	0.834763
0.016330	0.417291
0.022242	0.847331
0.018148	0.709713
0.017649	0.713992
0.026881	0.682010
0.021947	0.642451
0.033763	0.797808
0.042125	0.957459
0.049141	1.110455
0.050842	1.240983
0.047887	1.356625
0.054322	1.470315
0.043973	2.141708
0.038763	1.902924
0.048289	2.352254
0.045525	2.305169
0.050452	2.346961
0.045114	1.972346
0.052146	2.307480
0.072163	3.007147
0.113944	3.910975
0.103004	3.454095
0.088555	3.148193
0.064531	2.967130
0.060312	3.299235
0.077954	3.089185
0.047513	2.743540
0.037810	2.274831
0.022503	1.675280
0.025136	1.333068
0.019989	1.504068
0.013578	1.386956
0.022014	1.679195
0.019530	1.510759
0.027702	1.477788
0.038676	1.792947
0.045037	1.848552
0.046530	1.632503
0.048080	1.518127
0.062921	1.854261
0.047540	1.753039
0.049718	1.651724
0.051461	1.467676
0.036005	1.449433
0.024758	1.027188
0.014416	0.792021
0.019603	0.843023
0.028504	0.560721
0.021565	0.620023
0.046365	0.640545
0.053333	0.448486
0.062371	0.177969
0.033798	0.342905
0.045412	0.125154
0.060369	0.325120
0.046235	0.454619
0.034231	0.469420
0.078851	0.613622
0.065977	0.694062
0.065563	0.786526
0.066232	0.737756
0.068665	0.950478
0.061025	1.108076
0.054452	1.316528
0.060197	1.369727
0.044183	1.389913
0.048179	1.484887
0.041077	1.533687
0.045963	1.277134
0.040709	1.247456
0.031187	1.026209
0.021270	1.412913
0.022144	1.197815
0.021146	1.193024
0.028439	0.982781
0.035820	0.835065
0.035927	0.753136
0.023229	0.778191
0.020934	0.673422
0.011914	0.801154
0.017247	0.745499
0.011717	0.579881
0.013468	0.730203
0.014641	0.712239
0.012135	0.629647
0.017018	0.520310
0.014740	0.686627
0.028124	0.460319
0.014511	0.667105
0.022292	0.586561
0.013775	0.590218
0.010657	0.422223
0.014502	0.623818
0.021040	0.564507
0.018543	0.375666
0.012779	0.310950
0.013919	0.205776
0.022821	0.423391
0.023292	0.274369
0.008692	0.637957
0.014274	0.469900
0.010745	0.619005
0.012448	0.886977
0.018234	0.692769
0.009083	1.165080
0.027041	0.783841
0.013811	1.232019
0.035523	0.924450
0.025838	0.769989
0.023340	0.698548
0.024141	0.682250
0.029381	0.749532
0.028701	0.707778
0.026261	0.644825
0.027206	0.749304
0.028891	0.663523
0.031767	0.744201
0.030385	0.822071
0.028611	0.634450
0.030225	0.774931
0.024270	0.640288
0.019437	0.426727
0.020479	0.466647
0.016852	0.491247
0.019915	0.629522
0.014276	0.495444
0.013854	0.579550
0.014181	0.549584
0.012227	0.499948
0.012581	0.541112
0.007096	0.358606
0.006400	0.498953
0.004993	0.443366
0.006874	0.257395
0.004329	0.386967
0.010189	0.285524
0.018269	0.316631
0.017166	0.307624
0.012542	0.278887
0.005784	0.491227
0.019728	0.561929
0.011545	0.516126
0.020332	0.268186
0.018983	0.258441
0.012602	0.261767
0.013302	0.961519
0.038634	0.356793
0.034168	0.337619
0.035975	0.496559
0.041763	0.452490
0.034516	0.798121
0.042509	0.804070
0.042343	0.695083
0.047749	0.686782
0.042519	0.736888
0.035635	0.725215
0.034661	0.539051
0.034855	0.881306
0.037762	0.776820
0.034179	0.845336
0.027172	0.954879
0.025472	1.455592
0.023125	1.506115
0.021182	1.483125
0.023380	1.561689
0.022467	1.901059
0.033041	2.080952
0.035859	2.520117
0.029945	2.198161
0.019275	1.472767
0.024105	1.512869
0.028299	1.450379
0.026611	1.562936
0.032219	1.794789
0.032454	1.395328
0.030185	1.176974
0.022714	1.206110
0.019162	1.136360
0.033525	1.720715
0.022751	1.627323
0.026889	1.477938
0.021521	1.236169
0.025592	1.420174
0.043015	2.134617
0.029719	1.717822
0.034372	1.909853
0.030177	2.069525
0.020776	1.359687
0.029087	1.825583
0.023408	1.579713
0.027623	1.552210
0.018057	1.316601
0.022634	1.686225
0.026315	1.889767
0.031264	2.136663
0.032050	2.246865
0.026528	1.839584
0.033853	2.130991
0.045779	2.347773
0.035584	1.943358
0.033896	2.021990
0.041005	2.043376
0.038918	2.026947
0.049426	2.188373
0.057735	2.418001
0.045489	1.982741
0.038750	1.850720
0.036430	1.879531
0.040872	1.838320
0.040058	1.683617
0.035857	1.598110
0.035783	1.301172
0.033225	1.008267
0.035060	0.875659
0.039456	0.951706
0.028675	0.608391
0.023081	0.540822
0.022755	0.566865
0.027102	0.508658
0.017357	0.475606
0.029818	0.628308
0.020013	0.488722
0.022675	0.457426
0.018276	0.405814
0.019006	0.419464
0.021371	0.500578
0.024934	0.775067
0.022885	0.673248
0.024473	0.811171
0.025112	0.801075
0.023753	0.675462
0.024402	0.723359
0.027390	0.685666
0.030133	0.663178
0.027137	0.476053
0.028045	0.611411
0.026529	0.499452
0.035520	0.188698
0.044316	0.134335
0.038097	0.715674
0.072761	0.816100
0.077840	1.268579
0.069211	1.672046
0.064399	1.331072
0.055650	0.802263
0.056019	0.926536
0.054767	0.953928
0.046770	0.812733
0.056603	0.933143
0.032482	0.610083
0.036303	0.788245
0.033616	0.912292
0.036252	0.735387
0.029051	0.524261
0.025236	0.242804
0.018907	0.115009
0.019779	0.489048
0.042668	0.783655
0.029295	0.365878
0.025583	0.334575
0.028094	0.374965
0.029220	0.629379
0.035191	1.257200
0.022737	1.095515
0.032896	1.119849
0.031705	1.056776
0.030583	0.954936
0.025330	1.018383
0.029945	1.101855
0.023092	0.854650
0.017202	0.709166
0.023834	0.732576
0.021578	0.709170
0.031638	0.946794
0.031920	0.945166
0.020120	0.581206
0.018121	0.537308
0.027553	0.744621
0.026441	0.619568
0.024743	0.506511
0.025618	0.702551
0.031166	0.497818
0.033441	0.207330
0.025294	0.627153
0.022947	0.586296
0.030613	0.767336
0.023575	0.656605
0.018700	0.363787
0.021703	0.404650
0.021809	0.345261
0.024489	0.336088
0.024114	0.286531
0.017300	0.440632
0.019776	0.272930
0.021786	0.167906
0.016797	0.505401
0.018816	0.358176
0.032917	0.452179
0.022295	0.213588
0.017525	0.438647
0.017345	0.266509
0.024768	0.118483
0.021394	0.313684
0.024387	0.223051
0.022806	0.216796
0.022371	0.384956
0.025315	0.406074
0.023866	0.186478
0.028311	0.297697
0.025495	0.660187
0.023756	0.538165
0.030715	0.605434
0.028549	0.577074
0.023200	0.387645
0.024621	0.405638
0.020603	0.462279
0.011060	0.915078
0.025537	0.576053
0.029860	0.553134
0.027930	0.519248
0.033699	0.669149
0.028910	0.803383
0.037377	0.379311
0.037096	0.577541
0.026630	0.710539
0.034871	0.267478
0.032922	0.272899
0.041184	0.288669
0.035364	0.394311
0.022670	0.450877
0.026790	0.244797
0.035229	0.750181
0.032051	0.494581
0.026721	0.493177
0.026566	0.443796
0.023651	0.381840
0.025133	0.372464
0.021109	0.221783
0.022724	0.467621
0.024467	0.228621
0.025761	0.328202
0.024939	0.431440
0.025171	0.142420
0.030021	0.365640
0.023611	0.266592
0.022441	0.226382
0.026363	0.397275
0.023994	0.504900
0.024052	0.543083
0.017174	0.365974
0.024841	0.441799
0.033112	0.540025
0.030375	0.573615
0.032343	0.554200
0.025829	0.363519
0.030842	0.605608
0.030585	0.711424
0.030509	0.516092
0.041525	0.655403
0.037500	0.698775
0.038990	0.623341
0.046641	0.752265
0.035438	0.718838
0.028505	0.650349
0.032537	0.590998
0.037546	0.649839
0.028931	0.536660
0.041103	0.561743
0.029979	0.559428
0.028967	0.492444
0.030077	0.551590
0.023084	0.212833
0.013405	0.229095
0.015897	0.219180
0.013371	0.314590
0.020516	0.515603
0.020778	0.469860
0.024123	0.414350
0.025001	0.343923
0.023730	0.381114
0.023636	0.345461
0.024000	0.302891
0.048305	1.121799
0.030218	0.433024
0.031518	0.656941
0.023191	0.520302
0.026760	0.604649
0.025428	0.715436
0.025624	0.598092
0.024568	0.617799
0.020302	0.819593
0.016031	0.700838
0.017990	0.586323
0.008486	0.574242
0.007108	0.555655
0.007967	0.931081
0.011629	0.781392
0.011559	0.464915
0.008897	0.630498
0.014804	0.539367
0.014439	0.517045
0.011352	0.499445
0.017293	0.371842
0.005367	0.302652
0.010710	0.507637
0.009750	0.383652
0.006382	0.461911
0.015329	0.484423
0.013660	0.628305
0.011655	0.311914
0.014565	0.487850
0.020911	0.602171
0.023453	0.543821
0.019071	0.564443
0.018034	0.648976
0.025758	0.491682
0.018825	0.733317
0.014378	0.631377
0.009382	0.617099
0.026118	0.689169
0.019130	0.837272
0.024709	0.700755
0.016880	0.657391
0.019529	0.579637
0.014561	0.750093
0.039712	1.568506
0.031861	0.869160
0.040943	0.766958
0.041553	0.685622
0.035164	0.475511
0.044776	0.334121
0.044484	0.367466
0.070502	0.722399
0.080847	0.840522
0.084070	0.522119
0.085895	0.870035
0.076327	0.886635
0.076298	0.879426
0.123563	1.443313
0.086264	1.336129
0.128274	1.462424
0.116953	1.494630
0.149730	2.014892
0.142077	1.812314
0.201297	2.414109
0.215161	2.118023
0.212530	2.536649
0.143618	2.122537
0.190817	2.627057
0.212389	2.850601
0.147315	2.247070
0.181804	2.352042
0.214260	2.688165
0.196371	2.011885
0.133055	1.942625
0.126974	1.939281
0.088901	1.459836
0.113580	1.709654
0.109242	1.655438
0.092115	1.470210
0.100360	1.854921
0.032975	1.628218
0.064772	2.084808
0.069280	2.644015
0.051311	2.464312
0.037521	2.364529
0.054774	2.037874
0.140177	1.405041
0.045112	1.628523
0.107477	2.452787
0.027013	1.554875
0.038765	1.094843
0.037826	1.124245
0.049048	0.629253
0.023813	0.603663
0.019901	0.385165
0.033860	0.518096
0.040933	0.773277
0.014378	0.332068
0.017412	0.245939
0.028956	0.374178
0.015173	0.224807
0.031859	0.471338
0.036850	0.383180
0.013057	0.193685
0.013729	0.231840
0.009644	0.254247
0.015075	0.279587
0.015413	0.319485
0.010190	0.520033
0.009788	0.377709
0.007435	0.127625
0.013466	0.184361
0.027522	0.538589
0.009829	0.267353
0.014773	0.218896
0.014007	0.476342
0.024884	0.395026
0.007902	0.394515
0.007610	0.345196
0.007715	0.361118
0.014025	0.311432
0.011336	0.369661
0.021219	0.398141
0.023759	0.564497
0.011100	0.206449
0.015691	0.407357
0.019922	0.206854
0.020422	0.622007
0.011837	0.207100
0.008593	0.184049
0.016049	0.059753
0.022690	0.289432
0.023443	0.242641
0.025774	0.242248
0.023142	0.184825
0.020517	0.153285
0.020652	0.292531
0.020084	0.210285
0.028699	0.269679
0.027621	0.235431
0.028733	0.359310
0.028136	0.303201
0.030299	0.430110
0.036990	1.142751
0.029559	0.602741
0.028057	0.457730
0.029171	0.382703
0.036912	1.283745
0.035333	0.639891
0.033598	0.314258
0.037180	0.404735
0.040584	0.577476
0.040295	0.479184
0.041465	0.446535
0.041005	0.409215
0.042498	0.503509
0.044767	0.550051
0.045964	0.637465
0.045447	0.714891
0.043138	0.645463
0.050305	0.840823
0.051435	0.863443
0.058090	1.176952
0.044086	0.898960
0.043825	1.006768
0.049717	0.974700
0.054174	1.069779
0.051729	1.373775
0.050910	1.624982
0.052973	0.903928
0.063636	1.109000
0.066917	1.160048
0.054486	0.973702
0.055368	0.887331
0.051459	0.901933
0.053942	0.877789
0.054727	0.765838
0.046019	0.513511
0.049024	0.652884
0.042410	0.689257
0.039696	0.597078
0.033398	0.562392
0.028788	0.447728
0.043892	0.510663
0.027283	0.404156
0.020536	0.176902
0.033478	0.175583
0.019606	0.238553
0.025003	0.434953
0.021682	0.530812
0.029030	0.320454
0.012972	0.267872
0.016748	0.126355
0.025829	0.350004
0.037174	0.713106
0.016191	0.390272
0.017324	0.104299
0.029842	0.027487
0.036031	0.440731
0.024983	0.399386
0.030414	0.359467
0.012677	0.407604
0.019526	0.349538
0.030303	0.513773
0.030832	0.680015
0.028039	0.453725
0.029911	0.598529
0.026457	0.573056
0.042342	0.836118
0.030368	0.728901
0.033357	0.641361
0.041787	0.907221
0.044423	1.095302
0.056290	1.014747
0.058175	1.125392
0.060980	1.267517
0.098710	1.838307
0.103291	1.799882
0.082359	1.791133
0.116643	2.171286
0.105816	1.882496
0.116743	1.991737
0.151059	2.341386
0.159996	2.427203
0.136089	2.269673
0.132677	2.429078
0.152422	2.737122
0.150045	2.698990
0.152754	2.863618
0.188490	3.301712
0.144937	2.712986
0.152438	2.692295
0.155997	2.638574
0.164122	2.576020
0.190869	2.838871
0.145607	2.235327
0.197982	2.565276
0.198785	2.590289
0.161295	2.295938
0.183895	2.545192
0.221841	2.700132
0.260137	2.956498
0.220029	2.745472
0.188885	2.605495
0.209844	2.628897
0.207895	2.398362
0.176318	2.123618
0.185037	2.128768
0.209736	2.405026
0.234626	2.439873
0.167798	1.957162
0.202472	2.153005
0.169527	2.002126
0.123386	1.930633
0.128614	1.912123
0.097470	1.386412
0.092343	1.394910
0.084759	1.293789
0.137945	1.771986
0.051446	1.140086
0.047606	1.097036
0.040046	0.802008
0.050716	1.078296
0.065010	0.599663
0.081771	0.493620
0.084106	0.246961
0.100725	0.810265
0.066120	1.078830
0.062456	0.911295
0.082470	1.076421
0.066172	1.052391
0.047065	0.654439
0.053155	0.627668
0.067854	0.850057
0.076263	0.798212
0.058375	0.882926
0.045115	0.809072
0.067302	0.420312
0.065891	0.346270
0.058294	0.284027
0.053432	0.387287
0.049757	0.518245
0.039422	0.586172
0.023845	0.599019
0.024671	0.564706
0.035800	0.655439
0.035342	0.986254
0.042074	0.759425
0.044763	0.884891
0.039263	0.801732
0.042652	0.568676
0.046041	0.664515
0.052024	0.812082
0.044667	0.677699
0.033682	0.574323
0.023451	0.468354
0.022205	0.541316
0.023586	0.605733
0.036765	0.631316
0.014963	0.644773
0.014733	0.689290
0.023216	1.007686
0.023962	0.984326
0.013625	0.872662
0.017096	1.108519
0.022215	1.100314
0.029536	1.082260
0.025501	1.384277
0.033560	1.764999
0.027655	1.412954
0.028210	1.345429
0.026918	1.345806
0.021600	1.029603
0.025159	0.885774
0.024622	1.075887
0.023877	0.991679
0.026772	0.970228
0.025056	0.633606
0.017266	0.290036
0.014030	0.439290
0.022244	0.530675
0.038297	0.167087
0.026658	0.887950
0.029039	0.774746
0.039377	0.955911
0.043943	0.487396
0.030918	0.902780
0.040291	1.127660
0.032913	1.087777
0.025611	0.819177
0.030829	0.948156
0.039112	0.944276
0.041844	1.634288
0.058420	0.833573
0.056888	1.082854
0.054985	1.327507
0.051179	1.267102
0.053132	0.989197
0.064292	1.407516
0.042239	0.909116
0.041773	1.067592
0.036963	1.056619
0.032598	1.353409
0.027068	1.441528
0.019554	1.384691
0.024927	1.533223
0.030962	1.340708
0.029327	1.408577
0.038005	1.131791
0.043254	1.252519
0.043708	1.259674
0.046120	1.457042
0.053869	1.535798
0.074335	1.783581
0.074412	2.347392
0.086247	1.935613
0.108775	2.068666
0.162725	2.938734
0.260666	5.096577
0.303247	5.707531
0.355213	6.866922
0.365288	6.855206
0.601800	10.769449
0.642389	10.649414
0.948769	14.925988
0.697518	11.445609
1.483495	23.459241
1.376575	21.889991
1.708741	27.600287
1.562505	24.498422
2.564180	45.164062
1.092312	18.390071
0.742910	12.504698
0.569541	9.803488
0.371474	6.906953
0.251801	5.603701
0.247142	5.065557
0.171519	4.063342
0.185106	3.857284
0.184296	4.048398
0.096361	2.915787
0.069463	2.614092
0.095737	2.748718
0.073521	2.517648
0.099240	2.478535
0.103132	2.666210
0.093379	2.183704
0.020870	1.894832
0.005707	1.796295
0.012098	1.844899
0.013169	2.012412
0.017070	1.731710
0.024628	1.823189
0.028543	1.710197
0.017250	1.643986
0.027416	1.809757
0.044170	1.578125
0.042101	1.281905
0.043646	1.189686
0.052191	1.041608
0.055646	0.647101
0.029194	0.581189
0.041934	0.754527
0.058887	0.800772
0.058745	0.926269
0.055786	0.806280
0.078139	1.002096
0.068749	0.929499
0.068553	0.888185
0.071528	0.794138
0.075205	0.924968
0.075130	0.982091
0.067654	0.984339
0.073979	0.912233
0.067448	1.040884
0.049985	0.964290
0.066991	1.090182
0.049998	1.112596
0.052867	1.355515
0.030489	1.212106
0.041933	1.599854
0.034840	1.261875
0.035677	1.325852
0.037334	1.208484
0.014840	1.198465
0.020037	1.352958
0.014497	1.645973
0.022387	1.259209
0.007957	1.208500
0.014958	1.210920
0.016367	1.320745
0.012301	0.605027
0.013606	0.742006
0.008649	0.760287
0.042022	1.328029
0.053819	1.007417
0.047400	0.988965
0.056800	1.087742
0.053937	1.146861
0.059076	1.110144
0.055353	1.150945
0.045507	1.170196
0.039716	0.819845
0.039035	1.122998
0.029206	1.238052
0.031995	0.870791
0.030886	0.916560
0.016600	0.849851
0.014788	0.840819
0.004637	0.587860
0.004509	0.608491
0.005554	0.758125
0.002902	0.725731
0.009977	0.571245
0.011887	0.363121
0.005261	0.628674
0.014517	0.636370
0.024537	0.727383
0.013149	0.669506
0.018333	0.666857
0.016774	0.821519
0.017289	0.820281
0.033392	1.064253
0.032410	0.959373
0.026722	0.844563
0.019756	0.587555
0.037075	0.876553
0.036020	0.810369
0.041230	1.198812
0.034617	0.962010
0.027714	1.128395
0.030776	1.092294
0.038799	1.048471
0.046359	1.387001
0.031437	1.221429
0.035254	1.102294
0.044956	1.125458
0.033163	0.806733
0.026309	0.892592
0.030957	0.818090
0.029395	0.532552
0.028375	0.336292
0.024087	0.281431
0.025112	0.334126
0.022482	0.437914
0.027073	0.888558
0.019213	0.959537
0.015021	0.813300
0.010548	0.712468
0.009280	0.548004
0.007275	0.553550
0.015757	0.209412
0.018662	0.340960
0.021442	0.352218
0.024142	0.440312
0.033425	0.545568
0.033619	0.744144
0.026174	0.684714
0.034589	0.677681
0.027664	0.478308
0.032357	0.579435
0.039076	0.773199
0.036334	0.593662
0.028706	0.753468
0.032942	0.745149
0.036057	0.926773
0.027789	0.933214
0.031416	0.990010
0.032513	0.944849
0.034367	1.190295
0.034447	0.881989
0.025989	0.693265
0.027374	0.733965
0.030072	0.870472
0.036848	1.082769
0.031631	1.143697
0.031191	0.800296
0.029651	0.935539
0.027854	0.807838
0.036260	0.989835
0.033910	0.997599
0.025613	0.765900
0.024888	0.857133
0.024943	0.715537
0.022318	0.742560
0.042872	1.294731
0.027547	0.929991
0.022753	0.445107
0.015230	0.359755
0.017650	0.274517
0.026451	0.290549
0.013585	0.513851
0.013811	0.525910
0.009012	0.497589
0.016164	1.230042
0.009927	0.515871
0.009223	0.627352
0.009415	0.542955
0.011588	0.563840
0.009211	0.532037
0.004904	0.554925
0.010226	0.504162
0.011377	0.733733
0.011968	0.731770
0.008979	0.703712
0.009891	0.500443
0.014751	0.603653
0.017307	0.491754
0.014671	0.600146
0.012574	0.463533
0.013430	0.442579
0.013151	0.322601
0.020100	0.352230
0.027017	0.493426
0.022580	0.359829
0.016757	0.272307
0.022672	0.311474
0.018686	0.428840
0.019399	0.401729
0.020726	0.454899
0.016805	0.441432
0.016076	0.335921
0.017900	0.313718
0.027784	0.531694
0.025798	0.497635
0.026223	0.375708
0.030444	0.539877
0.030207	0.332745
0.029799	0.329278
0.037641	0.392697
0.030798	0.270908
0.030091	0.326229
0.028440	0.381155
0.030478	0.315242
0.029617	0.383527
0.033002	0.380922
0.036519	0.558728
0.032609	0.504433
0.034421	0.476444
0.037571	0.590893
0.037551	0.658370
0.040046	0.686369
0.036037	0.633338
0.035672	0.648782
0.037660	0.683163
0.032245	0.496951
0.045062	0.911955
0.046077	0.844155
0.045211	0.870516
0.044522	0.894326
0.042986	0.986836
0.057675	1.098629
0.065712	1.193796
0.064549	1.268982
0.071714	1.411889
0.059829	1.275746
0.069145	1.373809
0.056961	1.030791
0.058018	0.938439
0.060087	1.025273
0.056318	0.946141
0.052824	0.897981
0.049463	0.854809
0.068156	1.284887
0.076575	1.072871
0.067155	1.154335
0.056551	0.956215
0.056851	0.918079
0.060110	1.002159
0.063890	1.072273
0.051969	0.703025
0.042513	0.599888
0.046530	0.714748
0.024768	0.626800
0.014086	0.418274
0.020946	0.594105
0.030792	0.635771
0.014386	0.501582
0.016135	0.596544
0.025963	0.539503
0.047145	0.546662
0.056426	0.826509
0.027751	0.563402
0.052208	0.422391
0.017057	0.448856
0.027897	0.169680
0.019692	0.444374
0.024049	0.683011
0.052452	0.392518
0.051563	0.652546
0.051767	0.576264
0.057203	0.552877
0.056751	1.171047
0.080968	1.785712
0.086821	1.945211
0.108881	2.168728
0.143337	2.491890
0.098682	2.097126
0.095400	2.263031
0.090967	2.448182
0.094206	2.084562
0.128946	2.468482
0.141764	2.517625
0.179973	3.024448
0.191934	3.393958
0.202877	3.262590
0.162308	3.046851
0.204223	3.259895
0.228781	3.654138
0.273141	4.011845
0.313204	4.307570
0.289772	4.398213
0.247770	3.844667
0.244533	4.159929
0.192474	3.555968
0.187190	3.568834
0.194472	3.651510
0.202329	3.553443
0.222243	3.716823
0.215873	3.814236
0.204944	3.617293
0.244937	3.899544
0.289694	4.577481
0.248134	3.992212
0.242717	4.041905
0.282313	4.270478
0.221181	3.683836
0.230489	3.816150
0.209652	3.680850
0.214953	3.493860
0.214628	3.387133
0.207594	3.393700
0.171633	3.023446
0.163440	2.908741
0.191535	2.993739
0.130376	2.364018
0.140732	2.307434
0.161556	2.411540
0.133057	2.302431
0.130579	2.194028
0.084599	1.893297
0.057734	1.522429
0.054796	1.393396
0.044309	1.099123
0.047176	1.154520
0.052332	1.435417
0.046215	1.042966
0.053897	0.413976
0.050612	0.491409
0.036412	0.844951
0.034500	0.642549
0.044993	0.531654
0.028380	0.362993
0.029320	0.235143
0.039157	0.119672
0.063825	0.462112
0.070973	0.611825
0.074593	0.658345
0.069036	0.802879
0.061966	0.619234
0.044766	0.535516
0.038065	0.558448
0.034858	0.980196
0.036510	0.427136
0.042665	0.620896
0.036072	0.620651
0.079232	1.309881
0.047434	0.549707
0.026967	0.525615
0.056564	0.499196
0.060511	0.496007
0.047991	0.467835
0.032592	0.339755
0.049812	0.483708
0.036657	0.537357
0.027830	0.486298
0.022107	0.512633
0.047724	0.789011
0.021564	0.347366
0.016605	0.400691
0.013452	0.323112
0.020232	0.193630
0.011318	0.668341
0.005359	0.501998
0.031125	0.473640
0.024680	0.640283
0.025715	0.844121
0.010369	0.843204
0.024314	1.021736
0.026123	0.995162
0.018967	0.761177
0.025841	1.062173
0.025306	1.222364
0.018997	1.102751
0.017600	1.116431
0.030423	1.746211
0.012135	1.220139
0.011506	1.542882
0.030934	1.128608
0.012840	1.409634
0.005768	1.352500
0.007317	1.499966
0.015543	1.027919
0.019967	1.830024
0.021679	1.418603
0.030513	1.747613
0.038570	1.695208
0.036665	1.872841
0.040728	1.451533
0.046884	1.609813
0.065163	1.752874
0.073478	2.116810
0.058721	2.336107
0.069037	2.391547
0.091754	2.616531
0.066354	2.461021
0.068418	2.625392
0.059279	2.670169
0.090668	2.890321
0.077583	2.669448
0.067784	2.575246
0.039816	2.768078
0.062563	2.527265
0.056781	2.637053
0.054825	3.248031
0.047953	3.314203
0.063540	2.929314
0.053778	2.826082
0.050220	2.856038
0.052770	2.713737
0.049866	2.501653
0.032414	2.157604
0.020201	2.009421
0.024931	2.036632
0.039252	2.257481
0.031291	2.201656
0.051421	2.466720
0.060236	2.544590
0.059203	2.359224
0.054240	1.970878
0.044264	1.414470
0.043292	1.376189
0.039670	1.233118
0.045159	1.139404
0.052599	1.272014
0.029871	0.633395
0.039801	0.869371
0.032722	0.773087
0.026042	0.588985
0.023817	0.643340
0.013772	0.461955
0.020433	0.520602
0.031009	0.629134
0.036491	0.574892
0.005811	0.224311
0.013310	0.264013
0.029609	0.425979
0.018958	0.247270
0.019248	0.530912
0.008783	0.472839
0.024177	0.267003
0.019997	0.314731
0.006113	0.336145
0.014301	0.166963
0.014226	0.158482
0.023073	0.170633
0.012267	0.197927
0.027917	0.302817
0.014576	0.268430
0.011549	0.160832
0.006762	0.252225
0.007101	0.378761
0.006064	0.315117
0.010082	0.321997
0.009033	0.230680
0.014183	0.248644
0.011612	0.105878
0.012809	0.190703
0.011119	0.186992
0.012637	0.746237
0.007527	0.381505
0.007943	0.416550
0.009355	0.408662
0.010116	0.369339
0.019103	0.747826
0.018502	0.383109
0.016360	0.377078
0.018193	0.558546
0.022573	0.590044
0.016135	0.556103
0.011941	0.720269
0.018981	0.470453
0.013120	0.530288
0.004569	0.572139
0.006721	0.526159
0.006839	0.502824
0.008071	0.532754
0.013965	0.567014
0.008544	0.527382
0.012616	0.485471
0.029972	0.579497
0.019801	0.717762
0.018954	0.625860
0.012009	0.580446
0.020841	0.476733
0.017445	0.580099
0.018469	0.425817
0.017600	0.750151
0.022733	0.564751
0.019107	0.804059
0.020013	0.545942
0.015066	0.591967
0.017555	0.365634
0.028742	0.843052
0.024810	0.452171
0.028527	0.576728
0.026529	0.491957
0.028694	0.490555
0.026639	0.452840
0.014260	0.516974
0.017434	0.608609
0.017878	0.612450
0.021723	0.433701
0.016440	0.577155
0.018829	0.659119
0.022344	0.687261
0.028934	0.755958
0.021695	0.718000
0.018914	0.765649
0.015505	0.549106
0.025889	0.588557
0.030467	0.386141
0.025059	0.526060
0.046222	0.603212
0.046306	0.598299
0.038713	0.630434
0.036187	0.527452
0.035649	0.608847
0.029690	0.599637
0.026036	0.524273
0.014558	0.513423
0.006919	0.498683
0.009039	0.619743
0.012807	0.560855
0.002785	0.804765
0.005509	0.676965
0.003656	0.723158
0.001423	0.626919
0.004593	0.730593
0.008028	0.787038
0.011656	0.755168
0.005552	0.689963
0.015797	0.501120
0.004472	0.583676
0.003969	0.678044
0.005168	0.577946
0.002489	0.665240
0.009748	0.454221
0.013122	0.591564
0.014463	0.891380
0.015302	0.796265
0.016705	0.987155
0.022476	0.734264
0.017531	1.511332
0.011735	0.745523
0.010911	0.903922
0.011589	0.878617
0.013023	0.794236
0.011080	0.833052
0.009440	1.045988
0.013261	0.745996
0.015586	0.974207
0.012547	0.929275
0.003223	1.444402
0.014174	1.025859
0.023814	0.962793
0.010773	0.859621
0.015352	0.978184
0.030002	0.700042
0.023688	0.767647
0.022095	0.791065
0.021028	0.698778
0.020110	0.792082
0.022051	0.812320
0.029313	0.947673
0.017044	1.065122
0.015807	0.978765
0.025138	0.670300
0.022117	0.853370
0.021301	0.899639
0.027390	1.019842
0.017767	1.163738
0.021340	0.809300
0.023051	0.772795
0.019856	0.865963
0.027828	0.937691
0.024459	0.882035
0.023723	0.805691
0.027284	0.789357
0.019460	0.741748
0.018384	0.731293
0.019599	0.731834
0.020067	0.655624
0.021143	1.145541
0.015991	0.601851
0.020600	0.473735
0.013486	0.434944
0.016111	0.411189
0.012326	0.372684
0.013212	0.318312
0.008582	0.331321
0.016100	0.467036
0.017082	0.399839
0.016441	0.376863
0.017381	0.530576
0.018477	0.541316
0.019579	0.481863
0.019871	0.594981
0.023366	0.477102
0.022538	0.431473
0.019466	0.509505
0.028106	0.324011
0.027368	0.417285
0.035814	0.344520
0.031525	0.339770
0.034337	0.338007
0.030292	0.384089
0.035041	0.235236
0.041167	0.270707
0.039990	0.374074
0.034806	0.180663
0.040635	0.097737
0.045520	0.154163
0.044372	0.221089
0.036832	0.246221
0.043001	0.209076
0.049607	0.236259
0.046175	0.197300
0.050372	0.194596
0.041231	0.136993
0.043202	0.353837
0.043516	0.339932
0.038756	0.380603
0.036978	0.473038
0.034216	0.304714
0.044302	0.381409
0.030919	0.237147
0.034465	0.381963
0.030606	0.233872
0.031516	0.259431
0.032561	0.164182
0.034366	0.172214
0.026930	0.109182
0.020933	0.235267
0.026458	0.410353
0.023500	0.254888
0.024395	0.195894
0.021714	0.169253
0.028558	0.306331
0.026744	0.301580
0.023233	0.251923
0.027535	0.316984
0.024530	0.276525
0.029167	0.425692
0.028336	0.455646
0.024746	0.386188
0.020003	0.341382
0.020447	0.425839
0.024643	0.567683
0.021088	0.503446
0.025709	0.526133
0.025881	0.471353
0.025152	0.836737
0.031957	0.778097
0.030753	0.735467
0.035211	0.787185
0.041674	0.831031
0.036821	0.751559
0.040848	0.880125
0.045437	0.939928
0.038619	0.770411
0.035680	0.846147
0.055124	1.000600
0.040217	1.047047
0.042082	0.950302
0.045544	1.007005
0.042280	1.058338
0.032573	0.923729
0.033905	0.760421
0.040557	0.759698
0.038946	0.893910
0.037674	0.794283
0.037146	0.907220
0.037732	0.838169
0.039806	0.769710
0.043632	0.904028
0.043498	0.946149
0.038517	0.803961
0.032820	0.549466
0.035674	0.649881
0.041213	0.849494
0.036751	0.802400
0.037534	0.645586
0.033625	0.628282
0.030681	0.534771
0.034261	0.704635
0.033622	0.744445
0.041451	1.196812
0.036478	0.786147
0.036585	0.814635
0.041093	0.949524
0.040575	1.008678
0.035205	1.064911
0.034946	0.931134
0.040798	1.085422
0.035760	1.315712
0.038106	1.379020
0.033683	1.059236
0.039101	1.442092
0.039405	1.402699
0.041622	1.350230
0.044360	1.218792
0.044637	1.578765
0.050285	1.615715
0.048491	1.557150
0.048942	1.371261
0.050648	1.494581
0.041887	1.335718
0.044362	1.504685
0.047833	1.666128
0.045440	1.582119
0.040746	1.753928
0.048318	1.672051
0.048361	2.189578
0.038872	1.809660
0.048357	1.799110
0.046648	1.574887
0.052809	2.024559
0.057959	1.898748
0.053836	1.884567
0.055430	2.121702
0.061814	2.622134
0.056160	2.211439
0.070270	2.647291
0.063068	2.306420
0.047295	1.988907
0.050220	2.329941
0.049665	2.016975
0.052972	2.139095
0.053888	1.990050
0.058368	2.065660
0.052398	2.198322
0.058146	2.252235
0.059534	2.192340
0.060511	1.900445
0.065835	2.157884
0.062885	2.235530
0.056656	1.982205
0.065441	2.051365
0.069238	1.676317
0.059049	1.597369
0.077768	1.867489
0.083372	1.826046
0.075954	1.729322
0.088906	1.980549
0.086083	1.879162
0.076954	1.554014
0.095886	1.619665
0.097218	1.664307
0.081165	1.453346
0.084081	1.350666
0.112187	1.570111
0.112836	1.525013
0.112223	1.591904
0.096454	1.409014
0.100609	1.352186
0.085748	1.094691
0.101343	1.462261
0.086537	1.225436
0.087608	1.384765
0.083005	1.506248
0.075978	1.368856
0.059516	1.312730
0.073649	1.447974
0.078853	1.504265
0.068050	1.493394
0.087363	1.510653
0.081318	1.476870
0.082578	1.361903
0.068634	1.714189
0.063876	1.839373
0.074649	1.603664
0.068267	1.720534
0.076616	1.660219
0.077382	1.646457
0.075385	1.826631
0.086836	1.637792
0.077272	1.588960
0.084825	1.743466
0.074601	1.621509
0.070691	1.921871
0.082073	1.670526
0.084971	1.746788
0.072229	1.641913
0.069555	1.713203
0.059957	1.870553
0.058151	1.874171
0.053317	1.937464
0.060276	1.792990
0.048877	1.532000
0.055090	1.388889
0.046275	1.474023
0.044706	1.608540
0.054491	1.637317
0.059811	1.603245
0.050256	1.480730
0.051133	1.475012
0.062731	1.054121
0.048935	1.257888
0.049722	1.316282
0.061056	1.013222
0.038924	1.025674
0.057302	1.081959
0.043169	1.127839
0.036595	1.125378
0.040931	1.257014
0.051870	0.930516
0.044032	1.250049
0.045971	1.260702
0.037613	1.020338
0.054125	0.979253
0.046168	1.334563
0.047538	1.018034
0.062714	1.055023
0.053437	1.165245
0.048377	0.896850
0.045706	1.015948
0.046989	1.108788
0.036217	1.191535
0.053900	0.843346
0.033195	0.951389
0.058957	0.589449
0.060941	0.752250
0.055986	0.662118
0.067046	0.719550
0.062854	0.719489
0.049715	0.567599
0.052482	0.713575
0.069224	0.605430
0.066899	0.337011
0.058084	0.762586
0.106080	0.660248
0.089932	0.764171
0.096077	0.746103
0.126264	0.744398
0.111132	0.705730
0.114689	0.528429
0.107098	0.562110
0.052094	2.068010
0.044051	1.230685
0.060005	1.340368
0.056354	1.136992
0.058548	1.246213
0.068593	1.157492
0.077329	1.568661
0.069438	1.224088
0.079488	1.373122
0.087306	1.546895
0.075052	1.695172
0.083874	1.729345
0.070939	1.401126
0.071371	1.496126
0.062620	1.323056
0.064532	1.208138
0.068447	1.311000
0.066790	1.363537
0.058214	1.263320
0.060326	1.097437
0.060129	1.074824
0.059691	0.998580
0.060917	0.976338
0.066845	0.754376
0.073060	0.753949
0.065339	0.642885
0.061195	0.750127
0.065498	0.674764
0.059994	0.729955
0.054656	0.819628
0.050769	0.841385
0.053520	0.886340
0.051796	0.880112
0.041176	0.613832
0.034509	0.458002
0.026088	0.461217
0.032227	1.032527
0.027748	0.492970
0.028833	0.640852
0.029585	0.586537
0.025366	0.434122
0.024262	0.465373
0.026590	0.360054
0.032214	0.582000
0.030014	0.580148
0.034472	0.598755
0.033815	0.728454
0.033583	0.653828
0.029652	0.639078
0.029082	0.621210
0.030480	0.578785
0.036382	0.802786
0.039421	0.839291
0.033418	0.794393
0.037615	0.792772
0.039662	0.882010
0.030621	0.770968
0.027362	0.706386
0.029608	0.809961
0.027701	0.780412
0.027197	0.668473
0.024467	0.548056
0.022649	0.585992
0.019345	0.534055
0.017478	0.600911
0.022283	0.608255
0.018341	0.661529
0.019054	0.521879
0.015970	0.624810
0.016209	0.696470
0.017989	0.578795
0.021454	0.860794
0.013939	0.613895
0.019649	0.692285
0.015760	0.623783
0.013769	0.388417
0.016716	0.521613
0.016189	0.626252
0.020737	0.694474
0.016482	0.707199
0.019395	0.767156
0.014521	0.661794
0.006642	0.487450
0.015235	0.665607
0.009715	0.473547
0.010708	0.539666
0.010921	0.456140
0.009258	0.531029
0.010992	0.372391
0.014173	0.404405
0.019957	0.353304
0.009520	0.502441
0.007758	0.643142
0.009583	0.468032
0.014904	0.501100
0.012734	0.499279
0.012500	0.426359
0.011980	0.549037
0.016132	0.633670
0.016466	0.557137
0.015135	0.642657
0.014613	0.673002
0.014250	0.532754
0.013495	0.408332
0.014801	0.651832
0.015346	0.586914
0.021915	0.544170
0.020744	0.460941
0.025371	0.519395
0.035006	0.590030
0.029314	0.732296
0.021842	0.645681
0.023399	0.705295
0.024779	1.316252
0.027326	0.940974
0.025999	0.873374
0.022039	1.064689
0.022848	0.874614
0.022466	0.847438
0.018088	0.438816
0.018161	0.503667
0.020312	0.408256
0.022091	0.547349
0.029202	0.610555
0.024588	0.638740
0.022328	0.697810
0.025773	0.789036
0.029150	1.029812
0.037128	1.142991
0.043104	1.184900
0.041438	1.151423
0.039691	1.175391
0.045408	1.052790
0.037386	1.053337
0.037470	1.584540
0.033746	1.561354
0.036541	1.621369
0.028975	1.634533
0.047732	1.810230
0.041160	1.660376
0.046770	1.609496
0.042835	1.668054
0.033737	1.441895
0.041059	1.408863
0.051398	1.191974
0.040394	0.776100
0.038351	0.879148
0.037505	1.067139
0.047446	1.086738
0.036877	1.309633
0.046721	0.954932
0.035769	1.142651
0.029445	1.144323
0.031064	0.941688
0.035252	0.981238
0.029423	0.898891
0.022720	1.109941
0.021644	1.132648
0.027142	1.119786
0.022652	1.375492
0.019192	1.307999
0.019634	1.099269
0.027143	1.429018
0.019843	1.322660
0.020784	1.367255
0.028685	1.599745
0.035183	1.691715
0.028546	1.438566
0.031653	1.561905
0.020073	1.195320
0.029048	1.244768
0.028131	1.140521
0.022325	1.189576
0.029259	1.287071
0.022496	1.287781
0.028547	1.344384
0.027919	1.289795
0.026375	1.394211
0.027291	1.252003
0.027516	1.295094
0.027422	1.288958
0.031790	1.372463
0.026113	1.390425
0.027291	1.270635
0.017120	1.234751
0.022049	1.175587
0.024556	1.200597
0.019359	0.812826
0.015230	0.896949
