0.039458	0.681387
0.041996	0.770730
0.039455	0.740929
0.040342	0.749851
0.039582	0.710058
0.043773	0.848162
0.041624	0.786171
0.046705	0.933592
0.042583	0.824640
0.045672	0.885358
0.045656	0.886092
0.036866	0.734142
0.041366	0.881536
0.033351	0.734880
0.036141	0.746981
0.022182	0.414085
0.023048	0.449180
0.016405	0.325668
0.023775	0.677702
0.007076	0.427681
0.009927	0.463121
0.002714	0.386290
0.009935	0.510289
0.006096	0.242671
0.008739	0.336013
0.009170	0.249927
0.004578	0.344260
0.010609	0.308931
0.014366	0.493338
0.011863	0.466581
0.014198	0.447080
0.008566	0.350749
0.012830	0.451290
0.013200	0.322368
0.028189	0.742100
0.017038	0.464883
0.016268	0.449890
0.013725	0.344412
0.014092	0.353569
0.008242	0.327522
0.015900	0.697622
0.013914	0.089248
0.011089	0.097901
0.015829	0.519816
0.016323	0.484467
0.006719	0.102313
0.013121	0.250808
0.009933	0.376420
0.010209	0.348388
0.011024	0.210089
0.009814	0.241626
0.005102	0.237669
0.008017	0.216524
0.012658	0.335724
0.009611	0.161011
0.008523	0.204990
0.013784	0.174122
0.010089	0.157383
0.008146	0.150467
0.008837	0.216725
0.010192	0.093635
0.006169	0.138257
0.008533	0.172004
0.009382	0.114722
0.005406	0.121174
0.008518	0.145598
0.007677	0.394839
0.001089	0.199787
0.005279	0.101667
0.005097	0.031060
0.011211	0.324079
0.010449	0.256438
0.010484	0.152317
0.011273	0.262904
0.009259	0.334410
0.014696	0.428494
0.018752	0.566254
0.022160	0.678636
0.027458	0.932674
0.027256	0.950658
0.023613	0.724939
0.024872	0.857461
0.013531	0.378346
0.005718	0.078031
0.008388	0.160969
0.010676	0.380435
0.007080	0.148501
0.006733	0.131648
0.012943	0.321318
0.011511	0.313678
0.010330	0.230116
0.008650	0.187251
0.016736	0.446944
0.024049	0.741691
0.017517	0.222512
0.016507	0.106353
0.022315	0.622698
0.032329	0.962164
0.024433	0.712983
0.019819	0.142230
0.019490	0.329244
0.026203	0.555804
0.030852	0.532878
0.029631	0.377467
0.026004	0.377722
0.030095	0.532095
0.024134	0.339300
0.019266	0.278850
0.017545	0.248560
0.013204	0.217718
0.011955	0.570474
0.012699	0.328026
0.016282	0.424423
0.015624	0.393427
0.013928	0.452527
0.018097	0.543603
0.019032	0.509850
0.018426	0.621554
0.021989	0.728905
0.014880	0.448079
0.018052	0.487965
0.016682	0.479406
0.021388	0.554694
0.014928	0.311574
0.018651	0.318916
0.016769	0.208954
0.018575	0.431281
0.014952	0.378575
0.015030	0.220865
0.016618	0.293815
0.020007	0.352708
0.021859	0.484505
0.024861	0.499603
0.020762	0.330346
0.023816	0.264439
0.031027	0.155980
0.031025	0.271571
0.030061	0.210329
0.032711	0.161615
0.035073	0.220831
0.036675	0.217621
0.040353	0.174191
0.035628	0.137451
0.040272	0.167716
0.037491	0.255720
0.032032	0.266863
0.034532	0.214715
0.035840	0.308782
0.036079	0.184488
0.041665	0.251598
0.034259	0.236486
0.035042	0.206625
0.037935	0.310013
0.035236	0.248980
0.037470	0.369538
0.036955	0.540986
0.037152	0.349351
0.039506	0.241874
0.039317	0.337473
0.036945	0.265168
0.036095	0.305445
0.041440	0.376690
0.037483	0.261437
0.025266	0.298688
0.028992	0.967337
0.028939	1.178183
0.030179	1.254981
0.034765	1.382584
0.032252	1.173265
0.017950	0.814253
0.019256	0.916241
0.020794	0.795873
0.020008	0.445255
0.025661	0.407878
0.020813	0.234587
0.024505	0.297772
0.026395	0.310881
0.034491	0.767235
0.037758	0.724189
0.033709	0.361106
0.035984	0.464181
0.045904	0.715607
0.030161	0.583705
0.037286	0.661605
0.041195	0.833560
0.030387	0.664142
0.040340	0.870953
0.031112	0.658196
0.028179	0.616740
0.027130	0.633377
0.018006	0.511193
0.019889	0.593437
0.012930	0.519367
0.014063	0.510661
0.022707	0.815572
0.014126	0.817067
0.007430	0.741822
0.015304	0.822131
0.015739	0.817723
0.015630	0.924419
0.013535	0.948369
0.022623	1.183756
0.019278	0.766041
0.022531	0.727444
0.017794	0.627436
0.020048	0.620753
0.023112	1.025301
0.009293	0.237896
0.010697	0.222004
0.012897	0.190069
0.022026	0.421507
0.017668	0.353095
0.016030	0.318288
0.025571	0.467929
0.024859	0.541084
0.024160	0.520211
0.019133	0.465583
0.021528	0.507873
0.026051	0.575075
0.027462	0.628133
0.034026	0.697762
0.027727	0.528946
0.034348	0.683235
0.031746	0.638634
0.033961	0.729941
0.034590	0.841971
0.030130	0.723971
0.031006	0.784494
0.037274	0.899459
0.038876	0.818520
0.036939	0.896990
0.027028	0.771487
0.027697	0.694687
0.017546	0.487312
0.029832	0.638883
0.022913	0.652563
0.021330	0.575215
0.027898	0.630489
0.023044	0.778808
0.018091	0.579877
0.020251	0.544610
0.020970	0.684840
0.016671	0.634014
0.015193	0.561303
0.017740	0.591198
0.018155	0.651098
0.018463	0.632461
0.020530	0.897516
0.023092	0.772356
0.025464	0.709756
0.022029	0.736758
0.018404	0.720148
0.020867	0.761840
0.023815	0.893299
0.018949	0.719562
0.018214	0.679533
0.018954	0.652364
0.016636	0.648462
0.016262	0.602910
0.015589	0.519813
0.014519	0.383887
0.015107	0.559634
0.013986	0.426881
0.012334	0.244432
0.014151	0.344772
0.017064	0.461494
0.013978	0.417837
0.017447	0.398572
0.015786	0.380246
0.019541	0.440825
0.015313	0.468067
0.017628	0.476704
0.020769	0.495632
0.021105	0.595524
0.018444	0.512831
0.021717	0.562380
0.022330	0.565342
0.022741	0.555058
0.022232	0.576544
0.019013	0.631393
0.021532	0.488600
0.024681	0.548088
0.022175	0.608143
0.023633	0.677484
0.025898	0.641421
0.029275	0.721125
0.018173	0.562667
0.020857	0.476522
0.021310	0.364578
0.022916	0.496669
0.021688	0.669618
0.020079	0.552208
0.024926	0.645371
0.027619	0.779270
0.026058	0.786323
0.032161	0.966289
0.035523	1.094731
0.034903	1.128838
0.031524	1.053532
0.028231	0.920133
0.030161	1.060999
0.032097	1.041526
0.031734	1.009507
0.030163	0.967306
0.030082	1.046283
0.025762	0.654845
0.031496	1.124437
0.027137	0.903643
0.032232	1.047319
0.027305	0.904865
0.038569	1.256494
0.037819	1.072046
0.042535	1.068797
0.032340	0.580504
0.032840	0.593892
0.036596	0.685954
0.040270	0.735769
0.048505	0.878437
0.050591	1.013787
0.042971	0.877825
0.046119	0.974519
0.044168	0.990440
0.048208	1.090926
0.049399	1.142349
0.053504	1.300218
0.058343	1.471952
0.043139	1.010806
0.048330	1.194959
0.040952	0.931520
0.035468	0.777983
0.027838	0.503403
0.033670	1.691744
0.032110	0.592545
0.028325	0.368284
0.022658	0.445750
0.022212	0.303330
0.021558	0.413850
0.020949	1.383863
0.018637	0.451965
0.017763	0.565248
0.015643	0.576670
0.018932	0.618707
0.019026	0.552099
0.017850	0.502176
0.017514	0.489440
0.018607	0.621245
0.017995	0.579663
0.016520	0.531392
0.016882	0.580773
0.016868	0.573132
0.022573	0.704609
0.025289	0.802971
0.018542	0.689773
0.017548	0.779320
0.017076	0.765057
0.015073	1.246762
0.017155	0.973478
0.014977	0.617861
0.015458	0.885259
0.014816	0.707224
0.018329	0.718457
0.016753	0.647267
0.018712	0.634648
0.015992	0.526391
0.016247	0.546095
0.015365	0.560384
0.011812	0.437704
0.008942	0.402621
0.008914	0.533039
0.010246	0.534433
0.013875	0.670740
0.010389	0.354287
0.013190	0.240700
0.011480	0.304224
0.013043	0.259100
0.012738	0.257163
0.017620	0.372739
0.017983	0.417791
0.013406	0.297125
0.015964	0.340738
0.016738	0.422147
0.016397	0.414714
0.016117	0.335498
0.016588	0.240042
0.016855	0.253449
0.016530	0.239257
0.017517	0.259936
0.019085	0.366401
0.023546	0.457900
0.029230	0.562746
0.023312	0.423303
0.014404	0.339492
0.014401	0.347130
0.013694	0.274453
0.017436	0.447716
0.017603	0.536724
0.013913	0.431147
0.017448	0.399876
0.018236	0.382913
0.015295	0.323236
0.019143	0.227961
0.018117	0.286079
0.016743	0.293735
0.018622	1.209432
0.016978	0.248026
0.021062	0.213431
0.023557	0.305912
0.021242	0.340967
0.021152	0.285842
0.019918	0.436864
0.020111	0.463857
0.019990	0.445182
0.022747	0.966647
0.026611	0.928802
0.025889	0.913278
0.022282	0.808703
0.020120	0.678535
0.017948	0.439604
0.015649	0.530578
0.018096	0.823576
0.019721	0.881733
0.017253	0.643675
0.019073	0.568159
0.018152	0.605226
0.015018	0.776345
0.011389	0.726814
0.012691	0.844907
0.010741	0.876482
0.010001	0.746514
0.012048	0.692686
0.012028	0.719972
0.009629	0.759062
0.007047	0.980052
0.011123	1.211724
0.009801	1.050373
0.011499	1.140774
0.012014	1.162786
0.014171	1.269740
0.007965	1.130376
0.010236	0.834723
0.014194	0.712980
0.013287	0.726926
0.011352	0.354170
0.012619	0.957175
0.013826	0.848601
0.012640	0.769930
0.020657	0.809758
0.022734	0.793184
0.021428	0.648990
0.026192	0.669158
0.027915	0.641082
0.026938	0.530883
0.021332	0.443390
0.023467	0.610352
0.024054	0.678936
0.026927	0.681466
0.027592	0.671557
0.028658	0.495799
0.026859	0.684290
0.024934	0.600962
0.027533	0.805322
0.027834	0.878480
0.032575	1.139250
0.031053	1.039364
0.028000	0.762694
0.028964	0.731261
0.029065	0.889745
0.030804	0.942486
0.033384	1.023495
0.037902	1.258070
0.036580	1.319686
0.036537	1.294724
0.031090	1.186485
0.027949	1.059959
0.027884	0.813482
0.030578	0.767906
0.030984	0.698453
0.036092	0.888931
0.030696	0.896871
0.026937	0.878470
0.030813	0.937515
0.033692	0.781202
0.033044	0.944839
0.034720	0.850560
0.028847	0.671743
0.021785	0.439528
0.028302	0.612941
0.036527	0.867007
0.037810	0.868797
0.034366	0.809794
0.022428	0.315945
0.022043	0.525934
0.022121	0.662302
0.027534	0.828978
0.038601	1.112829
0.038500	1.176130
0.029801	0.834462
0.029522	0.971740
0.025008	0.883372
0.019555	0.773685
0.019597	0.762183
0.013194	0.627674
0.020790	0.800823
0.034141	1.195161
0.039692	1.408486
0.031384	1.098855
0.020766	0.735466
0.014681	0.424159
0.037305	0.965195
0.024658	0.652478
0.025062	0.983313
0.037659	1.344150
0.036923	1.290407
0.007386	0.475161
0.017563	0.576557
0.010973	0.563788
0.021357	0.666681
0.011784	0.565583
0.014251	0.611994
0.019712	0.687360
0.013651	0.547164
0.012828	0.400066
0.015553	0.428986
0.018032	0.565003
0.013781	0.497372
0.017764	0.666730
0.014310	0.452767
0.014417	0.436446
0.017628	0.370596
0.015698	0.421324
0.018528	0.426623
0.020647	0.410521
0.022471	0.520739
0.033298	0.778591
0.037568	0.967911
0.033704	0.884355
0.033821	0.887535
0.020577	0.626114
0.019538	0.579719
0.013933	0.378513
0.009296	0.248370
0.004574	0.220534
0.003345	0.152556
0.002675	0.195770
0.006350	0.335803
0.011142	0.479961
0.005471	0.368870
0.003949	0.180218
0.011442	0.288303
0.009982	0.310213
0.011835	0.306409
0.013191	0.381031
0.020830	0.592999
0.017398	0.500891
0.013137	0.442866
0.018323	0.559780
0.016852	0.487833
0.019070	0.499183
0.026407	0.691247
0.028414	0.705178
0.030697	0.722336
0.038708	0.958252
0.039356	0.927627
0.036994	0.865298
0.030307	0.708607
0.028110	0.777860
0.041294	0.924700
0.043276	1.027136
0.042790	0.949973
0.036156	1.015688
0.030122	0.763553
0.043477	1.007809
0.033532	0.838508
0.020218	0.578361
0.013220	0.669398
0.003561	0.481887
0.005093	0.447457
0.016217	0.560884
0.034181	0.993774
0.035604	1.023848
0.028330	0.880175
0.021537	0.714285
0.026197	0.821624
0.026370	0.834928
0.023091	0.750256
0.044412	1.187968
0.032129	0.908053
0.023617	0.704789
0.052578	1.282600
0.050562	1.204233
0.046635	1.165097
0.060350	1.463088
0.050447	1.227708
0.041167	1.073715
0.040357	1.032768
0.041878	1.044929
0.035972	0.907111
0.032769	0.835531
0.029029	0.746141
0.022527	0.630238
0.021466	0.614521
0.029347	0.815578
0.014309	0.406530
0.024172	0.637156
0.022259	0.463816
0.023910	0.512657
0.026587	0.574183
0.032780	0.637041
0.033431	0.660695
0.030351	0.607257
0.031347	0.560971
0.030800	0.515658
0.024024	0.396584
0.025879	0.402418
0.030847	0.608247
0.028965	0.658088
0.028110	0.586390
0.019980	0.431200
0.019772	0.396336
0.022041	0.527471
0.018708	0.398087
0.025574	0.580850
0.017986	0.405983
0.014447	0.377403
0.017486	0.406206
0.020989	0.394224
0.021463	0.369669
0.020751	0.412569
0.020492	0.390112
0.022505	0.469955
0.025380	0.424902
0.025234	0.427372
0.027533	0.469408
0.033078	0.546987
0.036862	0.724608
0.029228	0.671022
0.026594	0.674638
0.030211	0.801866
0.030520	0.846084
0.029246	0.893762
0.027287	0.873613
0.026098	0.890638
0.023489	0.926758
0.020697	0.840147
0.025104	0.917257
0.023435	0.901659
0.013884	0.645900
0.019306	0.761113
0.018980	0.800870
0.019506	0.802017
0.018664	0.810057
0.011951	0.625405
0.005254	0.502940
0.005730	0.506317
0.004274	0.545110
0.002740	0.518115
0.004960	0.559140
0.004713	0.569491
0.003556	0.533505
0.010551	0.504759
0.018057	0.540857
0.015013	0.535754
0.008296	0.467557
0.007440	0.455772
0.013307	0.532530
0.014895	0.674819
0.019021	0.805213
0.014662	0.616166
0.019254	0.762859
0.014717	0.816821
0.008993	1.471156
0.014956	0.766812
0.008815	0.832135
0.013765	0.788286
0.014009	0.918928
0.031965	1.133974
0.029440	1.057124
0.036853	0.995762
0.042619	1.110837
0.029712	0.863370
0.028902	0.808776
0.043749	1.194108
0.041821	1.121589
0.038601	0.999921
0.030888	0.898293
0.034170	0.906790
0.032987	0.961351
0.029944	0.839683
0.028608	0.834855
0.022417	0.720632
0.024528	0.747327
0.025699	0.686931
0.027933	0.692553
0.027214	0.724529
0.027156	0.681881
0.024977	0.528981
0.027124	0.616934
0.031436	1.044819
0.025713	0.463249
0.020614	0.565540
0.019848	0.480819
0.027506	0.546810
0.024027	0.596785
0.021412	0.507397
0.022180	0.631210
0.023950	0.582122
0.022291	0.528006
0.027853	0.617497
0.031755	1.072338
0.031678	0.628390
0.032188	0.799618
0.039253	0.825389
0.040486	0.970982
0.042212	0.960055
0.048467	1.023382
0.039088	1.040271
0.025539	0.693291
0.025902	0.585924
0.030312	0.647883
0.031742	0.625383
0.028483	0.579954
0.023866	0.828912
0.038372	0.934814
0.039135	0.727343
0.032971	0.919707
0.042850	0.395712
0.041599	0.415380
0.034022	0.616134
0.037005	0.689834
0.048534	0.471837
0.044659	0.719906
0.054030	0.915209
0.054190	0.913490
0.062149	0.644940
0.053759	0.440889
0.052090	0.503300
0.054195	0.438107
0.068014	0.618304
0.047050	0.671302
0.042766	0.568793
0.045200	0.513082
0.045463	0.464814
0.045117	0.830755
0.043089	0.883224
0.038791	0.775498
0.038157	0.795208
0.036188	0.723817
0.035971	0.696197
0.037970	0.643562
0.040255	1.058266
0.044055	0.788454
0.036823	0.900995
0.037373	1.109540
0.039151	0.956230
0.031227	0.781700
0.027760	0.832367
0.037467	1.169820
0.031966	1.052242
0.023580	0.767915
0.027610	0.765896
0.039243	0.829562
0.037305	0.732636
0.036432	0.607974
0.048545	1.018898
0.039185	0.684816
0.029946	0.722875
0.024094	0.740407
0.025719	0.630643
0.035207	0.636199
0.031856	0.691392
0.026332	0.614079
0.020928	0.633906
0.024873	0.658019
0.033731	0.545831
0.031013	0.401006
0.033588	0.477241
0.027065	0.494195
0.035398	0.738155
0.037643	0.933755
0.049749	1.435075
0.048134	1.319885
0.047355	1.341726
0.041799	1.302210
0.048671	1.477375
0.052706	1.712739
0.056315	1.803426
0.055925	1.835835
0.050051	1.686043
0.054920	1.796139
0.058878	1.941593
0.057219	1.854449
0.050412	1.672842
0.057532	1.877831
0.041631	1.417825
0.036712	1.284844
0.037151	1.297275
0.048967	1.634329
0.047102	1.551743
0.044179	1.485240
0.034163	1.018431
0.048653	1.521457
0.056477	1.681374
0.048880	1.380633
0.040911	1.095350
0.031066	0.880564
0.048751	1.446116
0.049562	1.475379
0.049971	1.421175
0.050514	1.465916
0.043853	1.171472
0.028228	0.597291
0.034731	0.960863
0.040068	1.154632
0.029552	0.833523
0.027795	0.902405
0.017585	0.482423
0.026324	0.790369
0.028042	0.901610
0.022162	0.837704
0.027647	0.888357
0.023302	0.738564
0.028341	0.853414
0.033678	1.044116
0.028927	0.925430
0.026591	0.796652
0.030269	0.911418
0.037002	1.021510
0.038203	1.151856
0.027183	0.722442
0.023260	0.664660
0.023591	0.606689
0.030416	0.944840
0.038297	1.107875
0.044140	1.264424
0.051522	1.551447
0.045423	1.336870
0.051208	1.501371
0.048688	1.459306
0.036037	0.856674
0.022793	0.756555
0.053824	1.526960
0.047521	1.398235
0.042046	1.507391
0.047205	1.418305
0.044145	1.205121
0.028074	0.818052
0.040795	1.068322
0.034704	1.114588
0.040515	1.265898
0.046449	1.430844
0.042351	1.270112
0.042685	1.179426
0.037012	1.029571
0.030619	0.842439
0.030347	0.916708
0.039553	1.047065
0.033375	0.882528
0.039482	1.065963
0.041790	1.020154
0.037771	0.940316
0.033793	0.842647
0.035899	0.860524
0.033365	0.820700
0.042657	1.132281
0.035862	0.938208
0.037035	1.013706
0.034687	1.050548
0.037409	1.112725
0.032466	0.966211
0.037573	1.059565
0.034250	0.974232
0.042515	1.132008
0.041656	1.121486
0.046904	1.239531
0.045153	1.150207
0.045559	1.150882
0.047704	1.231333
0.045741	1.216100
0.047406	1.205274
0.048427	1.302996
0.050665	1.340319
0.053687	1.323726
0.048966	1.191105
0.045559	1.087589
0.037306	0.942500
0.032223	0.642297
0.024097	0.574370
0.028622	0.426413
0.026257	0.592576
0.036594	1.052796
0.035353	0.822880
0.038391	0.824683
0.039795	0.909339
0.039156	0.893367
0.045956	1.083424
0.040068	0.940237
0.039554	1.002921
0.045253	1.196093
0.043676	1.177384
0.039203	2.105204
0.038761	1.057009
0.032346	0.860769
0.026886	0.775093
0.013384	0.401406
0.013001	0.403153
0.012729	0.371518
0.014281	0.443162
0.014251	1.558220
0.013221	0.379298
0.011160	0.393197
0.010415	0.311496
0.010321	0.310138
0.003858	0.124405
0.008737	0.111396
0.008438	0.077776
0.011602	0.236620
0.010581	0.299736
0.011436	0.342626
0.009192	0.176106
0.011902	0.199557
0.014692	0.428289
0.014805	0.430887
0.010078	0.242701
0.015704	0.556789
0.026013	0.846287
0.024511	0.797836
0.017789	0.627496
0.010352	0.416154
0.019759	0.695929
0.018228	0.673482
0.031283	0.977931
0.023543	0.752222
0.018030	0.613078
0.018284	0.612485
0.022020	0.651637
0.015089	0.462996
0.019502	0.669015
0.036201	1.974659
0.024531	0.806523
0.025081	0.755094
0.028758	0.773556
0.034130	0.928584
0.032837	0.903103
0.025820	1.081848
0.034763	0.906176
0.032757	0.893399
0.030799	0.869301
0.024266	0.616631
0.026052	0.665197
0.039477	1.065568
0.031227	0.757353
0.027811	0.708697
0.022188	0.529428
0.025011	0.705772
0.020776	0.581698
0.021281	0.605173
0.015775	0.490252
0.018034	0.483142
0.021737	0.571860
0.015591	0.342830
0.018999	0.594008
0.019562	0.604451
0.011128	0.405339
0.012134	0.467263
0.011699	0.314430
0.012082	0.356015
0.015747	0.440426
0.011964	0.530325
0.011551	0.530054
0.021023	0.829718
0.016155	0.739759
0.013229	0.550713
0.015587	0.545222
0.014724	0.562144
0.017356	0.607223
0.018930	0.627845
0.018199	0.617360
0.021764	0.728307
0.022306	0.638288
0.022113	0.631578
0.029634	0.702478
0.021928	0.392248
0.022298	0.504912
0.029030	0.690813
0.029475	0.616603
0.029763	0.625236
0.030584	0.685264
0.031224	0.709354
0.030042	0.675828
0.029564	0.622775
0.023483	0.550579
0.029232	0.582850
0.028327	0.579745
0.026208	0.572587
0.023464	0.551623
0.027114	0.563519
0.032289	0.690956
0.020757	0.518234
0.028101	0.543194
0.031690	0.590757
0.014498	0.834349
0.014992	0.978561
0.013457	0.810224
0.013847	0.833369
0.014591	0.957996
0.015699	0.970399
0.017318	1.064445
0.018301	1.020951
0.019829	0.953487
0.015997	0.849569
0.018426	0.747930
0.013533	0.626515
0.015776	0.917618
0.018186	0.692604
0.014834	0.547807
0.012939	0.597238
0.014724	0.522550
0.015403	0.416265
0.012092	0.472230
0.017285	0.496073
0.014844	0.861754
0.016668	0.622920
0.013646	0.383268
0.010737	0.615484
0.012601	0.601985
0.011665	0.679668
0.011499	0.831866
0.011151	1.026846
0.005571	0.807741
0.006611	0.777518
0.007542	1.049070
0.007151	1.070280
0.004546	1.134033
0.006095	1.088832
0.011101	1.346924
0.015210	0.641284
0.015724	0.783885
0.012156	0.888037
0.019074	0.736960
0.021480	0.670635
0.024988	0.914469
0.024381	0.775571
0.022293	0.714988
0.024175	0.737892
0.024670	0.739242
0.018702	0.482663
0.016248	0.409616
0.015904	0.526673
0.016204	0.506621
0.015618	0.486701
0.015538	0.415734
0.018080	0.486164
0.017308	0.476084
0.016107	0.393005
0.017563	0.321339
0.017607	0.339492
0.018846	0.459630
0.020157	0.472413
0.017378	0.577442
0.016079	0.466929
0.016826	0.455252
0.019479	0.544208
0.022182	0.637133
0.021746	0.574609
0.018340	0.494360
0.018963	0.455996
0.017100	0.471578
0.020696	0.672344
0.018290	0.578555
0.019802	0.615626
0.019461	0.602821
0.019695	0.674991
0.015925	0.499553
0.015297	0.597689
0.016322	0.772509
0.015565	0.635234
0.015100	0.721498
0.016441	0.799689
0.011688	0.819477
0.013903	0.596049
0.013175	0.400399
0.012546	0.556277
0.017953	0.840636
0.015063	0.654560
0.015831	0.699362
0.015173	0.594736
0.013447	0.665752
0.014891	0.666330
0.015049	0.746854
0.014664	0.832502
0.018657	0.893506
0.022749	0.898562
0.023420	0.920127
0.031585	1.146031
0.033811	1.188602
0.037885	1.133648
0.036093	1.110057
0.026564	0.846749
0.026397	0.884823
0.023742	0.744534
0.023377	0.610541
0.029012	0.815434
0.018774	0.620548
0.011752	0.741952
0.006723	0.550668
0.008683	0.639954
0.012796	0.726305
0.008202	0.630338
0.006272	0.543558
0.007636	0.506953
0.012571	0.504456
0.011874	0.531435
0.012750	0.436532
0.014618	0.465484
0.013613	0.337697
0.020209	0.509955
0.022507	0.605950
0.023559	0.572432
0.023671	0.660128
0.028594	0.779453
0.032920	0.828461
0.037752	0.893702
0.032514	0.814305
0.034877	0.862822
0.035942	0.898096
0.047656	1.121384
0.035824	0.918048
0.035076	0.923465
0.034386	0.855365
0.036086	0.902353
0.027887	0.696061
0.020554	0.469000
0.018583	0.420512
0.019596	0.422479
0.020463	0.426753
0.019911	0.950275
0.017255	0.356166
0.012265	0.265707
0.015025	0.331981
0.017110	0.398906
0.022170	0.598397
0.028807	0.805621
0.019101	0.440968
0.026623	0.637802
0.031283	0.874962
0.030826	0.870907
0.029407	0.831276
0.027552	0.789757
0.028664	0.784628
0.038413	1.032172
0.039408	1.011685
0.039670	1.040273
0.039440	1.021959
0.032556	0.956952
0.032715	0.954327
0.038234	1.020765
0.048045	0.992870
0.042573	1.179096
0.036634	0.957130
0.032244	0.965712
0.027867	0.847814
0.027593	0.750174
0.031098	0.859961
0.037627	1.052090
0.028993	0.768216
0.020947	0.537203
0.021595	0.637619
0.025456	0.638406
0.028229	0.719308
0.029137	0.612448
0.023867	0.535055
0.014880	0.322199
0.010154	0.293787
0.010549	0.509194
0.011171	0.347274
0.016182	0.357434
0.012857	0.286831
0.013112	0.707802
0.007890	0.314640
0.002838	0.417061
0.003943	0.312400
0.004179	0.334320
0.011961	0.769264
0.014010	0.837942
0.010224	0.687472
0.014086	0.781047
0.009766	0.733052
0.013908	0.843885
0.014186	0.904424
0.018271	1.051532
0.024632	1.479449
0.021129	1.073496
0.029543	1.488663
0.022441	1.306510
0.023077	1.332632
0.026377	1.409329
0.021411	1.278176
0.023965	1.366401
0.025556	1.414411
0.025595	1.299052
0.022726	1.222160
0.019844	1.057817
0.028593	1.440573
0.034540	1.799766
0.014866	0.937282
0.026160	1.303233
0.020653	1.148618
0.017287	0.648959
0.011222	0.638243
0.022718	0.868464
0.017356	0.568519
0.008623	0.454809
0.006775	0.175810
0.017332	0.439892
0.015855	0.386377
0.007773	0.162278
0.013418	0.234257
0.013260	0.230613
0.010002	0.095766
0.009615	0.130506
0.009695	0.184412
0.007234	0.248513
0.014260	0.296073
0.017194	0.409100
0.014486	0.340896
0.015796	0.449031
0.012165	0.333738
0.012013	0.281505
0.017867	0.391446
0.017225	0.412972
0.013796	0.282060
0.022432	0.747828
0.023023	0.577569
0.016130	0.412861
0.027434	0.885751
0.027290	0.859898
0.022827	0.576782
0.033815	0.970890
0.054410	1.799474
0.046555	1.509857
0.038723	1.216630
0.043300	1.116251
0.038945	1.183248
0.031747	0.994920
0.024171	0.776474
0.020228	0.644732
0.017145	0.591746
0.019606	0.806965
0.013035	0.640789
0.014077	0.404285
0.007438	0.451550
0.008461	0.268086
0.011111	0.352849
0.009831	0.590499
0.011927	0.736452
0.023793	0.906790
0.025733	1.098665
0.029749	1.252672
0.023198	1.002893
0.025134	1.125615
0.020456	0.907733
0.022047	0.968215
0.017299	0.770256
0.038954	1.518754
0.038737	1.559051
0.031970	1.477603
0.024971	1.099448
0.025660	1.024630
0.036317	1.345925
0.030244	1.268164
0.040882	1.477072
0.034511	1.260507
0.018696	0.918406
0.034129	1.322038
0.032134	1.270591
0.023062	1.007402
0.017937	0.857258
0.018226	0.851709
0.032251	1.217080
0.051874	1.985170
0.042409	1.782291
0.042699	1.665469
0.042037	1.739648
0.045879	1.756848
0.052193	2.010707
0.048273	1.748094
0.053599	1.731223
0.052982	1.753485
0.047595	1.535540
0.052470	1.628158
0.057973	1.592390
0.054193	1.615081
0.044011	1.143553
0.046832	1.174146
0.049237	1.001640
0.048515	1.008689
0.041785	0.915507
0.040637	0.855026
0.044817	0.941297
0.044336	0.929340
0.048084	1.098443
0.040490	0.954472
0.028916	0.836893
0.037567	1.178008
0.037392	1.762437
0.041570	1.249073
0.034234	1.062386
0.033118	1.176250
0.036027	1.353623
0.035214	1.218190
0.026445	0.848508
0.026862	0.869521
0.028517	1.017620
0.022658	0.788242
0.017519	0.710662
0.019162	0.613241
0.019221	0.612800
0.024652	0.740330
0.030146	0.715509
0.025120	0.524758
0.028632	0.901259
0.029547	0.931202
0.031322	0.956996
0.024350	0.613789
0.018496	0.570853
0.018882	0.580472
0.024667	0.630667
0.031549	0.946146
0.024091	0.744554
0.023947	0.701016
0.019453	0.452060
0.017516	0.424441
0.021097	0.512922
0.020615	0.500288
0.020047	0.531713
0.014773	0.355325
0.013231	0.356328
0.019817	0.655587
0.020926	0.660093
0.015404	1.465459
0.012623	0.454921
0.014377	0.508107
0.013968	0.450857
0.014900	0.541981
0.013673	0.426231
0.013378	0.403070
0.014287	0.474333
0.014474	0.520937
0.012423	1.183659
0.025311	0.908221
0.031500	1.067375
0.029101	0.965809
0.027549	0.899945
0.031026	0.968387
0.039907	2.147302
0.034324	1.097699
0.032891	1.105367
0.036366	1.130036
0.037778	1.192997
0.027621	0.979863
0.022493	0.815993
0.022945	0.822316
0.028027	0.971046
0.022898	0.811718
0.019398	0.647646
0.019820	0.631846
0.029740	0.998023
0.028361	0.965885
0.028200	0.956905
0.027732	0.893155
0.029544	0.955458
0.027693	1.674252
0.033536	1.136208
0.037992	1.270275
0.037963	1.246270
0.037697	1.308386
0.042305	1.452324
0.043142	1.491045
0.043698	1.509062
0.042415	1.432768
0.035981	2.243346
0.042480	1.474203
0.042274	1.473820
0.033918	1.202687
0.035005	1.238941
0.033916	1.186278
0.026181	0.940329
0.025775	0.931082
0.022935	0.829604
0.024346	0.946957
0.024642	0.952925
0.019027	0.663580
0.013186	0.389628
0.010225	0.322155
0.014543	0.549396
0.019281	1.054447
0.012355	0.492983
0.017274	0.640804
0.014124	0.504138
0.016938	0.616042
0.014213	0.506672
0.019914	0.764659
0.019042	0.770055
0.018950	0.702664
0.021403	0.748808
0.023592	1.178517
0.019047	0.700318
0.016830	0.668113
0.016869	0.713737
0.027326	1.071809
0.035790	1.394268
0.032386	1.232032
0.035151	1.329648
0.031559	1.150511
0.030872	1.139726
0.033431	1.248992
0.035054	1.344366
0.041241	1.517859
0.039961	1.437208
0.041344	1.477854
0.048885	1.788005
0.050463	1.869174
0.048109	1.751479
0.052644	1.893071
0.048765	1.763102
0.053075	1.833567
0.049077	2.355684
0.054529	1.969843
0.046118	1.569989
0.048231	1.678172
0.057080	2.125722
0.040994	1.488567
0.041591	1.529572
0.045843	1.726730
0.043916	1.623067
0.043942	1.624785
0.042256	1.603721
0.039127	1.414046
0.043607	1.714548
0.040090	1.559946
0.043251	1.638736
0.042562	1.616221
0.047172	1.890869
0.042504	1.625554
0.043554	1.693651
0.043928	1.649642
0.038194	1.429112
0.041049	1.379147
0.044600	1.515015
0.035448	1.198150
0.039611	1.292735
0.040448	1.407343
0.040016	1.506148
0.042156	1.491363
0.041316	1.465229
0.040457	1.414067
0.028325	0.955557
0.032034	1.085682
0.031551	1.000863
0.037272	1.349356
0.043805	1.791868
0.041998	1.405590
0.039960	1.369646
0.039485	1.373347
0.041857	1.627935
0.049894	1.841924
0.040459	1.445441
0.044178	1.312356
0.042820	1.291325
0.039238	1.231391
0.033730	1.016748
0.034028	0.877811
0.032363	1.110910
0.033591	1.111463
0.034029	1.102583
0.032900	1.107727
0.032848	1.112348
0.027870	1.020230
0.025174	0.739605
0.026401	0.734137
0.025475	0.489514
0.024331	0.214755
0.023866	0.232149
0.024373	0.639409
0.023456	0.743163
0.023604	0.773862
0.027554	1.049505
0.027800	1.067007
0.025295	0.910264
0.027276	0.909734
0.028058	0.930734
0.024330	0.788060
0.031084	1.051613
0.027406	0.828887
0.030550	1.256354
0.034788	1.448957
0.031658	1.259521
0.032515	1.300096
0.028692	1.196423
0.023023	1.127470
0.023171	1.139268
0.035800	1.717598
0.033942	1.605647
0.033713	1.797844
0.031812	1.961944
0.032233	1.956290
0.031671	1.832806
0.031228	1.278091
0.033986	1.501293
0.032073	1.210654
0.020797	0.835388
0.022783	0.838277
0.034987	0.974637
0.027837	0.809909
0.030045	0.841262
0.028427	0.893843
0.035397	0.993154
0.032887	0.901445
0.034794	0.924996
0.048885	1.359714
0.046683	1.128489
0.042252	0.988826
0.039026	0.976730
0.034530	0.779728
0.035147	0.867383
0.038022	1.221283
0.038516	1.170756
0.037517	1.116401
0.035358	1.131667
0.027633	0.799037
0.025736	1.087398
0.032950	1.484668
0.031876	1.545306
0.037115	1.997903
0.034477	1.889876
0.033984	2.210345
0.033204	2.380492
0.047732	2.926052
0.041899	2.397442
0.048667	2.403922
0.035346	1.315485
0.022816	0.292834
0.021287	0.254830
0.020229	0.344236
0.030757	0.487408
0.032500	0.597582
0.029680	0.150725
0.036359	0.744748
0.038963	0.535514
0.043742	0.610236
0.036898	0.667893
0.046161	0.825324
0.039568	0.668212
0.050980	1.052716
0.048060	1.217716
0.044375	1.193418
0.034330	1.137028
0.034801	0.881102
0.037710	1.060726
0.034395	0.917678
0.029100	0.808958
0.039999	0.978991
0.039138	1.095853
0.033942	0.704198
0.034143	0.647811
0.039118	0.951547
0.041547	0.996590
0.038707	0.858973
0.035619	0.905683
0.046361	1.132080
0.051588	0.975390
0.041128	0.895967
0.034248	0.785820
0.045432	0.894241
0.040111	0.750319
0.031314	0.628619
0.044416	0.828723
0.045371	0.977849
0.031038	0.584756
0.026634	0.671660
0.037389	0.568144
0.028666	0.541362
0.036923	0.898244
0.033410	0.889799
0.032327	0.644564
0.041341	0.861429
0.032824	1.145740
0.029129	1.139750
0.034004	1.196445
0.023033	0.882714
0.028878	0.939759
0.024111	0.948631
0.023212	0.758790
0.028289	0.777133
0.027416	0.654052
0.017750	0.754573
0.026470	0.901123
0.018155	0.796832
0.025457	0.552470
0.036678	0.535632
0.029808	0.362867
0.030529	0.676331
0.043541	0.486499
0.055151	0.650034
0.059529	1.097734
0.060043	0.821064
0.057300	0.760168
0.062905	0.757205
0.080200	1.000252
0.068292	0.936445
0.063459	0.781446
0.069541	0.813362
0.074174	0.868749
0.076453	0.798520
0.073242	1.028076
0.066903	1.050134
0.084878	1.004462
0.088042	1.334267
0.087511	0.999498
0.081626	1.396922
0.079649	1.284946
0.087631	1.141797
0.084357	1.482486
0.082462	1.313755
0.078027	1.298985
0.078120	1.335420
0.077686	1.216055
0.081196	1.464259
0.076727	1.494315
0.089939	1.598933
0.080714	1.474937
0.071451	1.281809
0.084498	1.582003
0.080897	1.449115
0.092593	1.718183
0.080388	1.501337
0.075378	1.263130
0.076308	1.518080
0.069460	1.392711
0.073773	1.306758
0.073718	1.429389
0.101339	1.623984
0.071915	1.461847
0.118848	1.894497
0.105006	1.809860
0.059134	1.157706
0.057725	1.131446
0.053728	1.267227
0.081557	1.422344
0.079171	1.456516
0.062729	1.401566
0.095575	1.637119
0.087577	1.540576
0.099593	1.549369
0.087732	1.398260
0.081721	1.261056
0.079589	1.255243
0.077768	1.293503
0.080410	1.413535
0.076466	1.368226
0.077931	1.343131
0.085601	1.613449
0.084859	1.548744
0.082803	1.495070
0.086971	1.578174
0.085702	1.541152
0.082035	1.451567
0.078792	1.362694
0.084215	1.594197
0.156750	2.309381
0.072570	1.343453
0.087215	1.922094
0.088694	1.693132
0.083220	1.633161
0.080186	1.595896
0.073170	1.644676
0.078097	1.709535
0.075740	1.700063
0.084475	2.061534
0.086673	2.109755
0.090713	2.161580
0.092699	2.197383
0.080332	1.475513
0.077924	1.722477
0.089228	1.910105
0.080128	1.543405
0.076879	1.561811
0.088758	1.649793
0.094229	1.898510
0.084768	1.652943
0.069573	1.503913
0.062882	1.276003
0.055700	1.198359
0.059128	1.223912
0.052300	1.102324
0.056987	1.279739
0.063666	1.386654
0.052415	1.205130
0.049805	1.047983
0.048652	1.152711
0.051585	1.280958
0.041004	1.105529
0.037758	1.046157
0.034768	1.013935
0.030281	0.922348
0.028048	0.864842
0.031273	0.886873
0.045334	1.231518
0.037100	1.147010
0.043572	1.235722
0.049639	1.440740
0.031513	0.924288
0.040785	1.103622
0.032290	0.921654
0.036441	1.034325
0.038203	1.055685
0.028364	0.861295
0.023401	0.797664
0.022967	0.695513
0.029876	0.848344
0.039406	1.029290
0.027592	0.728866
0.024242	0.497523
0.020168	0.492269
0.027442	0.727501
0.023634	0.616903
0.022521	0.375626
0.021735	0.491404
0.023631	0.484722
0.020073	0.435761
0.033273	0.782868
0.037176	0.874022
0.026695	0.689491
0.029639	0.555140
0.034854	0.788995
0.032639	0.798885
0.028586	0.655205
0.031523	0.634388
0.023313	0.530003
0.025604	0.543418
0.027856	0.750842
0.031222	0.716991
0.026040	0.581419
0.028445	0.752942
0.028981	0.689384
0.033675	0.689406
0.031591	0.483508
0.026725	0.595554
0.026061	0.486714
0.022593	0.344074
0.021094	0.327073
0.028195	0.515953
0.032017	0.703167
0.028909	0.611924
0.026343	0.528747
0.023918	0.569614
0.029986	0.675307
0.020712	0.511470
0.026310	0.699356
0.034415	0.901524
0.034851	0.825991
0.030240	0.734468
0.037456	0.982493
0.034724	0.933360
0.026092	0.682325
0.023951	0.698151
0.028194	0.784934
0.025780	0.659925
0.018812	0.453230
0.020279	0.477760
0.022866	0.475585
0.021826	0.338403
0.020335	0.300507
0.019576	0.282488
0.022217	0.352649
0.023296	0.415207
0.023269	0.457473
0.030657	0.641540
0.031269	0.623993
0.030376	0.610197
0.031709	0.653299
0.029303	0.567946
0.032355	0.656244
0.036830	0.709246
0.036242	0.621159
0.034133	0.495569
0.034565	0.499131
0.037543	0.612918
0.038418	0.608475
0.037943	0.652887
0.035009	0.600234
0.038984	0.708382
0.045260	0.799483
0.038289	0.669913
0.026953	0.448606
0.025353	0.434921
0.022848	0.394829
0.021248	0.252492
0.017985	0.232135
0.018320	0.244417
0.019385	0.308827
0.020482	0.367174
0.021974	0.362084
0.024287	0.395704
0.023328	0.287939
0.024713	0.478874
0.030735	0.656840
0.028003	0.536590
0.028749	0.597145
0.016695	0.231144
0.020505	0.275183
0.023109	0.295185
0.034135	0.709108
0.038122	0.724639
0.032549	0.505279
0.024463	0.287383
0.027226	0.378938
0.026139	0.389370
0.027723	0.573129
0.030992	0.794075
0.023193	0.572043
0.017011	0.441027
0.014883	0.412149
0.014566	0.402205
0.012557	0.462478
0.008143	0.544641
0.008249	0.498421
0.013677	0.629099
0.022284	0.782098
0.019378	0.710285
0.024265	0.783666
0.038012	1.128491
0.024943	0.811512
0.028283	0.982053
0.032255	1.101544
0.031963	1.091540
0.037019	1.190696
0.038589	1.195540
0.029927	0.944228
0.028898	0.927032
0.020492	0.627206
0.023875	0.783245
0.024577	0.796054
0.029140	0.990786
0.025548	0.854779
0.025881	0.899315
0.031129	0.970802
0.021458	0.655119
0.021651	0.670545
0.021125	0.648014
0.032170	0.951649
0.029433	0.854800
0.023164	0.653277
0.018048	0.438911
0.014825	0.291610
0.015544	0.277179
0.013421	0.231421
0.012586	0.168098
0.008425	0.170572
0.009485	0.184975
0.003430	0.249450
0.006265	0.169500
0.010536	1.353325
0.003527	0.248345
0.005670	0.357603
0.004472	0.470905
0.005268	0.460066
0.006582	0.362301
0.009110	0.563194
0.008856	0.554813
0.008575	0.574628
0.007545	0.482274
0.007764	0.529434
0.003852	0.483198
0.004671	0.436903
0.004492	0.410989
0.007846	0.464121
0.007523	0.526158
0.003230	0.473036
0.008238	0.248236
0.008844	0.541362
0.013819	0.681519
0.010486	0.656890
0.015190	0.729713
0.014977	0.746009
0.015093	0.701868
0.012273	0.692286
0.010505	0.706774
0.011472	0.689737
0.014399	0.768669
0.020111	0.879249
0.009665	0.577607
0.011797	0.711067
0.017505	0.882614
0.012132	0.709436
0.010724	0.610936
0.011364	0.657820
0.016679	0.778824
0.018639	0.854155
0.011239	0.679481
0.012013	0.652239
0.017589	0.849329
0.020399	0.946344
0.018979	0.902921
0.015555	0.755036
0.014071	0.703256
0.012719	0.666196
0.013324	0.680671
0.013980	0.669947
0.009542	0.554575
0.010332	0.577127
0.010588	0.577618
0.007024	0.458422
0.004332	0.357837
0.006958	0.372221
0.011165	0.426592
0.012116	0.442154
0.010678	0.489683
0.010348	0.418436
0.010707	0.430855
0.015414	0.465891
0.011585	0.405707
0.013410	0.454748
0.009307	0.451339
0.009848	0.455737
0.011200	0.496573
0.011529	0.299456
0.012275	0.325874
0.017301	0.571611
0.016904	0.510426
0.015410	0.405383
0.014934	0.351932
0.015032	0.444522
0.016251	0.437643
0.015948	0.426304
0.016052	0.429152
0.016517	0.463672
0.015709	0.563751
0.020658	0.732605
0.023123	0.700735
0.020387	0.691314
0.023811	0.785355
0.024058	0.763810
0.027804	0.924825
0.022100	0.706515
0.022728	0.721451
0.026595	0.839351
0.025593	0.789259
0.023415	0.630591
0.020644	0.524507
0.021872	0.581904
0.019226	0.441697
0.020373	0.504718
0.020282	0.493257
0.019598	0.503762
0.019035	0.441651
0.022142	0.489932
0.021856	0.414882
0.018245	0.324441
0.023648	0.647567
0.016278	0.302397
0.017634	0.287105
0.017424	0.289750
0.018989	0.218686
0.018666	0.268007
0.019068	0.287927
0.020285	0.240011
0.023134	0.219048
0.024878	0.339731
0.025162	0.390071
0.033533	0.923610
0.022228	0.173493
0.020292	0.265971
0.019511	0.154259
0.022150	0.426741
0.038100	1.189915
0.024141	0.392700
0.023128	0.266756
0.022576	0.212185
0.026461	0.410833
0.025477	0.411814
0.027897	0.579057
0.026904	0.497535
0.026787	0.391284
0.026904	0.391829
0.023887	0.338091
0.023323	0.358981
0.021276	0.415715
0.021835	0.406123
0.017450	0.356063
0.019757	0.504769
0.014821	0.417781
0.015681	0.432296
0.014147	0.380882
0.018587	0.330709
0.022696	0.424676
0.019242	0.336536
0.021189	0.311041
0.021448	0.284464
0.016423	0.199364
0.036972	0.659511
0.034070	0.651860
0.035119	0.626736
0.037534	0.653060
0.036885	0.672557
0.037628	0.639127
0.035960	0.489009
0.036748	0.644650
0.040217	0.630454
0.044532	0.813330
0.048024	0.851218
0.048717	0.927021
0.057855	0.975436
0.059637	0.994618
0.058389	0.973465
0.065552	1.116600
0.071466	1.134143
0.064843	0.986574
0.067799	0.930456
0.066090	0.988698
0.048903	0.731494
0.064833	1.058029
0.041482	0.641141
0.054794	0.967068
0.043588	0.734974
0.041387	0.722299
0.037160	0.578090
0.052976	0.952020
0.044248	0.812351
0.043743	0.826123
0.034971	0.617564
0.032283	0.617439
0.050154	0.990741
0.034110	0.608739
0.040926	0.781531
0.031131	0.611291
0.030995	0.657513
0.031287	0.570735
0.023667	0.457398
0.016994	0.411656
0.023718	0.570305
0.024135	0.606531
0.024884	0.575218
0.019345	0.403163
0.016247	0.359680
0.022409	0.602595
0.016551	0.422715
0.021585	0.541205
0.030073	0.783136
0.019904	0.368918
0.013749	0.232604
0.016578	0.503521
0.017694	0.531974
0.016536	0.497461
0.020865	0.662739
0.017774	0.485926
0.012570	0.287702
0.012256	0.359418
0.008912	0.282221
0.015699	0.486869
0.015838	0.498069
0.019359	0.503698
0.025262	0.612722
0.023642	0.651545
0.016914	0.541669
0.018615	0.593785
0.006456	0.355192
0.011766	0.369806
0.016728	0.319637
0.009529	0.319301
0.016507	0.368534
0.023449	0.519634
0.016106	0.413782
0.002324	0.106158
0.011429	0.293468
0.008180	0.180754
0.006868	0.227201
0.024550	0.520935
0.010927	0.274680
0.012585	0.322887
0.012651	0.287224
0.025376	0.517143
0.023005	0.571752
0.013749	0.361077
0.019561	0.399414
0.013522	0.252163
0.013554	0.279072
0.029175	0.663668
0.023421	0.480446
0.010963	0.168072
0.004533	0.125546
0.015263	0.428780
0.021227	0.532889
0.011415	0.234705
0.030687	0.680953
0.006758	0.086233
0.012853	0.380469
0.013007	0.434528
0.013957	0.486891
0.012004	0.307242
0.024831	0.232551
0.024972	0.433286
0.032381	1.010932
0.031927	0.995225
0.031267	0.929173
0.025996	0.772960
0.029622	0.822584
0.036689	1.072152
0.046623	1.332827
0.047476	1.378960
0.044975	1.325368
0.043490	1.582808
0.058759	1.851953
0.048076	1.314009
0.043880	1.208678
0.036602	1.017071
0.046272	1.329955
0.050789	1.320762
0.044917	1.196695
0.047329	1.354858
0.056434	1.558677
0.050353	1.411790
0.043404	1.249285
0.043677	1.242576
0.040742	1.221500
0.054497	1.549892
0.059509	1.605777
0.061679	1.673006
0.067751	1.830860
0.045101	1.269719
0.049630	1.382700
0.046654	1.241076
0.041537	1.126168
0.045152	1.178257
0.048467	1.230453
0.050902	1.334584
0.055072	1.381856
0.062317	1.582389
0.070355	1.744790
0.054913	1.387659
0.047125	1.213606
0.039765	1.026058
0.047015	1.199216
0.042218	1.173922
0.040298	1.134783
0.044351	1.298709
0.049323	1.347331
0.055762	1.488004
0.051096	1.380162
0.061131	1.608190
0.056577	1.450248
0.055503	1.435251
0.051396	1.338479
0.060608	1.513523
0.060581	1.486091
0.055932	1.394614
0.048646	1.193514
0.056271	1.347202
0.064709	1.570001
0.068829	1.725922
0.065345	1.611998
0.056695	1.388140
0.049429	1.255534
0.061903	1.471514
0.073187	1.712116
0.053968	1.370466
0.071878	1.788897
0.066461	1.669768
0.071529	1.780532
0.080301	1.934230
0.079483	1.897196
0.077607	1.834887
0.072642	1.819032
0.067797	1.682349
0.059947	1.530486
0.063237	1.509475
0.068434	1.574336
0.066941	1.434110
0.077576	1.702117
0.058255	1.352923
0.059509	1.363871
0.061354	1.371381
0.074135	1.642084
0.075558	1.715386
0.073805	2.101158
0.066853	1.492218
0.063508	1.485980
0.048072	1.088182
0.052439	1.131939
0.050747	1.110829
0.055342	1.191106
0.061980	1.514189
0.055971	1.387592
0.060490	1.476106
0.036613	0.980102
0.041050	1.102537
0.041960	1.133782
0.039771	0.943598
0.057668	1.407373
0.032684	1.111240
0.060052	1.416858
0.061737	1.411413
0.058849	1.459749
0.042348	1.015313
0.052447	1.344598
0.061547	1.551119
0.060742	1.518619
0.054857	1.364551
0.059782	1.463337
0.055670	1.346186
0.065344	1.618071
0.062685	1.517881
0.055737	1.352652
0.058629	1.438790
0.055115	1.366154
0.061160	1.535706
0.052028	1.363190
0.053098	1.376568
0.061841	1.500220
0.058240	1.449077
0.055248	1.332833
0.055618	1.359234
0.056518	1.373202
0.050698	1.195199
0.041002	1.056081
0.043394	1.064150
0.046144	1.093502
0.047093	1.173015
0.048493	1.910986
0.047281	1.184899
0.048154	1.118267
0.047469	1.142215
0.058082	1.271140
0.038316	0.855771
0.030970	0.710831
0.031020	0.645948
0.026119	0.481136
0.023333	0.309061
0.019106	0.283021
0.023232	0.302657
0.013441	0.179660
0.029516	0.644162
0.038203	0.870216
0.030188	0.664203
0.028480	0.595667
0.025698	0.494248
0.022201	0.312386
0.030901	0.434176
0.028665	0.332982
0.026836	0.332447
0.037586	0.680366
0.023277	0.254362
0.054755	0.741499
0.035927	0.478925
0.032258	0.476495
0.043402	0.754737
0.040345	0.696967
0.049384	0.785963
0.057886	0.929250
0.062818	1.011515
0.068252	1.108954
0.054554	0.902433
0.036968	0.522003
0.036256	0.558431
0.034704	0.580770
0.040132	0.330565
0.047019	0.725042
0.042079	0.594264
0.033794	0.543322
0.042531	0.666304
0.040692	0.688422
0.044629	0.697876
0.034901	0.767877
0.036351	0.823346
0.059770	1.175316
0.036452	0.782859
0.040597	0.911540
0.032207	0.974193
0.045171	0.814930
0.034813	0.566677
0.043363	0.654921
0.041146	0.650934
0.053856	0.941714
0.045916	0.725114
0.054416	1.041579
0.074723	1.354739
0.066958	1.268661
0.067383	1.319165
0.099171	1.649809
0.066519	1.167221
0.091934	1.276337
0.085741	1.552765
0.081994	1.470278
0.113128	1.751829
0.059930	2.141008
0.048583	1.158289
0.042684	1.187920
0.047287	1.171547
0.067412	1.510337
0.075147	1.388213
0.064914	1.140999
0.080829	1.368588
0.107031	1.545768
0.119201	1.477870
0.125990	1.506681
0.143914	1.712810
0.178333	2.286912
0.180416	2.135501
0.188849	2.144918
0.196805	2.034520
0.223737	2.523017
0.210888	2.442111
0.211564	2.751543
0.174713	2.747656
0.146713	2.501548
0.131563	2.479371
0.156291	2.270871
0.137140	2.404154
0.103773	1.675565
0.111680	2.145962
0.105660	1.880890
0.094835	1.716754
0.089905	2.156518
0.093026	1.676807
0.088647	1.711234
0.089098	1.616406
0.065304	1.209942
0.051889	0.659284
0.038340	0.533857
0.031881	0.760484
0.035368	0.498584
0.027907	0.273762
0.027088	0.161363
0.043385	0.510405
0.049075	0.695239
0.050219	0.823581
0.056277	0.939857
0.068603	1.169136
0.054964	1.034337
0.064919	0.793444
0.057806	0.953100
0.051278	0.896319
0.044129	0.831497
0.040471	0.723157
0.032620	0.608828
0.023575	0.677657
0.021033	0.371370
0.044915	0.674803
0.058947	0.927383
0.047551	0.773769
0.042976	0.660514
0.044593	0.623317
0.058719	0.695444
0.055901	1.394724
0.049334	0.667526
0.046846	0.682708
0.063221	0.350933
0.054062	0.904037
0.045265	0.851998
0.045106	0.682392
0.041258	0.791437
0.043651	0.611738
0.039355	0.585093
0.045863	0.790765
0.048136	0.781141
0.040300	0.691528
0.040736	0.741284
0.044383	0.778628
0.038910	0.826928
0.036016	0.735202
0.047404	0.845175
0.050040	0.826782
0.038678	0.695218
0.040271	0.751559
0.051182	0.901857
0.053187	1.013638
0.045554	0.951212
0.049320	1.046283
0.050037	1.106709
0.045668	1.083808
0.042249	1.107764
0.050789	1.243561
0.046726	1.185748
0.042239	1.094719
0.043425	1.151986
0.040702	1.069617
0.044718	1.142667
0.044695	1.175555
0.035552	0.971570
0.030872	0.833698
0.031119	0.878008
0.024031	0.727652
0.027355	0.689105
0.026812	0.698149
0.030803	0.641960
0.028378	0.619949
0.035890	0.680312
0.032407	0.494089
0.029081	0.483556
0.031693	0.505400
0.050508	0.742384
0.040927	0.710047
0.036500	0.669448
0.036413	0.738631
0.034409	0.667772
0.033056	0.593429
0.042624	0.670318
0.037009	0.557356
0.043142	0.632799
0.033367	0.371297
0.024136	0.250371
0.022032	0.356554
0.021566	0.226957
0.022642	0.216299
0.031392	0.299139
0.021037	0.186077
0.019452	0.330017
0.022279	0.431328
0.021486	0.330230
0.029131	0.266091
0.043773	0.456397
0.029602	0.177742
0.021821	0.276144
0.014274	0.492694
0.014724	0.589510
0.021518	0.342286
0.031745	0.266006
0.036424	0.404417
0.021985	0.258114
0.023600	0.242066
0.015368	0.049595
0.010584	0.058178
0.013791	0.203130
0.010153	0.253530
0.015822	0.477335
0.010948	0.595416
0.011286	0.530214
0.002031	0.499862
0.007267	0.503538
0.005778	0.596790
0.008370	0.812140
0.020874	0.843464
0.014137	1.007427
0.009212	1.102750
0.004779	0.987504
0.021505	0.981568
0.026547	1.010383
0.035118	1.218559
0.026835	1.140198
0.024368	1.178718
0.017538	1.130104
0.014571	1.175354
0.016759	1.368089
0.011230	1.270226
0.013695	1.187781
0.013563	1.395997
0.018149	1.407339
0.008795	1.039783
0.009404	1.122728
0.013296	1.130200
0.012711	0.940135
0.011432	0.924114
0.014619	1.021069
0.016885	0.957512
0.013236	0.824976
0.014118	0.979353
0.011061	0.877535
0.014009	0.986972
0.014399	0.702337
0.014571	0.884671
0.018768	0.972905
0.021119	0.901122
0.023804	0.925377
0.021633	0.909678
0.025093	1.114281
0.022006	0.898442
0.025821	1.002147
0.029503	1.134649
0.029062	1.094659
0.035410	1.159977
0.030509	1.075200
0.027973	1.082868
0.027448	0.931257
0.028820	1.203251
0.035273	1.660822
0.032948	1.233522
0.026239	0.879753
0.021172	0.644038
0.025381	0.781820
0.024398	0.817263
0.028069	0.983682
0.030320	1.034132
0.023845	0.608595
0.025279	0.771848
0.024634	0.729334
0.021571	0.637130
0.024383	0.643841
0.022643	0.571229
0.022494	0.573105
0.020846	0.543897
0.023833	0.701730
0.022813	0.514239
0.019723	0.146314
0.021542	0.337619
0.022708	0.477648
0.024917	0.542560
0.025972	0.379613
0.026650	0.619949
0.026167	0.494316
0.026951	0.581020
0.027256	0.605587
0.016366	0.475626
0.027624	1.019608
0.023572	0.801387
0.024056	0.733956
0.022192	0.728618
0.023828	0.764046
0.025792	0.794887
0.031158	1.165239
0.023796	0.901385
0.020916	0.702867
0.019576	0.693317
0.016929	0.691174
0.016483	0.693506
0.019073	0.759620
0.021599	0.893288
0.024259	1.100630
0.022196	0.971483
0.013657	0.620545
0.028936	0.776417
0.010079	0.688126
0.003308	0.608624
0.008521	0.602812
0.004580	0.568938
0.017176	0.719741
0.009176	0.537194
0.013844	0.745507
0.024128	0.914241
0.025833	0.995227
0.022607	0.829373
0.018740	0.614577
0.013460	0.598412
0.018511	0.716234
0.030867	0.806268
0.037545	0.938022
0.018822	0.842271
0.032130	0.814455
0.023723	0.782618
0.018973	0.721252
0.030060	0.834835
0.012362	0.752383
0.027961	0.867033
0.026806	0.862303
0.032340	0.998156
0.032284	0.928366
0.029615	0.795759
0.030902	0.760447
0.030727	0.776566
0.029036	0.780543
0.029592	0.746130
0.035239	0.871649
0.037721	0.836997
0.029048	0.770469
0.027328	0.766986
0.031072	0.638673
0.027978	0.694944
0.018178	0.496213
0.014999	0.409909
0.020782	0.556204
0.028733	0.570340
0.018298	0.488720
0.019588	0.461341
0.025144	0.570041
0.037063	0.848703
0.042236	0.831065
0.037594	0.805093
0.032343	0.699214
0.023337	0.544750
0.024380	0.595257
0.030198	0.526785
0.025177	0.601499
0.028252	0.662782
0.028698	0.729098
0.025042	0.707147
0.016211	0.606469
0.023694	0.790735
0.019836	0.604607
0.019576	0.712126
0.017172	0.671885
0.019728	0.672713
0.012262	0.419248
0.020367	0.655217
0.026962	0.705163
0.024527	0.518542
0.041200	0.865109
0.036042	0.719731
0.034147	0.686352
0.034873	0.777273
0.028813	0.645446
0.029612	0.704025
0.027965	0.836590
0.028454	0.838573
0.032887	1.064756
0.031903	0.920811
0.017266	0.725288
0.017313	1.113060
0.031458	0.922599
0.030016	1.044748
0.020894	0.902368
0.020509	0.906986
0.016021	0.949719
0.013916	0.852248
0.026455	0.814855
0.032063	0.767066
0.037547	0.829886
0.041069	0.854014
0.037193	0.857506
0.041952	0.910379
0.036701	0.758455
0.028541	0.729023
0.032620	0.683619
0.025338	0.688993
0.029729	0.636520
0.025024	0.527884
0.020007	0.546886
0.023784	0.460432
0.027193	0.603234
0.023174	0.533636
0.022712	0.432458
0.018882	0.522114
0.020495	0.480157
0.021922	0.364717
0.018876	0.426130
0.013733	0.440515
0.015405	0.450800
0.013582	0.365240
0.010300	0.440139
0.019168	0.460249
0.013242	0.459683
0.014232	0.252384
0.017046	0.285076
0.017400	0.310667
0.016019	0.259397
0.018515	0.137423
0.014872	0.224371
0.014572	0.323571
0.015792	0.185760
0.014673	0.155919
0.014762	0.284123
0.016325	0.206805
0.016665	0.162173
0.016310	0.144851
0.016264	0.133753
0.018654	0.159008
0.017255	0.193240
0.017904	0.193179
0.018749	0.284861
0.020309	0.471067
0.017377	0.517631
0.017344	0.521348
0.020535	0.620081
0.025361	0.707726
0.024733	0.728467
0.024104	0.707276
0.028153	0.815689
0.025511	0.761614
0.025655	0.774822
0.024642	0.727712
0.024778	0.739688
0.026694	0.742811
0.024626	0.680977
0.024137	0.677591
0.025430	0.667567
0.026514	0.726916
0.024380	0.671058
0.024130	0.671652
0.024928	0.626313
0.023237	0.559475
0.030324	0.752255
0.030880	0.754331
0.030596	0.750697
0.034883	0.933247
0.026954	0.734458
0.026968	0.817155
0.028974	0.837624
0.029028	0.820739
0.029875	0.892195
0.028177	0.826084
0.021788	0.574516
0.020039	0.459773
0.020248	0.496316
0.021466	0.650191
0.018950	0.444494
0.013812	0.298919
0.021761	0.606305
0.019756	0.545919
0.019122	0.515204
0.019337	0.545069
0.019786	0.586058
0.020623	0.656040
0.023858	0.772622
0.025830	0.832705
0.022019	0.711659
0.019325	1.510299
0.017172	0.572956
0.019428	0.682617
0.024658	0.792258
0.023548	0.744117
0.019083	0.634731
0.021081	0.675430
0.018450	0.651791
0.009423	0.442983
0.012644	0.486946
0.016098	0.534567
0.008811	0.372293
0.015588	0.542684
0.019937	0.648600
0.017431	0.637932
0.015479	0.630484
0.022578	0.766883
0.019819	0.678974
0.019016	0.651481
0.014888	0.445385
0.016098	0.461808
0.014449	0.400223
0.017894	0.420061
0.014775	0.335538
0.012094	0.294940
0.015857	0.278472
0.020513	0.265839
0.017467	0.217827
0.020126	0.326794
0.019689	0.302345
0.019221	0.296245
0.023144	0.325239
0.032853	0.458489
0.020248	0.369790
0.023711	0.409656
0.033388	0.422110
0.020549	0.413247
0.018940	0.454351
0.020900	0.412658
0.019637	0.485225
0.014174	0.707304
0.013505	0.743249
0.013556	0.647450
0.019135	0.766582
0.016609	0.675827
0.017416	0.692845
0.020609	0.762525
0.017873	0.735013
0.014758	0.697880
0.017333	0.716896
0.012010	0.527987
0.014488	0.529244
0.008758	0.472544
0.006796	0.425690
0.006466	0.352764
0.023346	0.705810
0.013672	0.267741
0.014464	0.312838
0.024696	0.461918
0.041371	0.749491
0.039629	0.698839
0.039595	0.510313
0.014961	0.273489
0.028258	0.547900
0.035400	0.693581
0.025583	0.475067
0.016391	0.265810
0.016732	0.279984
0.009459	0.174540
0.008391	0.149345
0.006713	0.114395
0.010142	0.177128
0.017269	0.323060
0.019871	0.352828
0.010420	0.169213
0.021205	0.385808
0.005851	0.212810
0.032897	0.611798
0.028028	0.482760
0.020371	0.385172
0.020306	0.398316
0.035654	0.575819
0.029532	0.426375
0.025105	0.366428
0.023335	0.342871
0.017748	0.284783
0.019889	0.315569
0.036106	0.439960
0.025665	0.298172
0.014033	0.236254
0.010765	0.135734
0.012489	0.239846
0.008263	0.171134
0.028854	0.386293
0.017696	0.284316
0.014895	0.330945
0.020486	0.479439
0.013467	0.231884
0.013353	0.205188
0.013822	0.245025
0.008797	0.190483
0.010181	0.217007
0.009425	0.124528
0.007268	0.070938
0.006672	0.152148
0.015582	0.306293
0.014917	0.282460
0.009119	0.124364
0.016434	0.337323
0.015893	0.338174
0.013406	0.276760
0.018341	0.406704
0.014995	0.220911
0.017356	0.274398
0.017975	0.312534
0.014663	0.259249
0.009388	0.099794
0.021474	0.377213
0.013309	0.207822
0.013505	0.182348
0.016636	0.159776
0.012053	0.196923
0.017714	0.225740
0.016843	0.163879
0.015654	0.419432
0.019989	0.174031
0.019869	0.235628
0.012215	0.130970
0.021510	0.269950
0.017117	0.126941
0.027682	0.314709
0.039734	0.708290
0.033125	0.607745
0.026504	0.291746
0.033340	0.637959
0.031942	0.547840
0.043409	0.847245
0.044065	0.803203
0.047003	0.906509
0.048924	0.970733
0.034636	0.586467
0.023127	0.345501
0.029683	0.559952
0.043150	0.876060
0.048700	1.064548
0.052469	1.273932
0.052525	1.289580
0.049578	1.125387
0.044910	0.935965
0.043158	0.820935
0.038795	0.677789
0.040150	0.798939
0.051820	1.185789
0.049653	1.147257
0.039147	0.833599
0.039804	0.888804
0.038042	0.837999
0.042386	0.922239
0.037219	0.746982
0.044359	1.002434
0.037295	0.820476
0.034426	0.721975
0.035589	0.731376
0.043894	1.027314
0.035241	0.737667
0.036828	0.785740
0.040185	1.139605
0.032609	0.874691
0.035731	0.918292
0.036885	0.964629
0.038792	0.996520
0.044077	1.211808
0.046994	1.358704
0.039197	1.041044
0.033046	0.938073
0.037722	1.047311
0.041411	1.144232
0.033827	0.921346
0.034497	0.936939
0.035811	0.979085
0.033616	0.855592
0.031802	0.837015
0.037690	1.025378
0.030815	0.797619
0.031632	0.792500
0.037587	0.954379
0.036464	0.956000
0.039807	1.094389
0.032953	0.870018
0.031837	0.815955
0.034418	0.903215
0.032846	0.849845
0.032137	0.788637
0.033632	0.828556
0.030841	0.840620
0.032295	0.885858
0.028209	0.747137
0.030251	0.744111
0.038996	0.925047
0.033870	0.780781
0.026516	0.574885
0.028247	0.513068
0.027611	0.612420
0.042859	0.911006
0.048390	1.091062
0.042141	0.853744
0.036887	0.744581
0.044966	1.024270
0.037237	0.809565
0.030971	0.865200
0.034287	0.867780
0.047026	1.374193
0.039598	1.071998
0.033588	0.938778
0.042569	1.139645
0.046272	1.195948
0.040019	1.007952
0.042539	0.937315
0.050266	1.127410
0.038078	0.889369
0.033395	0.786870
0.040145	1.049638
0.029388	0.898101
0.043582	1.179041
0.043829	1.220698
0.053486	1.335805
0.029886	1.223171
0.036310	0.956281
0.036317	1.008284
0.036397	1.044689
0.028808	0.825024
0.039099	1.060904
0.039934	1.047562
0.047237	1.232698
0.048533	1.286824
0.039575	1.135423
0.039994	1.119089
0.038366	1.166051
0.041750	1.157379
0.044801	1.214721
0.046227	1.307812
0.046365	1.231884
0.046860	1.286499
0.044411	1.225787
0.037159	0.948708
0.033697	0.849809
0.032475	0.836450
0.033308	0.805202
0.037867	0.882659
0.034879	0.847560
0.037320	0.891762
0.037562	0.882105
0.033916	0.795626
0.030292	0.756578
0.032173	0.791306
0.038525	0.869626
0.035294	0.850929
0.034316	0.765532
0.035190	0.719096
0.035493	0.710494
0.034335	0.683605
0.036343	0.734519
0.036491	0.784326
0.037214	0.509961
0.038788	0.214482
0.032585	0.699997
0.030007	0.635452
0.025919	0.565804
0.021874	0.412895
0.022023	0.448035
0.021853	0.444693
0.023905	0.557990
0.024932	0.578636
0.020106	0.414321
0.018597	0.413081
0.019302	0.368669
0.020011	0.755263
0.016666	0.651621
0.017576	0.703540
0.022232	0.803878
0.018511	0.411888
0.017299	0.317775
0.018011	0.400187
0.015003	0.344791
0.016501	0.362310
0.017016	0.389882
0.020262	0.422102
0.016951	0.404280
0.015232	0.328877
0.014836	0.368363
0.012550	0.379915
0.016509	0.439346
0.018744	0.508467
0.027142	0.659691
0.023594	0.604489
0.016639	0.431460
0.015281	0.445135
0.057167	1.167884
0.059108	1.228648
0.054969	1.157815
0.051181	1.060661
0.051493	1.102987
0.074119	1.685771
0.035543	0.729293
0.044308	0.992334
0.035454	0.772988
0.040139	0.785831
0.032269	0.618412
0.026188	0.512295
0.029994	0.598231
0.033428	0.704626
0.026413	0.516266
0.032750	0.548815
0.023591	0.341304
0.029243	0.444056
0.036640	0.525849
0.020896	0.392220
0.014459	0.307860
0.020440	0.471826
0.027501	0.585096
0.033084	0.835547
0.023320	0.557487
0.027039	0.495011
0.041189	0.562053
0.046922	1.214522
0.043827	1.245134
0.024677	0.753956
0.023186	0.659553
0.022365	0.529200
0.024556	0.523553
0.012763	0.014175
0.013350	0.258651
0.015826	0.244952
0.016735	0.259761
0.021413	0.330745
0.009063	0.121103
0.017456	0.213021
0.023361	0.342791
0.022314	0.471919
0.015399	0.380870
0.020477	0.561353
0.016895	0.614498
0.025363	0.560848
0.018684	0.422651
0.027391	0.661113
0.017743	0.484740
0.032809	0.955443
0.036655	0.973681
0.027249	0.807331
0.041799	1.199423
0.032336	0.867507
0.035296	0.944185
0.023015	0.816590
0.033723	0.942979
0.035931	0.998607
0.039988	1.071764
0.039249	1.146145
0.044506	1.310372
0.060925	1.802188
0.046034	1.297765
0.050698	1.479791
0.044787	1.248269
0.051116	1.464207
0.052470	1.500089
0.046935	1.326026
0.057332	1.658362
0.050220	1.455996
0.058719	1.701344
0.059117	1.776152
0.059845	1.769503
0.060560	1.750606
0.055439	1.628187
0.049056	1.357593
0.042786	1.090502
0.050060	1.398384
0.052618	1.191629
0.048992	1.321348
0.044599	1.233034
0.038744	1.109154
0.033470	0.928127
0.033023	1.069108
0.034445	1.156696
0.025175	0.695435
0.024735	0.685457
0.028066	0.780982
0.028399	0.750425
0.023265	0.514968
0.029953	0.699998
0.030972	0.719017
0.037001	0.907860
0.033596	0.831402
0.034540	0.845186
0.039739	1.484583
0.036070	1.116894
0.035504	1.017322
0.034048	0.910199
0.031104	0.799512
0.031121	0.736584
0.027886	0.653217
0.028338	0.663018
0.026380	0.573613
0.028464	0.569203
0.026942	0.576430
0.021090	0.408184
0.020436	0.474803
0.016508	0.401058
0.014499	0.249117
0.020709	0.535818
0.016813	0.377842
0.016013	0.380193
0.026788	0.725681
0.023901	0.531093
0.020080	0.552941
0.012745	0.304045
0.014291	0.467565
0.017669	0.596853
0.014537	0.483633
0.016207	0.553156
0.014337	0.525428
0.009513	0.378263
0.009840	0.392481
0.009217	0.423272
0.014758	0.656758
0.018144	0.741900
0.014338	0.623016
0.011381	0.498085
0.024646	1.492646
0.023732	0.872682
0.013512	0.550751
0.020712	0.755694
0.019462	0.738013
0.016854	0.647885
0.014560	0.556235
0.014433	0.536748
0.008958	0.402062
0.010316	0.511443
0.012648	0.846096
0.015430	0.932836
0.013493	0.622486
0.011490	0.787147
0.023107	1.409192
0.016858	1.161257
0.018233	1.211429
0.016951	1.081096
0.020716	1.272399
0.025538	1.667997
0.022567	1.580814
0.024835	1.789374
0.013591	1.264280
0.010209	0.816020
0.008586	0.805292
0.010078	0.557738
0.019419	0.765916
0.024358	0.961657
0.047388	1.097065
0.054331	1.415034
0.031024	0.692080
0.026705	0.541881
0.033493	0.841012
0.042116	1.105646
0.038403	0.895136
0.042189	1.001332
0.035198	0.830636
0.042530	1.051533
0.034465	1.496770
0.032546	0.828616
0.035317	0.869341
0.036407	0.847824
0.034564	0.891017
0.030706	0.790275
0.026222	0.541890
0.023754	0.499248
0.025320	0.577932
0.018319	0.428763
0.017167	0.380150
0.015747	0.527259
0.007366	0.791685
0.011687	0.298677
0.007234	0.283120
0.011107	0.271839
0.016475	0.385449
0.013706	0.422492
0.014150	0.355098
0.010038	0.241149
0.010599	0.294970
0.011070	0.320401
0.011078	0.375770
0.011484	0.482694
0.009060	0.350949
0.015233	0.537259
0.013684	0.423450
0.008518	0.389648
0.023728	0.753882
0.013088	0.576042
0.012021	0.468697
0.014892	0.577815
0.012943	0.534094
0.016009	0.602434
0.019552	0.662807
0.018080	0.719718
0.018616	0.738712
0.017914	0.515729
0.017116	0.630884
0.022431	0.807568
0.017377	0.643538
0.025231	0.978456
0.016288	0.584293
0.013786	0.539970
0.015092	0.457156
0.009785	0.492569
0.007740	0.466594
0.011284	0.648570
0.010174	0.656078
0.013243	0.639252
0.014449	0.643957
0.011259	0.595745
0.015153	0.726708
0.014430	0.705538
0.015492	0.627806
0.020046	0.574858
0.025844	0.823698
0.025171	0.804793
0.025527	0.869995
0.023268	0.742306
0.027711	0.829913
0.025150	0.888208
0.029707	1.025834
0.031153	1.065630
0.035083	1.182945
0.034076	1.174046
0.030172	1.040117
0.042973	1.153986
0.048608	1.163946
0.038054	1.170137
0.045579	1.269477
0.045353	1.206192
0.051722	1.527593
0.056055	1.654892
0.052149	1.524773
0.053585	1.562980
0.058229	1.668840
0.060320	1.723677
0.067056	1.966419
0.067713	2.088727
0.068855	2.193914
0.065350	2.169274
0.066126	2.145551
0.075904	2.008927
0.091494	2.304925
0.072464	1.631361
0.063110	1.520283
0.049015	1.102999
0.047778	1.164955
0.038141	0.866565
0.043572	0.828622
0.040346	0.818222
0.046388	0.973750
0.048044	0.918449
0.043677	1.108313
0.047197	1.193158
0.060882	1.578814
0.060809	1.536144
0.053520	1.358317
0.053337	1.405810
0.057281	1.548795
0.059413	1.509992
0.061548	1.576855
0.069928	1.776082
0.052691	1.389382
0.058197	1.506798
0.051625	1.395356
0.056287	1.506968
0.033906	1.009079
0.035808	1.051522
0.040925	1.106162
0.031638	0.846570
0.026332	0.791316
0.032254	0.929816
0.028292	0.745812
0.032224	0.831642
0.033923	0.909495
0.043990	1.076547
0.033262	0.860771
0.039914	0.856899
0.043482	1.008583
0.045907	1.204774
0.063585	1.419369
0.067799	1.540402
0.078862	1.658806
0.084562	1.659498
0.087451	1.680075
0.097585	1.850826
0.098566	2.024993
0.088845	1.756746
0.099223	2.010450
0.086859	1.659161
0.089038	1.826708
0.081109	1.632134
0.074127	1.460189
0.073715	1.674898
0.071221	1.676584
0.070255	1.577217
0.065556	1.612928
0.067335	1.713962
0.062698	1.600755
0.067433	1.766213
0.060401	1.435761
0.059673	1.546664
0.065633	1.708624
0.060909	1.804302
0.058037	1.795058
0.058352	1.816642
0.052766	1.684999
0.051695	1.691612
0.044647	1.518505
0.048796	1.592789
0.049150	1.563165
0.045598	1.493813
0.042645	1.471772
0.041372	1.414203
0.038464	1.329991
0.039047	1.330884
0.033555	1.225503
0.036997	1.262165
0.039280	1.292118
0.035226	1.185191
0.030903	1.042302
0.032201	1.118508
0.031743	1.103679
0.030256	0.980877
0.028355	0.967118
0.027734	0.918142
0.028464	0.998494
0.031172	1.077278
0.031694	1.068980
0.029676	1.053391
0.030437	1.029962
0.034106	1.281465
0.029368	1.124348
0.026605	0.952815
0.026118	0.999779
0.028647	0.939713
0.033721	2.113893
0.027657	0.992563
0.030982	1.039375
0.037740	1.199070
0.029679	1.019958
0.029555	1.018087
0.018205	0.774451
0.011162	0.628757
0.011166	0.678817
0.012056	0.868667
0.013532	1.628768
0.012155	0.894729
0.015143	0.878965
0.014326	0.792148
0.015927	0.772807
0.012445	0.624538
0.012985	0.591941
0.020139	0.693517
0.028205	0.805171
0.032582	0.920378
0.037105	1.031963
0.029150	0.801713
0.025296	0.709822
0.028032	0.730987
0.030878	0.789237
0.032751	0.822008
0.023878	0.664913
0.018652	0.493540
0.018052	0.448891
0.016356	0.356646
0.019532	0.467215
0.023196	0.403601
0.029918	0.810821
0.056888	1.974050
0.028760	1.053009
0.004953	0.347515
0.008696	0.412239
0.014812	0.561099
0.012746	0.522530
0.014179	0.522728
0.016102	0.623989
0.023004	0.792918
0.026313	0.882100
0.031154	1.145977
0.032173	1.288431
0.024018	0.999353
0.029922	1.120752
0.026421	1.062233
0.025632	0.955572
0.028176	0.876692
0.034231	1.276517
0.026906	0.979953
0.027162	1.189249
0.022957	0.602007
0.029845	1.435805
0.035096	1.932988
0.045343	2.513435
0.037879	2.193147
0.063347	3.290854
0.066021	3.605447
0.074990	3.872880
0.066050	3.686821
0.050954	3.125760
0.060668	3.562916
0.060239	3.631364
0.079485	4.518404
0.070835	4.268028
0.046535	3.392824
0.048592	3.203383
0.054247	3.299096
0.051734	3.259974
0.057889	2.811124
0.050064	3.300673
0.032151	2.269014
0.042673	2.787454
0.037569	2.465597
0.010733	1.180446
0.014627	1.569275
0.031022	0.673762
0.019133	0.510105
0.026941	0.615088
0.028281	0.620948
0.024666	0.383593
0.011235	0.757862
0.022569	0.334813
0.022575	0.432498
0.027216	0.610586
0.025281	0.535152
0.010379	0.586423
0.011588	0.416588
0.017169	0.218747
0.015122	0.037316
0.011216	0.186166
0.014673	0.086911
0.012216	0.194861
0.014127	0.119273
0.016872	0.100781
0.023348	0.420284
0.018404	0.200174
0.019791	0.459902
0.030638	0.891978
0.019238	0.360910
0.014050	0.255100
0.014782	0.437277
0.012179	0.341844
0.006812	0.596114
0.019322	0.483060
0.019982	0.483434
0.034750	1.260185
0.032152	1.189195
0.038489	1.092907
0.034462	1.083234
0.039351	1.689972
0.027151	1.236791
0.026533	1.050461
0.036769	1.166624
0.040866	1.215053
0.034327	1.055525
0.031778	1.015464
0.027531	0.672531
0.059489	1.773849
0.034778	1.060429
0.027171	0.809814
0.023322	0.797955
0.023245	0.792811
0.026031	0.846329
0.025577	0.856579
0.016370	0.737643
0.021667	0.862369
0.020662	0.810725
0.022934	0.909279
0.026233	0.998296
0.024469	0.919369
0.028534	0.981076
0.027629	1.029991
0.021352	0.913602
0.032203	1.165064
0.035804	1.247415
0.032844	1.088672
0.032442	1.158310
0.029775	1.137295
0.025948	1.007698
0.024636	1.025230
0.027965	1.093216
0.024762	1.047919
0.022723	0.958717
0.019222	0.917962
0.015474	0.797504
0.015904	0.757199
0.016444	0.754234
0.017339	0.701536
0.016569	0.701968
0.018580	0.742091
0.018389	0.755893
0.018832	0.793517
0.018434	0.764039
0.022735	0.822561
0.023752	0.892816
0.022838	0.904065
0.023383	0.905192
0.021483	0.824530
0.022780	0.886495
0.021059	0.927375
0.016795	0.727353
0.018974	0.807736
0.015436	0.733064
0.012997	0.703285
0.012978	0.658236
0.013059	0.647002
0.006680	0.472998
0.015122	0.764940
0.012435	0.620022
0.016407	0.719735
0.018395	0.818454
0.015517	0.820575
0.013959	0.603771
0.015971	0.644812
0.021283	0.791910
0.022334	0.788391
0.027512	0.969592
0.021477	0.655143
0.016872	0.502511
0.027062	0.818802
0.025700	0.804024
0.026651	0.797336
0.024338	0.699672
0.030406	0.908304
0.033789	1.012819
0.037554	1.110308
0.032062	0.944019
0.031499	0.921314
0.032117	0.897229
0.033869	0.951775
0.034476	0.907470
0.027711	0.802357
0.029966	0.963956
0.032784	0.991329
0.027596	0.750976
0.030777	0.885091
0.028626	0.894747
0.027793	0.890230
0.024930	0.903370
0.025005	0.845322
0.024611	0.859137
0.021974	0.833569
0.029720	0.985445
0.035683	1.048668
0.040596	1.131206
0.035525	1.002814
0.034806	1.073384
0.043352	1.190951
0.033794	0.951578
0.037829	1.008776
0.034752	1.050908
0.028046	1.004984
0.032254	1.077865
0.031547	0.991709
0.030603	0.922855
0.029162	0.862449
0.026619	0.934268
0.024591	0.993562
0.017685	0.979810
0.025174	0.903925
0.017870	0.758984
0.019502	0.867860
0.020302	0.840705
0.017784	0.869745
0.010366	0.892638
0.007484	0.949639
0.017627	0.877906
0.018511	0.794162
0.012579	0.654172
0.017890	0.860313
0.019098	0.862118
0.011588	0.830193
0.015613	0.830495
0.015841	0.716148
0.013813	0.645814
0.016178	0.555290
0.020286	0.997254
0.014061	0.763819
0.016938	0.994716
0.017145	1.257402
0.014552	1.062807
0.021381	1.232185
0.015415	1.091809
0.011789	0.843757
0.013557	0.726304
0.019302	0.853222
0.021311	0.972327
0.025829	1.075350
0.022657	1.083736
0.025725	1.073436
0.028785	1.127452
0.030159	1.221597
0.026662	0.887633
0.012843	0.896689
0.028246	1.002770
0.026651	1.075984
0.023119	0.990518
0.008648	0.708659
0.027246	0.694119
0.024112	0.746529
0.021652	0.841842
0.042386	0.795791
0.019654	0.690400
0.022749	0.630085
0.023162	0.706556
0.032630	0.659915
0.032781	0.722195
0.029621	0.909071
0.035661	0.741999
0.040719	0.808703
0.045189	0.733593
0.043501	0.822104
0.031239	0.608662
0.044987	0.754865
0.043051	0.763008
0.039491	0.736225
0.046396	0.509819
0.048152	0.560467
0.047499	0.845115
0.044589	0.943772
0.041461	0.736587
0.047212	0.915650
0.044911	0.827637
0.038308	0.739352
0.040953	0.778240
0.043205	0.891760
0.057653	1.277470
0.057316	1.273525
0.067293	1.439840
0.055345	1.161671
0.054458	1.195254
0.056321	1.392366
0.053228	1.429524
0.044070	1.314433
0.033610	1.120090
0.026424	0.949745
0.032226	1.051206
0.027898	0.820104
0.020273	0.836423
0.020954	0.901427
0.016167	0.639626
0.022723	0.837850
0.031850	1.122282
0.034500	1.250017
0.028620	1.016947
0.026151	0.731259
0.011616	0.419509
0.012502	0.381767
0.019828	0.613369
0.014822	0.437855
0.015130	0.140955
0.028482	0.793466
0.032441	0.994709
0.030598	0.984953
0.033338	1.049976
0.031037	1.071748
0.052389	1.567227
0.058790	1.697581
0.048014	1.424621
0.036119	1.169547
0.041463	1.346129
0.050683	1.473807
0.053088	1.568846
0.050374	1.552265
0.047367	1.622920
0.043091	1.568602
0.043375	1.516520
0.031772	1.448873
0.038559	1.551555
0.040989	1.478069
0.038029	1.382988
0.040432	1.405972
0.042780	1.526671
0.034990	1.291945
0.034234	1.317846
0.034100	1.300893
0.038204	1.407506
0.033664	1.208612
0.034988	1.184815
0.036992	1.160350
0.034075	1.017615
0.037679	1.090787
0.037764	0.883470
0.037793	0.996556
0.026836	0.918406
0.022047	0.836837
0.036116	1.023597
0.029421	0.762904
0.020822	0.487545
0.027179	0.759568
0.027905	0.775585
0.024062	0.588997
0.023886	0.582380
0.024174	0.646682
0.022743	0.638467
0.021419	0.469041
0.021625	0.406498
0.020774	0.387458
0.013446	0.369267
0.009769	0.225009
0.023200	0.419218
0.016338	0.289844
0.012974	0.210101
0.026204	0.447928
0.017914	0.256360
0.015857	0.205309
0.025449	0.357436
0.014620	0.197308
0.023393	0.319152
0.024398	0.254135
0.026073	0.280123
0.024947	0.250820
0.024346	0.259243
0.020115	0.154258
0.025939	0.452397
0.026890	0.448562
0.029026	0.558836
0.026490	0.854356
0.024368	0.520350
0.025894	0.520870
0.025753	0.445700
0.023100	0.537858
0.021629	0.541990
0.017270	0.477033
0.019587	0.574626
0.032493	1.625971
0.034895	0.890679
0.031825	0.784083
0.026610	0.647643
0.021325	0.492647
0.005386	0.400445
0.014307	0.673128
0.009166	0.518406
0.008389	0.392511
0.006264	0.390303
0.008090	0.360314
0.022092	0.559520
0.027835	0.565088
0.034166	0.792512
0.042838	1.015547
0.039013	0.828873
0.042650	1.006928
0.056764	1.293815
0.053649	1.121122
0.062844	1.387928
0.056981	1.378891
0.065064	1.582832
0.049357	1.216583
0.042299	1.031830
0.038440	1.072933
0.051411	1.177245
0.042432	1.088020
0.048840	1.262465
0.051489	1.253786
0.041281	1.002121
0.055318	1.202061
0.048595	1.143301
0.065017	1.474342
0.091788	2.915836
0.081282	1.769618
0.089669	1.855898
0.088312	1.118944
0.085726	1.633008
0.086590	1.726118
0.081969	1.674276
0.077395	1.572979
0.094834	1.819534
0.071582	1.493041
0.068531	1.455538
0.063198	1.401579
0.066431	1.423269
0.072792	1.547286
0.067264	1.426165
0.052118	1.124839
0.053787	1.045038
0.040343	0.840953
0.041758	0.880304
0.033679	0.788860
0.030589	0.750582
0.022809	0.729859
0.025534	0.893050
0.026999	0.921935
0.031336	1.019239
0.022703	0.980164
0.026584	0.989947
0.026272	1.007238
0.023860	0.980423
0.030343	0.984915
0.036982	1.017800
0.035403	1.110972
0.038073	1.192209
0.039816	1.154102
0.043995	1.280704
0.049775	1.387411
0.047802	1.356115
0.048527	1.269143
0.042393	1.036502
0.046441	1.106634
0.045640	1.448981
0.046341	1.105827
0.042243	0.975198
0.041559	0.954681
0.048429	1.021387
0.044568	1.023450
0.051353	1.057399
0.050759	1.147789
0.053605	0.973845
0.051626	0.893997
0.048063	0.800444
0.053213	0.743119
0.042920	0.625540
0.037223	0.604028
0.046667	0.652293
0.031841	0.558341
0.032994	0.578403
0.037623	0.684598
0.037554	0.615761
0.041033	0.655702
0.044235	0.662206
0.045734	0.510456
0.049737	0.563365
0.049889	0.586564
0.041884	0.599697
0.040290	0.813026
0.045993	0.821156
0.054749	1.004399
0.053780	0.954614
0.062545	1.026975
0.061094	1.065378
0.065366	1.137746
0.057381	1.055933
0.055908	1.066395
0.049195	0.824903
0.051924	0.837760
0.064925	1.103867
0.053934	0.902539
0.055127	0.844471
0.053474	0.887900
0.050439	0.747887
0.040421	0.641289
0.043907	0.738785
0.045068	0.723630
0.044600	0.832910
0.043646	0.787914
0.041606	0.520056
0.044928	0.590406
0.043865	0.839996
0.039592	0.906330
0.035516	0.734919
0.035538	0.802053
0.032114	0.974897
0.027431	0.595896
0.024755	0.679475
0.028663	0.735023
0.041105	0.777807
0.032908	0.723173
0.033643	0.686599
0.041723	0.914381
0.035472	0.847903
0.033594	0.801916
0.036872	0.928780
0.036651	0.873796
0.032651	0.935634
0.035163	0.977598
0.034282	0.932581
0.037702	0.968052
0.036869	1.022300
0.038285	0.931841
0.036385	0.904539
0.034745	0.869662
0.032895	0.866639
0.035796	0.915879
0.035012	0.912347
0.036640	0.897774
0.033071	0.842510
0.035064	0.931536
0.037686	1.079328
0.034733	1.013248
0.036293	1.035218
0.039389	1.029851
0.044292	1.059809
0.049855	1.206906
0.047949	1.155900
0.045576	1.144017
0.046623	1.068735
0.044033	1.084612
0.042099	1.014685
0.049278	1.231702
0.049981	1.145584
0.051390	1.144835
0.051188	1.243396
0.048276	1.213567
0.049703	1.213132
0.045057	1.132646
0.046380	1.121711
0.041810	1.049877
0.044269	1.163895
0.045781	1.192831
0.044100	1.105073
0.039323	1.286669
0.042590	1.136496
0.040398	1.149666
0.042509	1.202793
0.042027	1.175349
0.037869	1.149783
0.041746	1.189404
0.038455	1.188266
0.035907	1.155262
0.035938	1.100507
0.030935	1.020354
0.026766	0.926378
0.029289	0.998974
0.030857	1.016119
0.031018	1.006295
0.028354	0.891994
0.024565	0.873127
0.026496	0.867250
0.027693	0.953123
0.026135	0.911012
0.027431	0.923724
0.028868	1.038170
0.027770	0.902539
0.027522	0.942438
0.028222	0.970238
0.033505	0.993467
0.025633	0.880554
0.027151	0.891350
0.027026	0.822624
0.021376	0.569958
0.027784	0.686452
0.031657	0.723981
0.030957	0.731257
0.027488	0.675966
0.026124	0.614362
0.024932	0.698305
0.027396	0.645337
0.030475	0.634947
0.027734	0.531320
0.028062	0.579306
0.026605	0.564175
0.028548	0.581844
0.028237	0.602991
0.025373	0.484166
0.026580	0.493191
0.025983	0.485398
0.020599	0.356392
0.019843	0.555196
0.018747	0.276935
0.021927	0.483430
0.020809	0.352630
0.020358	0.429088
0.015073	0.274922
0.021398	0.472958
0.018630	0.381276
0.015228	0.362748
0.010156	0.255808
0.012827	0.299739
0.017020	0.466687
0.014433	0.334787
0.024902	0.753271
0.020085	0.683541
0.022443	0.645605
0.020185	0.703831
0.018152	0.578217
0.017728	0.684660
0.017595	0.583636
0.011374	0.699715
0.016617	0.636555
0.021210	0.788630
0.018520	0.711432
0.015844	0.654887
0.025869	1.118633
0.017560	0.542648
0.016031	0.393388
0.015139	0.488947
0.016586	0.627692
0.015186	0.559189
0.016257	0.563070
0.015411	0.570998
0.012973	0.521301
0.009347	0.317435
0.013717	0.450324
0.017962	0.549503
0.017003	0.488253
0.016807	0.485642
0.023389	1.280835
0.020500	0.396592
0.020479	0.407833
0.025397	0.529509
0.020837	0.376348
0.025561	0.558685
0.029055	0.646805
