0.034939	0.738073
0.035916	0.771691
0.033335	0.720538
0.033882	0.751603
0.032058	0.712647
0.036292	0.828950
0.035340	0.763844
0.039849	0.915149
0.034942	0.824495
0.038508	0.863500
0.039558	0.870892
0.032569	0.761273
0.034608	0.859146
0.028691	0.711445
0.031163	0.728725
0.018938	0.409519
0.020265	0.433215
0.013698	0.304464
0.013180	0.664611
0.011654	0.430809
0.014431	0.456495
0.005987	0.370447
0.007238	0.492509
0.003059	0.277979
0.002769	0.336707
0.006756	0.249927
0.003153	0.343386
0.009510	0.322418
0.013173	0.541633
0.010011	0.490617
0.009286	0.453549
0.007637	0.350749
0.009889	0.454749
0.011412	0.323920
0.022563	0.741571
0.013373	0.467510
0.012775	0.448974
0.010845	0.344412
0.011501	0.353568
0.007081	0.328528
0.014944	0.697622
0.013728	0.089248
0.010634	0.102110
0.018340	0.546956
0.012705	0.458066
0.006460	0.095691
0.012614	0.250906
0.008993	0.383590
0.007688	0.331387
0.009556	0.212088
0.008296	0.241195
0.006271	0.248039
0.008387	0.207557
0.011413	0.335096
0.008515	0.157574
0.007143	0.204990
0.016152	0.176199
0.008457	0.148618
0.007767	0.148449
0.007950	0.221390
0.010048	0.091372
0.004993	0.138141
0.009036	0.173810
0.009613	0.106694
0.005794	0.122333
0.007246	0.152580
0.004327	0.359815
0.002946	0.198544
0.004153	0.101259
0.003975	0.062674
0.009637	0.323553
0.010114	0.262540
0.007566	0.189314
0.007840	0.277018
0.008845	0.329844
0.012335	0.434482
0.015930	0.566255
0.019472	0.684953
0.023508	0.938482
0.022900	0.954074
0.022361	0.724940
0.024648	0.880592
0.017890	0.461933
0.011460	0.189176
0.010978	0.220034
0.011887	0.425289
0.009404	0.206338
0.007915	0.161882
0.016986	0.373003
0.015994	0.413391
0.014247	0.251363
0.009198	0.141764
0.019984	0.478988
0.031544	0.878554
0.021315	0.247221
0.018583	0.119849
0.026468	0.644971
0.040306	1.048524
0.030864	0.845062
0.024570	0.276133
0.026996	0.460610
0.033753	0.646352
0.040339	0.595722
0.036971	0.410693
0.031531	0.357944
0.038727	0.528443
0.029906	0.345064
0.021503	0.234583
0.018255	0.211334
0.016422	0.231990
0.020254	0.615563
0.009537	0.285251
0.012880	0.291328
0.019765	0.362308
0.018517	0.476635
0.026296	0.564345
0.029057	0.533547
0.025465	0.690037
0.027901	0.737662
0.019618	0.425781
0.018529	0.437133
0.017338	0.477377
0.032778	0.745077
0.016380	0.268988
0.017119	0.270311
0.015103	0.177618
0.029141	0.624781
0.021483	0.416997
0.017769	0.263804
0.014321	0.232299
0.017682	0.345778
0.017836	0.375235
0.023139	0.285139
0.023549	0.269050
0.025539	0.168779
0.035961	0.199439
0.036773	0.296886
0.034342	0.218914
0.036382	0.188168
0.041180	0.267710
0.046119	0.426408
0.048384	0.344174
0.036202	0.086643
0.042574	0.143266
0.043346	0.282312
0.037939	0.347181
0.036005	0.209817
0.040423	0.339280
0.035591	0.201823
0.035727	0.182567
0.030633	0.205779
0.035827	0.154170
0.039521	0.301285
0.035051	0.236379
0.037777	0.366662
0.040146	0.536454
0.041321	0.349549
0.039022	0.241816
0.039645	0.328569
0.033824	0.237902
0.032675	0.295672
0.036281	0.381003
0.033879	0.268020
0.021843	0.295713
0.021865	0.917028
0.012015	1.123146
0.013686	1.277247
0.010495	1.365058
0.011432	1.117559
0.003218	0.797587
0.004730	0.907972
0.009255	0.793266
0.016196	0.445254
0.026103	0.409397
0.020963	0.234587
0.026077	0.296961
0.026343	0.294348
0.027191	0.715065
0.036212	0.675632
0.037461	0.349906
0.041153	0.464446
0.050563	0.634601
0.034547	0.605456
0.043203	0.643401
0.046732	0.801918
0.033681	0.644712
0.046559	0.816960
0.035642	0.635017
0.033149	0.579769
0.034429	0.623553
0.020508	0.479463
0.019076	0.622113
0.011022	0.537554
0.011751	0.402193
0.021150	0.756002
0.026762	0.787264
0.025453	0.710664
0.027820	0.776307
0.034547	0.821568
0.036272	0.893798
0.033161	0.937347
0.038675	1.205970
0.027901	0.754204
0.031365	0.727426
0.026022	0.626839
0.023784	0.540549
0.019487	1.018965
0.011609	0.239942
0.008593	0.218713
0.010937	0.190384
0.018839	0.420867
0.013244	0.333334
0.012023	0.311831
0.018704	0.457295
0.018498	0.530822
0.020851	0.519041
0.016990	0.467165
0.018632	0.495496
0.020485	0.545043
0.024657	0.628134
0.027094	0.688302
0.021732	0.522714
0.027830	0.664985
0.026689	0.629217
0.029683	0.734757
0.032009	0.842593
0.024702	0.700870
0.029052	0.783766
0.032652	0.899999
0.032067	0.817590
0.034166	0.897661
0.029924	0.770630
0.026028	0.688248
0.017186	0.481251
0.023463	0.619232
0.023172	0.647412
0.018873	0.574241
0.021960	0.629220
0.030509	0.778077
0.019149	0.541193
0.017480	0.544610
0.023154	0.684839
0.022782	0.632701
0.019862	0.557551
0.020195	0.590996
0.023917	0.651111
0.020795	0.629900
0.020764	0.900403
0.027112	0.775115
0.022683	0.713121
0.024738	0.736757
0.026600	0.720148
0.028490	0.769022
0.034403	0.893299
0.027026	0.718318
0.024759	0.692975
0.019859	0.654971
0.020319	0.649769
0.018688	0.623904
0.013776	0.520943
0.013194	0.430786
0.017167	0.560639
0.014600	0.430365
0.014309	0.244432
0.016942	0.354067
0.018220	0.468191
0.017801	0.417836
0.021964	0.398573
0.020430	0.380245
0.029394	0.440825
0.020989	0.468066
0.025952	0.478073
0.033335	0.518307
0.034222	0.597430
0.028962	0.512169
0.034675	0.563039
0.033107	0.565342
0.032034	0.541289
0.031992	0.574479
0.028978	0.631392
0.031572	0.488600
0.037094	0.548087
0.032024	0.608881
0.032524	0.677485
0.039866	0.646370
0.045610	0.721125
0.026123	0.562666
0.029737	0.526083
0.029423	0.372869
0.030836	0.494175
0.026855	0.669219
0.024377	0.537260
0.033248	0.643524
0.038809	0.778542
0.035899	0.815183
0.041900	0.963508
0.045476	1.106996
0.045667	1.133726
0.044536	1.102243
0.032387	0.860874
0.037689	1.047439
0.041530	1.000410
0.042471	1.016135
0.040644	0.960974
0.040269	1.061229
0.037669	0.924315
0.046539	1.152406
0.045995	1.080150
0.049209	1.180445
0.059558	1.308186
0.060777	1.313121
0.057982	1.149346
0.065513	1.185092
0.047200	0.573704
0.047980	0.587098
0.046641	0.607501
0.049633	0.627794
0.068701	0.876424
0.067898	0.870139
0.063543	0.880120
0.060714	1.019935
0.062838	1.010571
0.062121	0.997634
0.076146	1.237260
0.078772	1.311869
0.086882	1.471952
0.086588	1.464421
0.072853	1.171662
0.063967	1.000941
0.064266	1.022527
0.046094	0.679281
0.055879	1.670423
0.040035	0.569089
0.035233	0.420087
0.032222	0.470292
0.030171	0.408938
0.027596	0.452559
0.046038	1.415145
0.024849	0.456969
0.029968	0.608865
0.030795	0.662062
0.032328	0.660081
0.028611	0.584043
0.027854	0.569233
0.024741	0.534041
0.028588	0.646584
0.022480	0.595752
0.020517	0.554166
0.019736	0.569240
0.020167	0.572856
0.031777	0.747322
0.028643	0.798383
0.019085	0.704954
0.020871	0.766369
0.021224	0.772618
0.039630	1.241392
0.037606	0.970557
0.024169	0.617862
0.032643	0.879058
0.028148	0.704208
0.031079	0.715495
0.027167	0.659156
0.022286	0.612893
0.020738	0.533618
0.021232	0.546606
0.023387	0.561168
0.010764	0.435748
0.009109	0.402679
0.017022	0.526596
0.016979	0.528050
0.029120	0.657045
0.008708	0.339044
0.008278	0.246484
0.011917	0.307652
0.008129	0.259482
0.008551	0.258590
0.016901	0.387810
0.019026	0.425033
0.013562	0.309497
0.017608	0.405486
0.015354	0.422262
0.015481	0.415634
0.013752	0.327619
0.014027	0.210492
0.013302	0.258624
0.015762	0.240261
0.016903	0.257701
0.018176	0.347265
0.023826	0.466766
0.033161	0.569015
0.020035	0.412146
0.008633	0.338537
0.010183	0.347130
0.006414	0.280602
0.010167	0.439154
0.012556	0.515907
0.010991	0.426474
0.015032	0.370938
0.014788	0.359437
0.008869	0.323095
0.013524	0.220893
0.010073	0.286612
0.008127	0.319994
0.032826	1.216815
0.015222	0.267076
0.017715	0.206441
0.023567	0.289750
0.014659	0.343538
0.015095	0.295741
0.017092	0.439874
0.017973	0.467295
0.020468	0.456584
0.043925	0.970293
0.047905	0.936402
0.051007	0.970842
0.038164	0.806025
0.028629	0.679889
0.012270	0.438756
0.019629	0.516340
0.028831	0.832801
0.033221	0.886269
0.010639	0.675799
0.014661	0.582144
0.014575	0.618331
0.021010	0.745624
0.017907	0.715652
0.028017	0.853472
0.024559	0.861397
0.014806	0.751892
0.010830	0.666754
0.011467	0.691385
0.014428	0.712631
0.023469	0.938942
0.039795	1.187259
0.035712	1.088094
0.035597	1.091047
0.043200	1.208743
0.048077	1.301558
0.037323	1.157104
0.029208	1.040844
0.009077	0.746212
0.012652	0.771494
0.009258	0.336824
0.023941	0.939060
0.023631	0.892609
0.029089	0.846867
0.031060	0.867494
0.028786	0.871201
0.024528	0.690110
0.023147	0.653474
0.024221	0.658727
0.019005	0.556530
0.015977	0.453136
0.026375	0.694550
0.026122	0.721973
0.021861	0.733108
0.024110	0.754388
0.019657	0.426929
0.026091	0.753620
0.016638	0.601071
0.019407	0.789893
0.024404	0.972846
0.031636	1.143465
0.032984	1.049438
0.014762	0.789344
0.017170	0.734640
0.021468	0.919632
0.026261	0.950907
0.025097	1.086361
0.029266	1.260303
0.030578	1.313647
0.030314	1.302280
0.031487	1.185938
0.025947	1.069539
0.007650	0.810473
0.007520	0.783758
0.013860	0.763144
0.015498	0.888931
0.013147	0.897173
0.027666	0.889141
0.033405	0.940715
0.023861	0.781202
0.032995	0.929611
0.038228	0.845948
0.031948	0.668022
0.019333	0.439998
0.028356	0.610121
0.045747	0.872612
0.055605	0.868780
0.048434	0.775043
0.022200	0.309017
0.027324	0.503055
0.029343	0.638886
0.037916	0.826014
0.059945	1.105021
0.059983	1.190698
0.039041	0.831387
0.037452	0.912305
0.034923	0.869713
0.020947	0.771496
0.021098	0.762183
0.007716	0.594321
0.013802	0.800533
0.037754	1.231765
0.053695	1.413897
0.047821	1.098855
0.031381	0.759651
0.011635	0.468482
0.049195	0.964161
0.026694	0.712150
0.020043	0.983613
0.049250	1.380812
0.050515	1.287981
0.008228	0.468793
0.006316	0.578102
0.013269	0.559919
0.017178	0.710249
0.008866	0.567729
0.020374	0.610796
0.032071	0.660803
0.023481	0.519773
0.003803	0.378790
0.008177	0.427140
0.016395	0.560753
0.016024	0.497938
0.021147	0.666731
0.011636	0.462881
0.008627	0.436445
0.015850	0.369966
0.017404	0.421324
0.014065	0.429621
0.024700	0.410520
0.032596	0.552140
0.046573	0.742943
0.054191	0.926148
0.048979	0.833703
0.047884	0.855533
0.032104	0.629476
0.032620	0.579720
0.021365	0.393319
0.008722	0.232211
0.004045	0.220534
0.001974	0.154431
0.005820	0.193335
0.010567	0.336080
0.009053	0.484351
0.005434	0.362525
0.007436	0.179145
0.012239	0.292749
0.008177	0.307254
0.010200	0.321016
0.016672	0.391023
0.023028	0.597118
0.015046	0.505748
0.016502	0.449561
0.022725	0.567606
0.021093	0.505351
0.020393	0.515363
0.026539	0.687745
0.024360	0.705178
0.026903	0.722336
0.038173	0.955629
0.035149	0.926728
0.029872	0.862506
0.018541	0.748104
0.036952	0.893130
0.047441	0.832391
0.058196	1.026309
0.055706	0.957227
0.053523	1.017564
0.044077	0.761744
0.061342	1.004058
0.049484	0.847412
0.030581	0.578885
0.027159	0.669555
0.009433	0.483347
0.011409	0.446345
0.023664	0.560968
0.043632	0.987654
0.042288	1.005285
0.034694	0.860475
0.026054	0.716716
0.034245	0.833020
0.037214	0.854109
0.032062	0.745554
0.051580	1.193009
0.039414	0.908053
0.031288	0.699817
0.056043	1.282600
0.050674	1.206694
0.055299	1.236628
0.065400	1.463089
0.052812	1.220082
0.050822	1.141892
0.046016	1.032716
0.047275	1.124013
0.038703	0.877298
0.034707	0.836243
0.031203	0.740730
0.026656	0.627439
0.025113	0.614522
0.027685	0.679199
0.020013	0.472726
0.029429	0.675062
0.026371	0.461983
0.029623	0.513262
0.032986	0.575920
0.036663	0.639477
0.037485	0.655082
0.035410	0.591405
0.036376	0.567779
0.033535	0.519499
0.027310	0.399463
0.027701	0.378608
0.034399	0.615417
0.034647	0.652453
0.032961	0.587243
0.024769	0.442271
0.024963	0.424623
0.028297	0.507421
0.033751	0.589468
0.029031	0.525274
0.024218	0.409401
0.020934	0.376663
0.024604	0.403415
0.025475	0.379464
0.025749	0.367808
0.027033	0.413983
0.024494	0.390111
0.028909	0.468702
0.030541	0.422947
0.029325	0.423090
0.032058	0.469408
0.039208	0.542931
0.042693	0.717329
0.035504	0.673130
0.032568	0.674093
0.037247	0.792943
0.038666	0.850255
0.040805	0.935667
0.037925	0.882106
0.036517	0.888917
0.033649	0.927929
0.030300	0.834671
0.036130	0.918689
0.035539	0.922595
0.022610	0.647537
0.027385	0.760539
0.028657	0.806392
0.029510	0.809531
0.030131	0.812611
0.022090	0.625405
0.013853	0.514581
0.013706	0.506317
0.015160	0.549568
0.011334	0.516693
0.008592	0.563886
0.008283	0.572379
0.009275	0.556543
0.011253	0.521952
0.020149	0.541299
0.015325	0.536129
0.012502	0.469939
0.012884	0.461581
0.021057	0.528768
0.022444	0.675861
0.021936	0.772617
0.018897	0.622754
0.025588	0.770806
0.021253	0.809511
0.020829	1.411844
0.019225	0.743244
0.009116	0.874505
0.019739	0.904792
0.021606	0.926676
0.040375	1.199728
0.033625	1.075875
0.041366	0.995761
0.043746	0.983888
0.042003	0.974685
0.038466	0.825139
0.055484	1.158387
0.056890	1.171701
0.051221	1.007298
0.044263	0.922053
0.044532	0.909220
0.047299	0.974183
0.043343	0.840838
0.040926	0.821975
0.035908	0.749198
0.034676	0.719723
0.035007	0.660666
0.042635	0.764120
0.039736	0.723052
0.042955	0.686930
0.035038	0.548894
0.039690	0.625990
0.044121	1.043216
0.031501	0.493787
0.029646	0.592510
0.028661	0.447880
0.035642	0.527225
0.035432	0.597594
0.032117	0.504143
0.032094	0.630205
0.032619	0.581094
0.025123	0.508473
0.033724	0.542141
0.028556	1.072394
0.039241	0.582626
0.046754	0.795741
0.052011	0.830065
0.063030	0.972563
0.061525	0.972409
0.059482	1.095985
0.056623	1.000424
0.036083	0.691400
0.033165	0.607516
0.033093	0.643975
0.023130	0.614049
0.023941	0.576572
0.020225	0.791701
0.044069	0.851843
0.043516	0.694025
0.043021	0.910174
0.038214	0.399660
0.037555	0.419932
0.028924	0.648364
0.036138	0.673416
0.043841	0.465897
0.049431	0.661158
0.067230	0.906338
0.066152	0.889902
0.066630	0.564268
0.053151	0.512379
0.046434	0.563746
0.053653	0.520599
0.082537	0.615426
0.057525	0.702742
0.045473	0.591953
0.050013	0.509973
0.049539	0.485838
0.055905	0.836161
0.057793	0.867788
0.045406	0.761078
0.042666	0.884381
0.038666	0.726225
0.035746	0.679766
0.035597	0.643562
0.056064	1.059916
0.062745	0.902158
0.042662	0.900955
0.041440	1.092020
0.046841	0.909747
0.031708	0.737584
0.027343	0.802273
0.053778	1.152507
0.041768	1.050119
0.028217	0.733193
0.034985	0.742757
0.051319	0.853946
0.052293	0.739120
0.062222	0.870146
0.075854	1.045258
0.058775	0.755241
0.038854	0.713369
0.023439	0.772215
0.026898	0.637111
0.042099	0.603225
0.042322	0.688017
0.027775	0.594620
0.019316	0.632482
0.020648	0.617200
0.036056	0.553994
0.025784	0.475191
0.030705	0.484546
0.025103	0.702673
0.035264	0.748774
0.035411	0.711809
0.052317	1.154719
0.309418	7.892874
0.060365	1.236274
0.407923	9.726276
0.613772	14.434652
0.574906	10.973959
0.723299	5.519422
1.177124	6.097102
1.681757	8.849643
2.048679	9.728562
2.266504	10.621734
2.530437	12.229890
2.577172	12.028142
3.146175	14.674139
3.117634	14.128480
3.541890	15.982902
3.638804	15.838493
3.872407	16.397606
3.274246	13.931280
4.197027	16.843590
2.710507	10.408129
1.619290	6.786007
0.096494	1.689802
0.875156	4.752314
0.064350	1.096796
0.045079	0.888863
0.074402	1.322276
0.082632	1.495290
1.087696	5.795824
1.054434	5.237531
0.849745	4.711380
1.155884	6.206183
1.077078	5.347749
1.093457	5.439054
1.153996	5.715064
1.320112	4.681261
1.590938	6.305157
1.646459	6.236460
1.701605	6.176508
1.602012	6.494760
1.635764	6.533965
1.533986	6.143987
1.549282	6.164425
1.593553	6.370149
1.512216	6.182138
1.488693	6.628659
1.337345	6.432334
1.726157	6.985210
1.539856	6.282416
1.928792	6.802159
1.658131	6.199766
2.047991	6.932717
1.383475	6.258306
1.882536	6.788478
1.688713	6.279379
1.741799	6.475940
1.511571	5.828574
1.540620	5.224067
1.506513	5.960586
1.110071	5.064855
0.042197	0.771267
0.082929	1.489498
0.085069	1.460231
0.075362	1.524098
0.076929	1.409655
0.074012	1.213696
0.028231	0.849226
0.059510	1.067398
0.038082	1.117893
0.058647	1.292164
0.071380	1.428015
0.056560	1.230459
0.054399	1.110588
0.044622	1.019950
0.034321	0.844606
0.032476	0.855472
0.055389	1.042235
0.047704	0.901070
0.046039	0.905604
0.057856	0.968372
0.050395	0.925424
0.047045	0.848831
0.049470	0.845641
0.040194	0.839558
0.053321	1.110987
0.041286	0.958374
0.041344	1.014038
0.037427	1.056300
0.045369	1.110302
0.037162	0.969700
0.043800	1.059565
0.037684	0.978147
0.049995	1.120267
0.050001	1.131967
0.055254	1.244543
0.053360	1.153198
0.053704	1.147045
0.058185	1.228021
0.054713	1.241896
0.055460	1.243659
0.055499	1.304078
0.057581	1.340320
0.058298	1.346429
0.053384	1.230140
0.050767	1.138487
0.042027	0.984986
0.031351	0.863007
0.038032	0.962196
0.033344	0.821365
0.029957	0.766252
0.032400	0.773895
0.051064	1.036763
0.046152	0.901971
0.045411	0.929578
0.043851	0.898460
0.051940	1.055721
0.047499	0.967149
0.050815	1.015776
0.056678	1.118556
0.056802	1.143495
0.063524	2.125468
0.052681	1.059126
0.040658	0.840900
0.038262	0.781013
0.019278	0.415507
0.019527	0.422031
0.018875	0.424018
0.021406	0.420399
0.041729	1.612808
0.018127	0.375756
0.018692	0.385547
0.021899	0.512047
0.022035	0.507886
0.009259	0.216769
0.009877	0.070182
0.010359	0.087189
0.009812	0.242304
0.016726	0.395318
0.016601	0.387769
0.014409	0.305458
0.011392	0.217845
0.018835	0.470015
0.018582	0.472449
0.010266	0.215359
0.024155	0.628839
0.036282	0.868707
0.036532	0.869259
0.029146	0.654278
0.018875	0.441052
0.036837	0.837858
0.035707	0.821213
0.042601	0.917784
0.033051	0.711284
0.026825	0.618694
0.027094	0.618262
0.028680	0.658414
0.020324	0.470567
0.029442	0.697205
0.067267	1.994444
0.035778	0.817186
0.036497	0.761075
0.036268	0.773556
0.044469	0.926835
0.043510	0.903103
0.033139	1.068902
0.043737	0.902812
0.042888	0.893399
0.041268	0.869849
0.034595	0.623330
0.034967	0.672745
0.052954	1.061370
0.039057	0.750692
0.035571	0.684226
0.028624	0.481680
0.031545	0.696800
0.014916	0.577842
0.024964	0.611551
0.020608	0.498108
0.021379	0.483277
0.021093	0.573436
0.014345	0.344596
0.022461	0.598243
0.023000	0.612836
0.014240	0.404141
0.020257	0.504273
0.010136	0.314429
0.010975	0.361746
0.013266	0.440113
0.024553	0.583458
0.024514	0.584400
0.032105	0.831293
0.032308	0.764866
0.028321	0.608797
0.021965	0.560589
0.023043	0.564409
0.025256	0.609297
0.027441	0.635974
0.027215	0.617141
0.033450	0.735449
0.028011	0.612693
0.028426	0.625297
0.033599	0.702673
0.020094	0.375783
0.022523	0.509354
0.030383	0.638057
0.028043	0.623645
0.026838	0.629626
0.027524	0.650743
0.028596	0.701655
0.029283	0.671913
0.028345	0.605166
0.024830	0.548805
0.028135	0.576972
0.029556	0.578939
0.026578	0.574395
0.025195	0.532008
0.024284	0.560512
0.025545	0.621844
0.021071	0.513705
0.022899	0.545907
0.024351	0.586174
0.032309	0.843151
0.033028	0.932458
0.028843	0.814027
0.028015	0.755526
0.034698	0.960850
0.034468	0.932656
0.039857	1.056335
0.039693	1.025337
0.041090	0.960882
0.029621	0.785639
0.033829	0.725425
0.023825	0.635217
0.035560	0.925351
0.033892	0.705135
0.021201	0.538317
0.017811	0.545303
0.021531	0.537478
0.012806	0.471971
0.018173	0.475999
0.021839	0.561848
0.031085	0.870098
0.022664	0.629221
0.010284	0.391671
0.013279	0.617336
0.014145	0.599263
0.015439	0.686092
0.021446	0.826193
0.029332	1.012504
0.014701	0.771978
0.015551	0.803116
0.027100	1.003216
0.029534	1.064250
0.028332	1.132578
0.031544	1.177244
0.036893	1.294067
0.011233	0.614034
0.016732	0.732635
0.020378	0.867804
0.026216	0.731719
0.027129	0.673752
0.042385	0.917755
0.037391	0.772232
0.034264	0.685863
0.040626	0.718617
0.039921	0.717891
0.027436	0.452613
0.025634	0.399207
0.029708	0.555736
0.028687	0.537181
0.030420	0.467208
0.024567	0.404684
0.027013	0.439188
0.025981	0.425346
0.022626	0.397574
0.016168	0.303611
0.015637	0.326996
0.018108	0.404820
0.017398	0.368020
0.021670	0.500256
0.020418	0.466929
0.016719	0.412239
0.021162	0.489988
0.025934	0.556734
0.025304	0.564002
0.018890	0.415934
0.024188	0.499359
0.024583	0.510515
0.028512	0.624325
0.024347	0.514454
0.025147	0.600382
0.024680	0.589359
0.030133	0.677134
0.023834	0.502679
0.026347	0.588968
0.032930	0.812080
0.027419	0.648315
0.026554	0.671479
0.029170	0.727325
0.037786	0.908813
0.021953	0.573350
0.020191	0.442154
0.026912	0.556112
0.028378	0.779071
0.027491	0.639755
0.026362	0.646739
0.018576	0.564148
0.024131	0.660498
0.024157	0.665036
0.027964	0.735592
0.031981	0.826759
0.034439	0.888814
0.040946	0.879247
0.042067	0.908162
0.054852	1.080450
0.056691	1.158945
0.058746	1.140416
0.062690	1.187173
0.045329	0.849411
0.045950	0.882363
0.040246	0.787376
0.032973	0.599040
0.044424	0.789855
0.032202	0.623513
0.031222	0.735881
0.020042	0.547618
0.023160	0.625433
0.032271	0.699973
0.024439	0.641845
0.016996	0.569492
0.010500	0.496309
0.019596	0.496114
0.021231	0.531227
0.017266	0.433570
0.011612	0.463674
0.013366	0.329684
0.018768	0.501048
0.029419	0.597038
0.026022	0.576223
0.018387	0.671230
0.025323	0.801451
0.038165	0.787663
0.048738	0.863447
0.039527	0.818037
0.033086	0.885086
0.037696	0.935296
0.061240	1.102731
0.039938	0.924315
0.040299	0.950154
0.043923	0.848132
0.049595	0.902695
0.032280	0.706352
0.027587	0.523411
0.024308	0.480430
0.026115	0.428611
0.029312	0.429058
0.053394	0.957180
0.026437	0.357963
0.018982	0.269630
0.024044	0.341300
0.027158	0.416531
0.038997	0.611488
0.051223	0.806431
0.028705	0.442607
0.040604	0.632754
0.054508	0.857327
0.054718	0.863445
0.050585	0.818602
0.047418	0.789756
0.049719	0.783245
0.065967	1.022969
0.065403	0.984831
0.065740	0.994593
0.065991	0.979575
0.059577	0.946647
0.057913	0.942801
0.065157	1.013708
0.063611	0.958483
0.076203	1.171864
0.060893	0.938231
0.054834	0.925135
0.051515	0.838812
0.047414	0.761580
0.048290	0.766772
0.068094	1.031998
0.045617	0.738658
0.031224	0.501891
0.036360	0.603008
0.043021	0.635353
0.041563	0.616476
0.042554	0.593687
0.030625	0.537351
0.014499	0.321312
0.012090	0.282096
0.029534	0.501637
0.010580	0.356158
0.022257	0.353677
0.010773	0.300572
0.037493	0.707512
0.009549	0.314640
0.015084	0.389244
0.012651	0.317772
0.027074	0.571777
0.040454	0.769263
0.038226	0.730550
0.032188	0.630208
0.037286	0.729561
0.046719	0.813562
0.049593	0.928332
0.041907	0.839623
0.048194	0.956759
0.063681	1.234044
0.055891	1.084721
0.075699	1.486702
0.067487	1.306510
0.068505	1.332632
0.075437	1.421730
0.065593	1.234220
0.071024	1.367728
0.073173	1.404088
0.072825	1.303566
0.067567	1.233456
0.059863	1.094405
0.062157	1.128226
0.054328	0.995558
0.058313	1.062993
0.068916	1.291456
0.069915	1.313884
0.016224	0.467260
0.011107	0.590412
0.024205	0.943961
0.024174	0.726420
0.013260	0.451683
0.006177	0.175976
0.019272	0.389030
0.019608	0.390459
0.011648	0.144629
0.021309	0.237837
0.021345	0.250543
0.016369	0.133297
0.020731	0.208843
0.017072	0.187738
0.017464	0.198487
0.039391	0.475745
0.039058	0.470241
0.052792	0.762275
0.033756	0.431443
0.037208	0.469241
0.035844	0.445190
0.051400	0.775135
0.035733	0.439712
0.037418	0.469813
0.030306	0.366538
0.026362	0.611664
0.032576	0.418577
0.069102	1.088709
0.054292	0.701187
0.053161	0.729305
0.072909	1.066852
0.094603	1.488574
0.093743	1.509856
0.087907	1.349030
0.085172	1.308506
0.084782	1.298707
0.068134	0.980922
0.667596	10.827352
0.667816	10.819136
0.751401	4.114371
0.755695	4.454296
0.048290	0.686401
0.811499	4.728843
1.357198	7.977664
1.358157	7.957920
1.147200	6.792270
1.386280	8.566667
1.386449	8.578437
2.806646	18.663963
2.559146	16.460474
2.559669	16.463823
2.728731	18.005922
1.915124	13.257926
2.778342	18.445979
2.778356	18.456513
2.466119	16.522120
1.953919	14.287781
1.953346	14.295945
1.955497	14.341642
2.178301	15.415675
2.179723	15.394490
2.390107	17.370959
1.866218	13.564310
2.078585	14.592052
2.078279	14.609052
1.739778	12.425377
1.861932	13.292560
1.861650	13.308383
1.768058	11.980996
1.202104	8.546096
1.203011	8.545728
0.926605	5.916347
0.117413	1.992375
0.107366	1.761210
0.096637	1.585685
0.104772	1.802802
0.111430	1.885077
0.111547	1.897249
0.106009	1.774475
1.087412	16.788692
1.088068	16.802684
0.096020	1.527519
0.097525	1.536019
0.092419	1.511534
0.093208	1.533469
0.078064	1.156280
0.064687	0.905438
0.256168	4.489432
0.254784	4.523840
0.052458	0.970399
0.046060	0.852248
0.051255	0.975333
0.051115	0.991335
0.049504	1.107421
0.045038	0.996567
0.030189	0.922793
0.040609	1.189208
0.050459	1.775207
0.046661	1.264428
0.036293	1.081739
0.039538	1.194669
0.045932	1.378170
0.043662	1.230054
0.032294	0.850161
0.032449	0.859340
0.028947	0.979265
0.027846	0.794616
0.025666	0.718221
0.020418	0.610344
0.020127	0.615985
0.027468	0.778736
0.032524	0.715510
0.024557	0.523112
0.038665	0.909670
0.038914	0.941203
0.040183	0.957261
0.029353	0.629177
0.029172	0.570853
0.030146	0.603336
0.033204	0.640771
0.049375	0.958279
0.034941	0.739849
0.033342	0.701156
0.024760	0.460190
0.020930	0.414747
0.024661	0.513362
0.024399	0.510556
0.019297	0.531713
0.010038	0.359701
0.009604	0.359503
0.028341	0.662113
0.027472	0.657930
0.040011	1.471435
0.017349	0.458233
0.011745	0.510359
0.011469	0.506220
0.016729	0.553967
0.017585	0.413744
0.016926	0.389004
0.018500	0.471791
0.020099	0.476008
0.022148	1.176528
0.039450	0.862197
0.046787	0.907377
0.047474	0.917459
0.047595	0.923362
0.055360	1.072199
0.092184	2.186443
0.060367	1.193868
0.054774	1.138236
0.057327	1.095442
0.057503	1.101638
0.045989	0.957634
0.037500	0.819321
0.037451	0.818197
0.044182	0.922941
0.033741	0.756366
0.029599	0.674236
0.028898	0.663654
0.048405	0.997908
0.047039	1.005399
0.046537	0.994629
0.049769	1.102409
0.050466	1.120640
0.061984	1.684237
0.051687	1.178266
0.055848	1.275465
0.054643	1.252233
0.058751	1.316979
0.063720	1.387271
0.063865	1.466758
0.063046	1.451183
0.064844	1.436925
0.085512	2.254634
0.059449	1.410924
0.064562	1.502705
0.055508	1.214217
0.056169	1.229041
0.048162	1.106131
0.040053	0.896107
0.040024	0.891522
0.030390	0.778499
0.033886	0.948509
0.034272	0.953210
0.029849	0.624348
0.013169	0.302330
0.012611	0.300649
0.023653	0.520271
0.036653	1.026816
0.019621	0.460532
0.021733	0.531634
0.019230	0.519069
0.019612	0.525268
0.024590	0.532579
0.033818	0.764352
0.033619	0.760103
0.032349	0.711922
0.033872	0.828845
0.036056	0.960444
0.023294	0.677795
0.034474	0.785171
0.042791	0.938256
0.043588	0.955119
0.047180	1.139904
0.047188	1.139885
0.061425	1.438721
0.051175	1.135185
0.051288	1.139180
0.058925	1.363141
0.059183	1.369048
0.063900	1.482842
0.065793	1.496955
0.065766	1.494211
0.073625	1.784157
0.076087	1.791291
0.075892	1.784914
0.079954	1.864612
0.080180	1.867316
0.080588	1.905976
0.095137	2.463806
0.088401	1.977740
0.073555	1.648024
0.073000	1.635173
0.091836	2.067467
0.064140	1.485862
0.064416	1.489535
0.067531	1.602529
0.067637	1.605649
0.066349	1.632627
0.065391	1.615756
0.059950	1.414791
0.072057	1.687723
0.072131	1.687640
0.066359	1.607246
0.065852	1.599981
0.081176	1.905658
0.071223	1.735204
0.071529	1.743981
0.063572	1.644983
0.046763	1.422859
0.046334	1.423664
0.047549	1.578951
0.041657	1.270505
0.042989	1.284774
0.051564	1.410408
0.053326	1.520333
0.050443	1.423678
0.051888	1.488058
0.051988	1.485387
0.036149	1.029043
0.038013	1.128511
0.037916	1.124745
0.043687	1.428933
0.052401	1.789370
0.046407	1.403381
0.046378	1.421507
0.047447	1.435788
0.045561	1.558791
0.043086	1.845149
0.040434	1.413548
0.043216	1.323331
0.044242	1.336545
0.036099	1.209395
0.029060	1.026638
0.029801	1.036438
0.039844	1.111240
0.038511	1.115020
0.037990	1.104949
0.033028	1.093913
0.033943	1.100314
0.032968	1.003114
0.023034	0.719433
0.023348	0.721582
0.028740	0.360790
0.020038	0.181531
0.019914	0.200024
0.022297	0.664201
0.024455	0.768912
0.025328	0.782622
0.032659	1.118335
0.033680	1.132303
0.034034	1.001408
0.034362	0.953088
0.034542	0.959344
0.032748	0.969951
0.033947	0.982903
0.034632	0.844066
0.059188	1.351845
0.060332	1.376991
0.056259	1.231342
0.056902	1.245485
0.045320	1.068921
0.047686	1.138333
0.047811	1.128541
0.070912	1.588631
0.070053	1.570927
0.074009	1.709577
0.074773	1.749888
0.072902	1.716986
0.079509	1.832806
0.067460	1.485618
0.068095	1.503865
0.055839	1.210654
0.039397	0.869693
0.039429	0.873408
0.038529	0.804228
0.032806	0.924902
0.032159	0.910081
0.101328	1.973650
0.086438	1.346369
0.034924	0.974285
0.032949	0.940109
0.038003	0.992620
0.036735	0.814215
0.037544	0.827525
0.033230	0.696696
0.037071	0.794583
0.039195	0.852036
0.054097	1.142572
0.054818	1.125554
0.051859	1.059009
0.043880	1.065598
0.034721	0.783159
0.042969	1.085322
0.058694	1.517983
0.060845	1.575199
0.076601	2.012784
0.068221	1.883285
0.089328	2.322351
0.091607	2.395786
0.109978	2.934677
0.089899	2.406233
0.087665	2.423370
0.048345	1.317035
0.024095	0.243402
0.019141	0.292337
0.019643	0.349838
0.036396	0.566101
0.031719	0.615814
0.031760	0.145746
0.029303	0.378278
0.030880	0.605140
0.034630	0.670363
0.037353	0.642227
0.044951	0.816203
0.044995	0.874483
0.048591	0.988319
0.064445	1.245918
0.070884	1.338657
0.056601	1.138966
0.058062	1.108590
0.072905	1.365445
0.049015	0.940552
0.054579	1.093583
0.055633	1.080492
0.053161	1.039959
0.034005	0.705544
0.032367	0.703096
0.043990	0.949774
0.054301	1.109446
0.040540	0.880076
0.040970	0.881838
0.058199	1.190122
0.043363	1.011040
0.036076	0.939315
0.030621	0.785018
0.032462	0.921790
0.032322	0.776268
0.040880	0.821047
0.031358	0.819340
0.035113	0.869780
0.030908	0.673783
0.026399	0.627227
0.041520	0.913093
0.024338	0.541107
0.035280	0.900937
0.025379	0.696917
0.039141	0.983012
0.022895	0.617215
0.043927	1.129282
0.037352	1.021812
0.044456	1.162997
0.028163	0.823368
0.023725	0.784266
0.033476	0.860615
0.028655	0.767520
0.031686	0.824357
0.024211	0.593524
0.037859	0.824006
0.030482	0.661048
0.037256	0.849916
0.026185	0.523613
0.026643	0.465142
0.028335	0.442681
0.093450	5.958740
0.079598	5.502655
0.094288	5.903718
0.049455	1.029607
0.078116	4.174724
0.057003	0.785929
0.057894	0.688754
0.061843	0.871473
0.062117	0.836112
0.059569	0.840123
0.060315	0.712889
0.053798	0.884624
0.049266	0.862311
0.053177	0.980743
0.045468	1.013546
0.054509	1.016040
0.047190	1.107023
0.052008	0.977840
0.059954	1.443823
0.057147	1.236770
0.054627	1.202285
0.060223	1.345868
0.060427	1.250424
0.062569	1.327890
0.068080	1.374903
0.066274	1.328076
0.070231	1.510502
0.068854	1.521212
0.069532	1.568607
0.074642	1.606558
0.063930	1.409115
0.067936	1.571682
0.070470	1.535035
0.077910	1.701507
0.068930	1.523351
0.072849	1.391366
0.068619	1.482636
0.065707	1.448610
0.061095	1.213901
0.069363	1.375742
0.071745	1.515759
0.064572	1.498753
0.066608	1.364033
0.080391	1.582139
0.070301	1.175664
0.071437	1.232332
0.073022	1.283797
0.067302	1.198040
0.071460	1.223993
0.072649	1.409874
0.072508	1.428151
0.075028	1.436220
0.082543	1.419228
0.075949	1.368644
0.073386	1.258671
0.071230	1.185451
0.071799	1.348250
0.072963	1.394717
0.069939	1.423026
0.066672	1.402564
0.071414	1.575350
0.064804	1.533952
0.070934	1.528095
0.067563	1.585189
0.066409	1.541654
0.065298	1.485056
0.062035	1.352602
0.062788	1.636309
0.057124	1.293175
0.049578	1.387750
0.059487	1.892238
0.058063	1.648009
0.059723	1.635654
0.058273	1.536466
0.064717	1.653789
0.063401	1.729722
0.056588	1.738437
0.059508	2.044799
0.058462	1.965831
0.057915	2.148027
0.061477	2.064699
0.058250	2.071361
0.057878	2.080624
0.063445	2.086193
0.056779	1.886380
0.044870	1.603159
0.050883	1.511284
0.054220	1.872482
0.053621	1.635873
0.036745	1.440652
0.041546	1.315192
0.035635	1.128465
0.037744	1.221824
0.032354	1.091447
0.033443	1.228518
0.036847	1.372721
0.033098	1.244053
0.034085	1.049455
0.032001	1.167923
0.032867	1.244268
0.027824	1.038586
0.022071	0.966132
0.025385	1.002763
0.023648	0.911584
0.024933	0.864296
0.021389	0.764060
0.034962	1.160504
0.028511	1.133355
0.025067	1.233594
0.042668	1.408474
0.027529	0.907373
0.033376	1.076243
0.027219	0.921654
0.027181	1.024501
0.029550	1.055685
0.020695	0.771050
0.018001	0.734063
0.021663	0.700679
0.023043	0.809519
0.029051	0.931119
0.026834	0.757400
0.022205	0.493567
0.017962	0.489767
0.027263	0.700019
0.021031	0.616020
0.025447	0.344352
0.024211	0.458474
0.029101	0.428665
0.028034	0.465772
0.036166	0.805153
0.031228	0.712164
0.024469	0.708210
0.028111	0.555140
0.038704	0.819828
0.034781	0.829697
0.032247	0.656698
0.035288	0.618954
0.025706	0.530003
0.030549	0.543418
0.030770	0.755714
0.040718	0.758021
0.032670	0.581203
0.034417	0.742344
0.035217	0.660306
0.041650	0.696430
0.039220	0.481944
0.035324	0.595555
0.034870	0.517273
0.029783	0.379467
0.031820	0.443930
0.035864	0.515284
0.038793	0.704906
0.033899	0.589580
0.031304	0.605888
0.027289	0.596920
0.034914	0.675839
0.023749	0.514140
0.027252	0.670196
0.037950	0.915564
0.035548	0.774159
0.030916	0.746727
0.037414	0.943981
0.036668	0.942613
0.028044	0.697817
0.023970	0.712558
0.028417	0.775704
0.025549	0.661807
0.018206	0.452368
0.018768	0.477761
0.021070	0.473988
0.020604	0.338182
0.020792	0.296306
0.018591	0.268749
0.021430	0.356200
0.022767	0.420074
0.023603	0.458121
0.027874	0.621863
0.030492	0.616855
0.032224	0.610196
0.033184	0.654401
0.028986	0.567601
0.033798	0.655160
0.039369	0.701207
0.040296	0.619248
0.036752	0.491402
0.036310	0.496605
0.038787	0.614013
0.040888	0.607733
0.039695	0.650716
0.037132	0.583865
0.043804	0.708158
0.050764	0.784770
0.041431	0.669542
0.025904	0.442860
0.024247	0.436622
0.020700	0.394828
0.019905	0.254469
0.016432	0.228480
0.016382	0.244533
0.017797	0.303947
0.018619	0.365350
0.022134	0.362662
0.025460	0.397825
0.023127	0.292173
0.028465	0.478874
0.036108	0.599350
0.033265	0.545002
0.034401	0.594696
0.017398	0.236971
0.019521	0.271924
0.025050	0.296903
0.044913	0.699207
0.049870	0.726254
0.037266	0.503595
0.023265	0.294009
0.026031	0.411969
0.028284	0.365776
0.028089	0.570917
0.034395	0.794075
0.026240	0.577775
0.022582	0.442285
0.021636	0.417426
0.023661	0.400911
0.022831	0.449940
0.022560	0.528663
0.024298	0.531103
0.032204	0.629873
0.041134	0.738683
0.038850	0.692270
0.043675	0.778634
0.057963	1.071515
0.044563	0.819729
0.051058	1.004474
0.052880	1.068780
0.049522	1.054420
0.057502	1.158451
0.062135	1.188416
0.052450	0.944228
0.051540	0.937661
0.035376	0.654211
0.047510	0.909703
0.047669	0.909084
0.049022	0.985010
0.048298	0.959279
0.047723	0.956857
0.050924	1.018416
0.038090	0.784860
0.047002	0.908451
0.046678	0.897396
0.054133	0.978123
0.053455	0.964652
0.038826	0.713788
0.025794	0.472014
0.018303	0.302024
0.018453	0.300700
0.015140	0.247396
0.016195	0.221469
0.015124	0.236097
0.016154	0.245663
0.006517	0.130282
0.005460	0.170404
0.031787	1.303564
0.006579	0.225659
0.012494	0.384209
0.013238	0.465938
0.012965	0.455201
0.009241	0.358744
0.023196	0.568714
0.020959	0.554999
0.021773	0.567335
0.016292	0.478089
0.019095	0.523069
0.013896	0.487487
0.011066	0.431010
0.010708	0.417014
0.010766	0.457473
0.015547	0.506017
0.013788	0.469911
0.009740	0.284974
0.016650	0.552118
0.024775	0.681518
0.025366	0.650361
0.027511	0.724902
0.025822	0.734278
0.026095	0.748128
0.023548	0.705076
0.027482	0.699921
0.027796	0.692445
0.029216	0.769728
0.024718	0.890697
0.022295	0.571768
0.030110	0.680524
0.037704	0.882615
0.029161	0.725449
0.028097	0.615480
0.027496	0.636820
0.035120	0.776917
0.033301	0.845571
0.027082	0.689047
0.028079	0.636210
0.037191	0.820940
0.039237	0.915415
0.038875	0.901162
0.029197	0.740656
0.027092	0.698872
0.025195	0.647250
0.024683	0.662558
0.023388	0.669233
0.016862	0.551412
0.019384	0.573213
0.018902	0.559122
0.014923	0.451093
0.011037	0.358193
0.013125	0.373391
0.021647	0.432362
0.021256	0.445764
0.021647	0.486366
0.021930	0.449139
0.021543	0.437306
0.026598	0.458846
0.021077	0.419430
0.024757	0.453302
0.022038	0.452763
0.020031	0.455738
0.019520	0.478243
0.017937	0.288621
0.020172	0.326498
0.031008	0.563023
0.031283	0.555724
0.023295	0.402699
0.021968	0.350394
0.024823	0.444460
0.024726	0.431385
0.024347	0.421441
0.025459	0.420411
0.026926	0.462085
0.032029	0.618107
0.036749	0.718567
0.038650	0.699110
0.036186	0.699192
0.039147	0.783547
0.034722	0.769232
0.043399	0.924052
0.029244	0.706516
0.032614	0.726301
0.040467	0.818061
0.043340	0.779013
0.037065	0.663516
0.033078	0.527645
0.033911	0.581904
0.026254	0.440415
0.029282	0.505658
0.028712	0.494173
0.029500	0.508806
0.024149	0.448232
0.030292	0.495326
0.027810	0.432622
0.022244	0.329929
0.033991	0.645432
0.015896	0.302479
0.012060	0.274220
0.013555	0.280179
0.012798	0.221552
0.013174	0.281251
0.012835	0.286969
0.015133	0.239789
0.021170	0.218360
0.027477	0.308954
0.031970	0.384597
0.025581	0.926336
0.020540	0.172570
0.020496	0.264824
0.016364	0.152682
0.022257	0.426232
0.029780	1.182890
0.024011	0.393661
0.020089	0.269331
0.018747	0.211418
0.023823	0.408287
0.023307	0.412569
0.028931	0.574266
0.023650	0.500008
0.019726	0.391284
0.020150	0.390897
0.017395	0.337882
0.016463	0.351621
0.014231	0.415202
0.014694	0.406096
0.012720	0.358715
0.014814	0.501686
0.010827	0.422646
0.010650	0.412556
0.011988	0.371271
0.022614	0.329736
0.022107	0.356684
0.022382	0.354700
0.022086	0.307601
0.022347	0.280926
0.017012	0.199823
0.042547	0.659964
0.037461	0.651616
0.039950	0.626736
0.043458	0.649996
0.043191	0.672823
0.043776	0.639957
0.037269	0.488164
0.042387	0.644464
0.043118	0.631158
0.047911	0.816184
0.053526	0.851218
0.051196	0.921688
0.061733	0.955391
0.064408	0.994618
0.064132	0.970448
0.068246	1.115853
0.071211	1.133552
0.070346	1.013524
0.070857	0.929335
0.065289	0.989334
0.068796	1.146809
0.065934	1.059309
0.060053	0.969442
0.060590	1.038876
0.060099	1.003829
0.061952	1.066389
0.055648	0.994478
0.055013	0.973692
0.067227	1.243742
0.064099	1.186880
0.063757	1.173896
0.068313	1.276157
0.067277	1.309855
0.054787	1.005182
0.050947	0.890735
0.038226	0.662770
0.045388	0.910021
0.042598	0.846620
0.035270	0.690292
0.033683	0.791995
0.018388	0.553833
0.020740	0.615249
0.020794	0.526231
0.016210	0.407859
0.018223	0.404220
0.023391	0.601467
0.017613	0.428875
0.024944	0.541519
0.033638	0.778666
0.018376	0.370174
0.014260	0.232073
0.020018	0.503521
0.019998	0.491046
0.018676	0.496415
0.024737	0.651200
0.023175	0.486439
0.015595	0.289024
0.017326	0.355955
0.011378	0.286580
0.020510	0.452849
0.019518	0.491918
0.027272	0.491898
0.034594	0.600809
0.025009	0.651545
0.024351	0.540601
0.026509	0.581801
0.008360	0.355739
0.018626	0.368425
0.019462	0.324367
0.013116	0.317841
0.022792	0.365938
0.032834	0.519635
0.018408	0.311983
0.002532	0.104015
0.010970	0.250563
0.004690	0.204806
0.012127	0.268055
0.036523	0.514549
0.016203	0.265352
0.019058	0.344031
0.021452	0.314610
0.029401	0.429365
0.034938	0.592770
0.023524	0.392071
0.022452	0.353050
0.020952	0.317553
0.017905	0.259694
0.045807	0.690344
0.035268	0.524825
0.024670	0.371421
0.004185	0.016691
0.024119	0.431092
0.034156	0.546768
0.014756	0.238145
0.040623	0.618278
0.017420	0.200233
0.014532	0.295665
0.016518	0.381692
0.021438	0.465406
0.016030	0.301752
0.028242	0.228611
0.024276	0.422138
0.049485	1.011418
0.045974	0.968142
0.046202	0.919439
0.039148	0.772950
0.045310	0.819060
0.057288	1.106784
0.068880	1.327726
0.069655	1.357755
0.067637	1.322908
0.069620	1.537491
0.092828	1.847328
0.072452	1.299081
0.066247	1.204483
0.055113	1.016776
0.068337	1.327619
0.074653	1.351142
0.064149	1.206551
0.071760	1.338790
0.086042	1.546871
0.076520	1.380924
0.066012	1.248761
0.066354	1.225934
0.061957	1.234756
0.086173	1.624199
0.089854	1.598914
0.093090	1.663909
0.100918	1.812301
0.068389	1.252872
0.069166	1.270665
0.061057	1.152114
0.055002	1.020616
0.054018	1.009487
0.064160	1.171054
0.068681	1.260631
0.071776	1.327021
0.087670	1.581034
0.087194	1.645416
0.071412	1.373772
0.060157	1.162980
0.050182	1.011790
0.062730	1.209418
0.059543	1.184630
0.058913	1.171109
0.065871	1.373014
0.071386	1.431145
0.075277	1.488004
0.069227	1.371991
0.080810	1.615933
0.075252	1.457300
0.069917	1.434834
0.067798	1.423618
0.073150	1.480845
0.077376	1.514682
0.069884	1.375881
0.058164	1.211177
0.065836	1.339812
0.076170	1.588103
0.084366	1.782397
0.076097	1.607140
0.066186	1.379579
0.053447	1.219066
0.068683	1.413987
0.082523	1.640529
0.066167	1.407118
0.088931	1.789662
0.082042	1.675070
0.081609	1.668627
0.097390	1.891931
0.104308	1.983442
0.100960	1.879696
0.092806	1.790237
0.083633	1.553527
0.084057	1.554611
0.086430	1.543471
0.091413	1.600629
0.089932	1.528102
0.100567	1.727629
0.079541	1.375457
0.080852	1.391392
0.081500	1.524558
0.079942	1.589605
0.076497	1.669095
0.079072	2.138738
0.073779	1.554521
0.077108	1.544483
0.046728	1.090253
0.067513	1.215308
0.055366	1.135668
0.060832	1.192496
0.077446	1.559983
0.071576	1.390230
0.071307	1.386258
0.055316	1.078829
0.058953	1.135277
0.068208	1.185358
0.055749	1.026288
0.077827	1.464344
0.041383	1.021364
0.074045	1.363279
0.088828	1.506186
0.082413	1.579108
0.055984	1.023665
0.072083	1.372757
0.078545	1.499997
0.080045	1.525938
0.068922	1.347739
0.070400	1.386182
0.066821	1.313405
0.077158	1.517059
0.077371	1.531996
0.071307	1.381766
0.076309	1.470547
0.072491	1.394451
0.077814	1.531751
0.069995	1.371873
0.069660	1.374466
0.078094	1.504168
0.074042	1.448818
0.070491	1.332833
0.070855	1.377256
0.070451	1.373202
0.063110	1.184609
0.053899	1.061264
0.056440	1.070842
0.059745	1.120372
0.062113	1.182604
0.074802	1.914647
0.059418	1.182885
0.060275	1.129749
0.059871	1.151239
0.067871	1.274987
0.047584	0.890569
0.037571	0.722276
0.036654	0.664890
0.030308	0.528220
0.025007	0.324990
0.021636	0.319880
0.018899	0.277787
0.008801	0.129287
0.022035	0.595754
0.034858	0.804004
0.033519	0.605404
0.031623	0.553353
0.025176	0.494378
0.020078	0.311105
0.026325	0.434177
0.025341	0.322571
0.024128	0.321908
0.032400	0.669509
0.022517	0.252563
0.046115	0.718161
0.031437	0.478514
0.031464	0.475892
0.037643	0.715669
0.032773	0.693713
0.040948	0.786754
0.046715	0.925000
0.053195	0.990653
0.054675	1.054136
0.045370	0.923206
0.032552	0.529088
0.029912	0.529902
0.026631	0.522090
0.037594	0.330565
0.032490	0.603790
0.032844	0.593205
0.021822	0.508365
0.029630	0.672203
0.025890	0.685679
0.029883	0.688964
0.017616	0.760888
0.022341	0.830344
0.045852	1.180067
0.022719	0.788022
0.024375	0.910015
0.013979	0.953540
0.026190	0.809251
0.022601	0.592264
0.027601	0.626175
0.023899	0.606443
0.033689	0.921992
0.028291	0.703665
0.032319	1.069152
0.044372	1.349101
0.039856	1.261224
0.040607	1.312798
0.065473	1.656133
0.038647	1.116679
0.062449	1.243898
0.052962	1.551879
0.049612	1.473519
0.076148	1.748703
0.028186	2.140171
0.025826	1.114516
0.027556	1.187475
0.027212	1.187900
0.043951	1.500464
0.055317	1.388587
0.041967	1.118657
0.053474	1.343040
0.083093	1.548025
0.088835	1.348113
0.104365	1.506390
0.117829	1.696401
0.144151	2.229629
0.140705	1.968799
0.155630	2.135477
4.369133	98.462866
3.331597	131.540086
4.877776	20.493335
3.499337	131.968749
4.052471	133.633853
3.652314	132.043252
4.832446	162.391600
4.047266	132.662874
4.844235	160.902741
4.282532	103.687818
4.221549	104.287228
0.066873	1.712282
0.062678	1.695790
3.752747	103.011677
0.063974	1.659547
0.054510	1.683446
0.051044	1.657883
0.037035	1.150826
0.041452	0.665625
0.033175	0.541005
0.020481	0.763957
0.031841	0.498898
0.027599	0.203104
0.026178	0.176694
0.036687	0.513062
0.040591	0.695239
0.043795	0.825207
0.056925	1.007892
0.058933	1.138737
0.055107	1.051784
0.054175	0.757534
0.055619	0.956540
0.052658	0.887118
0.049080	0.783675
0.041368	0.660643
0.032704	0.575236
0.029842	0.681870
0.020482	0.363591
0.041335	0.785021
0.047834	0.927383
0.035131	0.780373
0.033003	0.652251
0.036423	0.621009
0.048445	0.686518
0.044492	1.451954
0.040873	0.644611
0.038418	0.668281
0.059026	0.348018
0.047391	0.892380
0.043668	0.849710
0.041822	0.673975
0.036566	0.804757
0.041838	0.611738
0.034288	0.559857
0.041008	0.799728
0.048202	0.822790
0.041105	0.717181
0.042476	0.789085
0.043832	0.798584
0.037278	0.827413
0.040342	0.805168
0.047637	0.856277
0.049197	0.875080
0.040761	0.693557
0.042943	0.777007
0.052851	0.906632
0.056084	1.035764
0.055798	1.083289
0.056742	1.049331
0.056697	1.121821
0.050925	1.109955
0.048966	1.107764
0.056722	1.275755
0.050858	1.211495
0.048111	1.149572
0.045831	1.176267
0.049038	1.132649
0.045144	1.231148
0.048852	1.330519
0.048272	1.189479
0.036651	0.927876
0.035368	0.932970
0.029015	0.758858
0.035078	0.695961
0.027616	0.736067
0.035024	0.642720
0.030815	0.622313
0.034002	0.662737
0.040275	0.556735
0.031013	0.484102
0.030589	0.458110
0.055440	0.749484
0.038675	0.633562
0.034780	0.649632
0.037367	0.718027
0.034385	0.650446
0.032866	0.595307
0.043284	0.684382
0.037542	0.552027
0.040346	0.608657
0.033924	0.377962
0.027346	0.267388
0.020676	0.265682
0.019156	0.228730
0.018739	0.213516
0.030171	0.329307
0.021060	0.186872
0.015024	0.313915
0.017961	0.395199
0.016669	0.317730
0.027767	0.278817
0.044000	0.459187
0.025046	0.181788
0.023921	0.269533
0.014411	0.457641
0.014899	0.488365
0.017158	0.310841
0.033008	0.269490
0.038971	0.406943
0.028339	0.266405
0.026974	0.253157
0.020921	0.158887
0.010347	0.067523
0.017045	0.205170
0.016508	0.253860
0.030917	0.472883
0.030308	0.526786
0.022686	0.531040
0.018574	0.365056
0.019609	0.504832
0.011931	0.593612
0.028450	0.794431
0.039168	0.843463
0.037698	1.008748
0.023992	1.023728
0.024599	0.942990
0.010254	0.981567
0.007889	1.015406
0.012133	1.221878
0.012659	1.129696
0.012739	1.154442
0.017219	1.139588
0.022441	1.166393
0.029711	1.351377
0.033629	1.288064
0.040099	1.182825
0.040518	1.409695
0.043295	1.427050
0.025843	1.058705
0.033439	1.121352
0.029629	1.073768
0.030659	0.939582
0.024063	0.923682
0.020912	0.971192
0.019448	0.958751
0.014272	0.866626
0.022458	0.979488
0.021323	0.907427
0.021542	0.891878
0.022980	0.702464
0.028811	0.886694
0.029049	0.915794
0.032337	0.906590
0.038531	0.964998
0.037550	0.884049
0.037909	1.026555
0.033318	0.878918
0.038976	0.998264
0.039959	1.108656
0.044798	1.097810
0.057129	1.233639
0.046302	1.068097
0.038901	1.075748
0.038216	0.901736
0.042371	1.209244
0.054114	1.649803
0.044154	1.245207
0.033160	0.862433
0.026561	0.615031
0.031364	0.757010
0.028197	0.759418
0.039224	0.981926
0.039079	1.032247
0.030828	0.579049
0.026830	0.750243
0.032014	0.757617
0.025618	0.633026
0.029136	0.603762
0.021746	0.535922
0.024028	0.551287
0.022570	0.543897
0.029006	0.681248
0.024854	0.521492
0.019358	0.165495
0.017254	0.330819
0.023018	0.478487
0.021253	0.490181
0.017845	0.335106
0.022264	0.601432
0.027890	0.454922
0.017550	0.533103
0.021640	0.611757
0.010595	0.465800
0.033441	1.016863
0.019428	0.798736
0.019725	0.718748
0.020184	0.725141
0.024461	0.759891
0.036937	0.843700
0.041894	1.153264
0.024989	0.899870
0.012990	0.704852
0.011735	0.693318
0.016019	0.690066
0.011645	0.691483
0.010021	0.764522
0.015034	0.894487
0.027524	1.100631
0.031998	0.968082
0.021984	0.620098
0.013101	0.776751
0.016987	0.687192
0.015251	0.605355
0.011301	0.605436
0.014994	0.563821
0.028933	0.714977
0.013470	0.537194
0.016803	0.744716
0.034001	0.912401
0.037298	0.979939
0.034754	0.830800
0.029924	0.604887
0.025349	0.604570
0.031570	0.714789
0.044277	0.806269
0.053074	0.936052
0.033884	0.842272
0.038906	0.812809
0.033572	0.797724
0.031110	0.725531
0.038865	0.822770
0.026366	0.739604
0.038514	0.886939
0.041864	0.959267
0.048862	1.055232
0.048053	0.918373
0.042047	0.760685
0.044106	0.758315
0.044204	0.788444
0.042519	0.767237
0.042742	0.759685
0.048775	0.886083
0.052834	0.837033
0.042311	0.781269
0.040825	0.773729
0.043496	0.640273
0.040167	0.718101
0.027615	0.495573
0.022853	0.409529
0.029011	0.541351
0.038541	0.571906
0.027778	0.499207
0.025457	0.475955
0.033344	0.569856
0.049112	0.852002
0.055613	0.840745
0.049632	0.805093
0.042823	0.692736
0.030079	0.543354
0.027456	0.593291
0.035201	0.526785
0.024158	0.608272
0.025198	0.662782
0.023517	0.729099
0.022197	0.709018
0.009737	0.610840
0.014094	0.790736
0.014830	0.618665
0.012187	0.712127
0.010511	0.671885
0.012253	0.667056
0.010070	0.419530
0.016261	0.654706
0.022898	0.705164
0.023012	0.517961
0.038090	0.860989
0.033428	0.705088
0.033335	0.688354
0.032360	0.773704
0.027545	0.640179
0.028388	0.709646
0.022763	0.831892
0.024428	0.827020
0.027632	1.068175
0.028797	0.918051
0.014750	0.725365
0.022818	1.115599
0.027736	0.931904
0.019810	1.022466
0.018824	0.846971
0.013322	0.906986
0.010645	0.942835
0.018277	0.837717
0.022168	0.818859
0.029324	0.699396
0.040467	0.875984
0.040586	0.794068
0.041173	0.819483
0.046790	0.847422
0.041230	0.721758
0.039301	0.754911
0.038798	0.675118
0.034191	0.689211
0.038774	0.646850
0.031218	0.531992
0.028733	0.546577
0.030924	0.464509
0.034883	0.603234
0.030802	0.535444
0.027639	0.429231
0.027089	0.525091
0.027988	0.485371
0.027339	0.373774
0.024471	0.426941
0.020603	0.436391
0.022215	0.449736
0.018168	0.358323
0.017376	0.461244
0.026254	0.458921
0.021105	0.456334
0.016002	0.247786
0.020345	0.285077
0.022151	0.301594
0.019764	0.246946
0.019478	0.130651
0.016510	0.201225
0.019606	0.326190
0.019006	0.183774
0.015908	0.180213
0.016560	0.258941
0.016775	0.199839
0.016994	0.163756
0.016202	0.147172
0.016114	0.132668
0.017844	0.162591
0.016522	0.204864
0.019503	0.260344
0.019562	0.267727
0.022721	0.439433
0.022914	0.519370
0.023080	0.529754
0.026003	0.594719
0.032272	0.709268
0.032096	0.728466
0.032298	0.734289
0.040254	0.924467
0.035061	0.761615
0.035418	0.776592
0.033634	0.729738
0.034060	0.739124
0.036490	0.764647
0.032640	0.685182
0.032027	0.680282
0.032843	0.667567
0.036129	0.726916
0.035021	0.670648
0.035165	0.671237
0.033293	0.631003
0.031874	0.554451
0.039251	0.749303
0.036621	0.678169
0.036909	0.689017
0.043440	0.858712
0.039466	0.769605
0.039360	0.831303
0.038731	0.758818
0.038559	0.756844
0.040024	0.825943
0.038410	0.792831
0.032362	0.631956
0.026909	0.473991
0.027809	0.496316
0.018768	0.629042
0.027330	0.455640
0.024903	0.410438
0.033897	0.618566
0.031484	0.549957
0.029740	0.504854
0.030519	0.546776
0.030811	0.586058
0.033199	0.655335
0.039028	0.768348
0.041313	0.831049
0.035421	0.713676
0.044864	1.492038
0.029582	0.572722
0.032259	0.681944
0.039875	0.792258
0.036522	0.728774
0.031621	0.634729
0.034697	0.675222
0.033715	0.659090
0.016970	0.442983
0.023021	0.485373
0.027763	0.534566
0.016582	0.368267
0.027807	0.542684
0.034560	0.647227
0.031806	0.634021
0.029738	0.640229
0.041552	0.794013
0.035150	0.676579
0.033603	0.650534
0.023285	0.443774
0.026099	0.461807
0.021864	0.392007
0.026445	0.406150
0.020357	0.337902
0.014765	0.298779
0.021761	0.298086
0.023082	0.265840
0.016050	0.210558
0.017748	0.319265
0.015069	0.264406
0.016077	0.295182
0.019673	0.329077
0.032825	0.458489
0.016708	0.368746
0.020380	0.409656
0.033311	0.422111
0.023025	0.412693
0.020233	0.454350
0.024552	0.411498
0.023934	0.485224
0.015214	0.707304
0.015065	0.743249
0.012237	0.647450
0.006376	0.766582
0.007961	0.675827
0.008405	0.694608
0.005940	0.773755
0.006290	0.739005
0.012739	0.696091
0.011230	0.738808
0.014152	0.532835
0.008398	0.534082
0.011590	0.484877
0.011765	0.428902
0.009919	0.358375
0.021170	0.706657
0.017768	0.273504
0.016706	0.321014
0.025882	0.459887
0.038447	0.719208
0.033720	0.698839
0.029029	0.510976
0.011709	0.268123
0.021956	0.560841
0.027643	0.686329
0.019618	0.482753
0.015098	0.266720
0.018203	0.404544
0.011812	0.207087
0.005192	0.149164
0.003706	0.109169
0.010293	0.176301
0.017236	0.314406
0.020028	0.347599
0.007704	0.195761
0.019355	0.391204
0.010727	0.214745
0.034428	0.591032
0.027443	0.482760
0.017315	0.387711
0.021281	0.399774
0.036370	0.581076
0.027190	0.409796
0.022898	0.371813
0.023105	0.343862
0.019871	0.285656
0.022449	0.316855
0.037513	0.419680
0.023304	0.294442
0.012821	0.236255
0.007816	0.139842
0.009147	0.250296
0.011329	0.177185
0.022027	0.378654
0.019180	0.294326
0.018037	0.330945
0.028854	0.491166
0.015504	0.231884
0.015391	0.228590
0.016745	0.237825
0.004648	0.190441
0.007717	0.110393
0.008392	0.124527
0.007082	0.069374
0.009975	0.155304
0.013087	0.306293
0.014719	0.281317
0.007620	0.124364
0.018717	0.337323
0.021477	0.345766
0.018492	0.272728
0.022775	0.387406
0.016640	0.217745
0.019067	0.262674
0.021278	0.328062
0.016027	0.219628
0.009382	0.093299
0.026561	0.389575
0.014833	0.192443
0.013447	0.183907
0.018447	0.159776
0.011850	0.200347
0.017467	0.229120
0.017919	0.165257
0.020084	0.242262
0.020004	0.203375
0.019527	0.228358
0.014629	0.132381
0.021904	0.267246
0.016386	0.186952
0.030143	0.290309
0.048227	0.708290
0.040896	0.605447
0.026579	0.271405
0.045621	0.695094
0.041488	0.558894
0.052699	0.809717
0.056023	0.815738
0.060154	0.913840
0.062460	0.957339
0.045420	0.591390
0.023099	0.256473
0.038097	0.553951
0.055851	0.880621
0.063539	1.100145
0.063802	1.242218
0.065728	1.283749
0.064245	1.131371
0.055734	0.969585
0.053987	0.844563
0.049188	0.695984
0.051468	0.791280
0.062520	1.238682
0.063007	1.162042
0.054506	0.866186
0.052726	0.886985
0.050077	0.834094
0.057795	0.951682
0.047697	0.765431
0.058675	1.005471
0.050992	0.840236
0.042669	0.746535
0.047441	0.751685
0.058504	1.041434
0.045255	0.735916
0.051257	0.802615
0.047718	1.121655
0.043991	0.948196
0.045307	0.928387
0.043124	0.938091
0.051144	1.004588
0.061034	1.201732
0.065375	1.509354
0.049497	1.035207
0.042618	0.939272
0.052706	1.059895
0.052070	1.138703
0.048043	0.925297
0.047044	0.901139
0.042723	0.975111
0.044364	0.879674
0.045340	0.814198
0.048649	1.020252
0.041692	0.830155
0.050530	0.884944
0.053544	0.965358
0.051594	0.998276
0.056682	1.086572
0.045757	0.881927
0.043229	0.784067
0.044927	0.907553
0.041326	0.850692
0.040610	0.779523
0.041534	0.830362
0.037148	0.857440
0.037941	0.883698
0.031143	0.735691
0.034913	0.736961
0.048628	0.921768
0.042079	0.778145
0.026592	0.577310
0.028578	0.499552
0.027982	0.618084
0.046110	0.902479
0.052332	1.093283
0.044879	0.846807
0.040852	0.779094
0.051967	1.020125
0.044642	0.833706
0.029393	0.871651
0.037962	0.940888
0.041729	1.420654
0.039967	1.089780
0.034917	0.966014
0.040594	1.118855
0.046426	1.137101
0.041904	0.955417
0.047995	0.951531
0.053133	1.003558
0.044876	0.803313
0.046237	0.851156
0.054530	1.036240
0.053143	1.020916
0.058576	1.225157
0.062340	1.275734
0.062141	1.330162
0.049200	1.143245
0.048099	0.984965
0.049979	1.081791
0.047384	1.045245
0.039676	0.855200
0.049091	1.073610
0.053763	1.076651
0.060438	1.232699
0.059110	1.291547
0.052088	1.112732
0.053138	1.127278
0.051783	1.162015
0.053250	1.160572
0.054107	1.217292
0.058303	1.313970
0.055016	1.248682
0.056246	1.309143
0.055462	1.258648
0.048425	1.034171
0.044890	0.951137
0.039876	0.854662
0.040033	0.805201
0.043919	0.884147
0.043289	0.865393
0.045337	0.897618
0.046995	0.903920
0.041931	0.812494
0.045533	0.822986
0.043178	0.796691
0.048046	0.874686
0.048229	0.858249
0.046907	0.838044
0.044544	0.729206
0.047280	0.716584
0.043723	0.683605
0.045774	0.734520
0.046755	0.777909
0.037729	0.500415
0.040231	0.212794
0.041432	0.708904
0.036455	0.635408
0.034170	0.565804
0.028045	0.423703
0.027296	0.476759
0.026372	0.439535
0.030070	0.564511
0.027939	0.582546
0.025265	0.475301
0.024658	0.459464
0.023190	0.407837
0.024594	0.773534
0.019430	0.674426
0.019379	0.749797
0.025646	0.812447
0.020122	0.429496
0.018671	0.311128
0.023009	0.430877
0.019024	0.391141
0.019210	0.368395
0.022406	0.400633
0.020965	0.425290
0.019686	0.404279
0.018524	0.336283
0.019476	0.366798
0.015683	0.379315
0.018412	0.409099
0.020817	0.508814
0.030258	0.664428
0.029419	0.603558
0.020394	0.452961
0.017054	0.442714
0.046009	1.169017
0.045206	1.208414
0.043745	1.169501
0.041350	1.071690
0.038852	1.094235
0.059304	1.666662
0.027481	0.713491
0.033605	1.000359
0.024874	0.695750
0.026266	0.811287
0.022867	0.624650
0.018362	0.510054
0.021486	0.601819
0.022724	0.690975
0.018896	0.519339
0.023472	0.544259
0.017955	0.337162
0.022265	0.445023
0.026357	0.459480
0.017912	0.392361
0.016256	0.428684
0.016526	0.473927
0.025232	0.622812
0.028176	0.840075
0.021505	0.563736
0.028604	0.530913
0.037827	0.582801
0.039095	1.211206
0.030615	1.242112
0.017788	0.755017
0.019583	0.659553
0.021838	0.524427
0.024464	0.520819
0.013244	0.022598
0.015284	0.281503
0.015951	0.254638
0.016037	0.307173
0.018952	0.330745
0.018013	0.206451
0.019301	0.279773
0.023031	0.295984
0.018123	0.419044
0.019456	0.428851
0.024263	0.585768
0.017022	0.626100
0.025498	0.610014
0.022038	0.506256
0.023898	0.660867
0.017294	0.484740
0.025793	0.972709
0.030462	0.974757
0.026951	0.916511
0.034948	1.203365
0.030404	0.962451
0.033386	1.008023
0.019772	0.858707
0.030860	0.934855
0.033438	1.026703
0.038446	1.060817
0.034877	1.087298
0.038378	1.268770
0.052518	1.802871
0.041726	1.284148
0.045919	1.479665
0.041718	1.271346
0.047654	1.481015
0.050167	1.508800
0.045671	1.315870
0.054926	1.661241
0.050615	1.518885
0.056691	1.694114
0.057954	1.779409
0.060400	1.768875
0.062165	1.792826
0.057487	1.634192
0.051937	1.360484
0.047289	1.160448
0.053084	1.395501
0.051686	1.205405
0.051651	1.326785
0.047261	1.193859
0.044192	1.202530
0.041011	1.072039
0.035287	1.073672
0.037790	1.156559
0.028455	0.698974
0.027581	0.683032
0.030466	0.787934
0.031681	0.754970
0.025123	0.545747
0.033360	0.699326
0.034081	0.719788
0.039042	0.942123
0.037672	0.836088
0.038624	0.840563
0.048217	1.480837
0.040622	1.115033
0.042553	1.017322
0.041696	0.893400
0.039955	0.807356
0.040760	0.748461
0.035612	0.639735
0.035562	0.626187
0.033439	0.547345
0.033849	0.514336
0.036186	0.568904
0.024045	0.355592
0.025990	0.473707
0.021423	0.401187
0.018929	0.248038
0.027961	0.503698
0.027021	0.409667
0.025757	0.420463
0.039698	0.713485
0.029782	0.537519
0.027550	0.496413
0.018451	0.304900
0.022196	0.484844
0.024956	0.579297
0.019975	0.473227
0.028275	0.584287
0.025251	0.533689
0.014795	0.371547
0.015545	0.390503
0.016040	0.417652
0.029300	0.712655
0.033754	0.790602
0.024633	0.613977
0.020255	0.520392
0.053473	1.524461
0.038929	0.846692
0.022020	0.568262
0.028935	0.748346
0.028247	0.751302
0.024531	0.675859
0.017592	0.556235
0.017780	0.524884
0.012287	0.364214
0.009170	0.507937
0.024108	0.867737
0.019697	0.828478
0.002422	0.561820
0.008825	0.728191
0.042081	1.375088
0.034073	1.211359
0.032485	1.233069
0.028391	1.118405
0.005962	1.109118
0.020547	1.680338
0.024484	1.624289
0.032312	1.805495
0.024723	1.212982
0.014851	0.822131
0.010899	0.765869
0.012978	0.562843
0.017327	0.798882
0.024904	0.976243
0.062415	1.108069
0.052168	1.414649
0.041822	0.676849
0.030991	0.485546
0.048049	0.811807
0.061587	1.101397
0.053033	0.895255
0.058854	0.979175
0.054919	0.917648
0.059553	0.984275
0.073668	1.524142
0.050054	0.839167
0.054617	0.881778
0.055693	0.849127
0.058228	0.948570
0.050141	0.837138
0.039607	0.541488
0.037459	0.497481
0.041217	0.588849
0.028218	0.410127
0.023430	0.384004
0.017423	0.455401
0.016399	0.777845
0.016028	0.295503
0.007666	0.280486
0.015925	0.267495
0.024107	0.378497
0.027013	0.468899
0.021060	0.357437
0.014504	0.232619
0.016858	0.287225
0.015593	0.320402
0.015746	0.373473
0.018092	0.483614
0.016606	0.353392
0.025317	0.539577
0.019291	0.405524
0.014077	0.385620
0.036677	0.758312
0.021192	0.542540
0.019480	0.468697
0.022823	0.577716
0.014590	0.501563
0.024059	0.590513
0.031202	0.677495
0.027593	0.717683
0.029970	0.741673
0.024402	0.516879
0.027583	0.630038
0.037222	0.812285
0.028098	0.643353
0.040577	0.977672
0.022441	0.570411
0.021875	0.539756
0.022039	0.457156
0.012471	0.485222
0.012816	0.471883
0.016232	0.647314
0.012462	0.652033
0.022115	0.639252
0.021798	0.643957
0.018467	0.593591
0.022319	0.738725
0.021441	0.695961
0.021158	0.626288
0.025955	0.573394
0.038250	0.827324
0.036503	0.804476
0.039843	0.871222
0.033609	0.742306
0.038452	0.812025
0.037919	0.856163
0.047452	1.014432
0.048897	1.065949
0.054728	1.178674
0.055396	1.185256
0.050213	1.068227
0.061746	1.128749
0.068174	1.169311
0.059213	1.173431
0.068096	1.286874
0.066143	1.204375
0.079336	1.534858
0.085999	1.657339
0.079822	1.519859
0.082277	1.571794
0.088116	1.645633
0.093958	1.761928
0.099478	1.920378
0.103850	2.039799
0.109447	2.183636
0.099831	2.055143
0.106990	2.151984
0.101683	1.872765
0.124356	2.186084
0.098811	1.594975
0.093781	1.584867
0.072796	1.208891
0.068524	1.155481
0.057116	0.944658
0.056714	0.837981
0.052684	0.836900
0.057729	0.989072
0.061188	0.896297
0.057851	1.101542
0.062408	1.161668
0.158124	3.673614
0.157650	3.650174
0.061846	2.669167
0.398844	7.814413
0.074202	1.537236
0.196642	6.371818
0.287677	0.607867
0.287869	0.592269
0.077666	1.516542
0.455248	3.975680
0.058328	1.329555
0.441366	3.511735
0.301252	3.007908
0.338626	4.373911
0.049152	1.089603
0.035931	0.856715
0.034339	0.850616
0.338517	1.732640
0.033729	0.776176
0.036923	0.836121
0.040528	0.907268
0.052399	1.075192
0.045128	0.924306
0.048825	0.856335
0.054247	1.009275
0.056288	1.188201
0.073116	1.365700
0.079801	1.535415
0.094151	1.672492
0.100210	1.713034
0.103202	1.726395
0.109574	1.745854
0.108737	1.848094
0.100689	1.660564
0.109275	1.801740
0.101410	1.649238
0.103060	1.787157
0.096728	1.631393
0.089349	1.553513
0.084920	1.690750
0.081451	1.618620
0.080802	1.506310
0.074960	1.581924
0.083001	1.959475
0.072218	1.603474
0.073417	1.679402
0.070869	1.483207
0.063809	1.221463
0.062589	1.326700
0.068640	1.814780
0.060259	1.603232
0.064611	1.731197
0.062760	1.679218
0.058373	1.617154
0.055602	1.522073
0.055854	1.526698
0.056003	1.522370
0.054786	1.496116
0.051691	1.442714
0.050667	1.410971
0.047397	1.313811
0.048379	1.297929
0.043678	1.220715
0.047504	1.246304
0.045688	1.194176
0.043805	1.136416
0.039741	1.041444
0.040421	1.092457
0.040988	1.101999
0.038438	0.985865
0.035773	0.967118
0.034656	0.919384
0.035000	0.989495
0.037055	1.053827
0.039843	1.065650
0.037309	1.066516
0.036445	1.028093
0.045943	1.274721
0.041460	1.145343
0.035508	0.949984
0.034318	0.998144
0.035762	0.931256
0.048070	2.101633
0.030972	1.024251
0.034518	1.037544
0.044295	1.203641
0.034390	1.030753
0.034695	1.024301
0.020565	0.741656
0.015760	0.628757
0.013611	0.678817
0.014105	0.856961
0.027490	1.631160
0.017771	0.904515
0.016538	0.880079
0.017386	0.805696
0.017740	0.798973
0.012539	0.615201
0.010900	0.575034
0.020954	0.694373
0.031626	0.833967
0.037315	0.913523
0.043222	1.028869
0.034432	0.799787
0.028456	0.707836
0.032429	0.748214
0.037512	0.782128
0.040045	0.835267
0.029971	0.669154
0.022626	0.492386
0.021932	0.453550
0.015101	0.356647
0.027245	0.471622
0.026531	0.403392
0.032484	0.803188
0.077589	2.007188
0.037269	1.044048
0.004747	0.344270
0.014613	0.420131
0.019689	0.630033
0.016594	0.453467
0.023627	0.509589
0.028302	0.634205
0.665235	7.810641
1.606793	17.226716
2.079369	21.653996
2.364361	22.485982
3.389450	13.068002
2.588282	22.138851
2.900898	19.316197
2.814660	20.221788
3.216238	16.926262
6.028252	99.180357
6.591261	99.722032
6.173542	99.110758
6.450634	107.361940
6.577747	167.245965
6.440976	161.613272
6.355765	159.647202
6.171019	161.369093
6.013806	159.994572
5.974863	156.405144
5.939850	158.079223
5.916379	152.428102
5.615543	136.110985
5.875093	143.925937
5.671390	147.683320
5.965052	154.019673
5.846240	158.193847
5.988495	159.629239
5.437003	152.617886
5.461418	154.136674
5.404648	154.977006
5.529714	153.745414
5.462669	157.010490
4.325792	100.003791
4.062455	103.561084
3.677329	103.028486
3.875025	99.304728
3.359146	17.996821
3.694979	100.239412
3.514277	17.754418
3.725975	16.024843
5.373602	27.043169
3.743816	13.244184
3.774219	96.165676
3.933364	99.170413
4.008742	95.010404
3.984394	95.252152
3.856055	94.484575
3.828712	93.505754
3.850639	91.917537
4.083306	91.356137
4.016347	93.868649
3.494855	12.515161
5.736071	104.083286
3.109928	88.859463
4.330008	138.031757
4.477238	157.839183
6.365027	107.824570
4.251445	176.091702
4.868686	173.148082
4.551835	143.122133
4.158830	80.932489
4.627236	171.558724
4.305103	76.551367
4.265981	79.806881
6.744715	121.957290
3.982985	22.356352
2.928282	40.755001
3.319579	27.391138
3.313039	23.047594
6.062803	123.736445
6.063808	123.818899
2.831129	22.702473
3.532028	32.482720
6.178983	125.536090
4.175112	26.654892
1.819836	153.397183
3.327934	30.555077
5.905410	127.676590
5.699422	128.605878
5.571232	129.127854
0.676067	4.861355
0.997980	9.210392
0.040651	0.832241
0.043129	0.837513
0.046803	0.921067
0.039870	0.813680
0.029660	0.705832
0.042149	0.884769
0.036112	0.790716
0.045045	0.966015
0.052552	1.087721
0.045257	0.921011
0.046610	0.969058
0.046188	1.023052
0.037568	0.896303
0.054292	1.142926
0.054771	1.177736
0.046406	0.974132
0.053517	1.118882
0.050051	1.108579
0.046000	1.004537
0.047025	1.025380
0.043880	0.996325
0.045315	1.022499
0.043245	0.953147
0.041883	0.930487
0.034070	0.799254
0.033913	0.758992
0.034179	0.754845
0.033672	0.700093
0.031761	0.673567
0.035312	0.721923
0.036599	0.756408
0.037988	0.789750
0.036497	0.773630
0.042001	0.811756
0.043108	0.886843
0.045416	0.903736
0.046249	0.900988
0.041467	0.825010
0.044336	0.883893
0.044568	0.920008
0.036010	0.733618
0.038449	0.829931
0.035924	0.773097
0.034291	0.759460
0.031046	0.668220
0.028396	0.638564
0.019061	0.489992
0.033345	0.763116
0.026920	0.618482
0.029427	0.670348
0.030428	0.747520
0.032642	0.834685
0.026212	0.573871
0.030585	0.656326
0.038061	0.789559
0.035884	0.763304
0.045845	0.980352
0.033920	0.620084
0.025927	0.448899
0.046097	0.795252
0.041424	0.769065
0.044940	0.781638
0.044750	0.758409
0.051624	0.895521
0.057421	1.012820
0.064206	1.156021
0.054289	0.942325
0.053949	0.911996
0.055275	0.898332
0.056991	0.938575
0.056726	0.909061
0.049111	0.810543
0.052749	0.935786
0.058599	0.986199
0.046804	0.749579
0.053859	0.885812
0.051471	0.894747
0.049568	0.888382
0.047423	0.906524
0.046016	0.847306
0.046009	0.858293
0.042301	0.831899
0.053549	0.986133
0.061211	1.042961
0.068037	1.148897
0.057769	1.004168
0.059886	1.077123
0.069580	1.184999
0.055792	0.951468
0.060380	1.011080
0.058157	1.053377
0.050241	1.009091
0.056608	1.064894
0.053457	0.989866
0.051697	0.924052
0.047876	0.859454
0.045950	0.905598
0.045175	0.985309
0.037644	0.979350
0.044281	0.902107
0.034238	0.730182
0.037486	0.865118
0.036319	0.811529
0.035121	0.869746
0.028455	0.888278
0.026539	0.960572
0.033439	0.902802
0.033721	0.792613
0.030561	0.697015
0.035167	0.861563
0.035588	0.868962
0.022878	0.767736
0.025914	0.829479
0.024534	0.720404
0.013342	0.642361
0.007166	0.510484
0.009251	1.015385
0.012565	0.709104
0.012882	0.993521
0.013068	1.182573
0.012715	1.021516
0.015602	1.216627
0.013650	1.044492
0.014754	0.849294
0.012627	0.718555
0.018580	0.852187
0.017119	0.962445
0.017536	1.075238
0.015941	1.035141
0.018622	0.994452
0.023163	1.089457
0.025383	1.169050
0.022865	0.887633
0.007851	0.878612
0.020153	0.975750
0.020681	1.004939
0.022074	0.969414
0.007923	0.678704
0.024910	0.696593
0.019645	0.746385
0.022036	0.796093
0.041915	0.805870
0.022555	0.600395
0.022073	0.628560
0.023599	0.667085
0.032889	0.662555
0.036141	0.702711
0.035128	0.795187
0.037968	0.747223
0.040695	0.772411
0.045808	0.753170
0.045136	0.812417
0.034302	0.542565
0.045426	0.754652
0.047450	0.722243
0.042774	0.742624
0.050028	0.515013
0.048456	0.566359
0.046376	0.738244
0.047395	0.947306
0.047931	0.745431
0.053443	0.897698
0.050735	0.806377
0.045251	0.699013
0.048502	0.755223
0.053117	0.867851
0.064267	1.188469
0.064504	1.273524
0.071359	1.408546
0.061911	1.187142
0.061819	1.202938
0.063245	1.392364
0.064209	1.421040
0.056856	1.309434
0.043382	1.065664
0.037426	0.944483
0.041623	1.052013
0.035318	0.818498
0.027722	0.817750
0.029440	0.870369
0.027931	0.673749
0.030852	0.755597
0.047238	1.141161
0.047541	1.246633
0.040030	0.968474
0.037313	0.744950
0.018694	0.415910
0.019035	0.480956
0.028155	0.551862
0.020408	0.425914
0.017350	0.213054
0.042539	0.804499
0.047691	0.979438
0.044883	0.970804
0.051479	1.081342
0.053691	1.171670
0.076120	1.567179
0.085130	1.700373
0.069628	1.409309
0.061401	1.290522
0.065632	1.434106
0.073582	1.475957
0.073543	1.499513
0.072847	1.546834
0.071962	1.625921
0.069035	1.590436
0.068557	1.531788
0.053429	1.436233
0.062331	1.556429
0.064086	1.472397
0.061029	1.423123
0.060834	1.404833
0.067955	1.548909
0.055700	1.294673
0.055842	1.344571
0.054885	1.303192
0.061094	1.432657
0.053788	1.216045
0.053762	1.184915
0.055569	1.163891
0.050581	1.027138
0.054453	1.089932
0.050591	0.881360
0.052810	1.002871
0.038014	0.896956
0.032609	0.818811
0.045492	0.924926
0.040214	0.763262
0.027359	0.495064
0.038013	0.779454
0.037477	0.746142
0.030862	0.588997
0.030144	0.575020
0.031885	0.646682
0.029382	0.640646
0.026708	0.473805
0.025075	0.415291
0.024363	0.385244
0.015687	0.366133
0.012611	0.223537
0.029597	0.430076
0.019544	0.285922
0.014908	0.217576
0.033253	0.447925
0.021668	0.257878
0.017233	0.202885
0.029081	0.342240
0.014897	0.208367
0.029447	0.319151
0.028778	0.254135
0.031352	0.280123
0.028383	0.253602
0.026291	0.256623
0.025629	0.196759
0.031481	0.452967
0.033120	0.457805
0.034466	0.547142
0.040291	0.849562
0.029974	0.527501
0.031370	0.530813
0.031274	0.444879
0.029131	0.542266
0.027018	0.545517
0.022564	0.476778
0.023204	0.570750
0.054037	1.617759
0.040598	0.890680
0.036525	0.766190
0.033470	0.645917
0.027010	0.469882
0.008374	0.403017
0.006637	0.660551
0.009260	0.517425
0.011724	0.392840
0.010785	0.379038
0.010521	0.308875
0.025821	0.552586
0.027506	0.545936
0.038328	0.792511
0.044093	1.015161
0.040703	0.794105
0.048613	0.986457
0.063012	1.261070
0.057592	1.121122
0.067866	1.387928
0.061728	1.392174
0.069202	1.647239
0.058549	1.262510
0.052579	1.042143
0.043213	1.024140
0.053544	1.163701
0.049765	1.101356
0.054178	1.253520
0.052933	1.253518
0.041997	0.931373
0.050375	1.187339
0.048067	1.152204
0.058119	1.369925
0.074780	2.920592
0.062300	1.715593
0.067754	1.841655
0.077260	1.118283
0.073595	1.632080
0.073802	1.669429
0.076657	1.722969
0.070743	1.526202
0.079487	1.819533
0.061662	1.503638
0.057815	1.441776
0.058057	1.400084
0.051376	1.389196
0.054679	1.544826
0.046243	1.422212
0.032180	1.069713
0.030232	0.823803
0.019359	0.604879
0.021234	0.763811
0.015983	0.603359
0.018232	0.756055
0.014371	0.723674
0.018474	0.901298
0.016574	0.910197
0.019615	0.971562
0.017689	0.977919
0.027915	1.037056
0.023511	0.975103
0.021090	0.977076
0.028166	0.975172
0.028960	1.017563
0.033589	1.093381
0.037364	1.183828
0.041140	1.204622
0.042073	1.293521
0.047954	1.382347
0.048289	1.386127
0.051843	1.290825
0.049303	1.018088
0.046795	1.106439
0.057618	1.448371
0.052117	1.110286
0.047424	0.953786
0.048902	0.925092
0.057498	1.022615
0.054518	1.034274
0.060401	1.055978
0.053711	1.117809
0.062683	0.970969
0.060802	0.884237
0.057755	0.816109
0.059032	0.720830
0.047643	0.603457
0.043841	0.593884
0.052225	0.619544
0.040222	0.551443
0.038986	0.556398
0.044743	0.660975
0.043643	0.593424
0.049346	0.646464
0.053394	0.605774
0.053745	0.534776
0.054643	0.503374
0.057035	0.586525
0.050622	0.565584
0.033617	0.795146
0.037270	0.813275
0.044455	1.009731
0.044629	0.939301
0.051518	1.038336
0.048945	1.036346
0.053632	1.136558
0.048357	1.045491
0.048614	1.071479
0.041575	0.799252
0.042848	0.830841
0.053308	1.068497
0.044834	0.874661
0.048610	0.837370
0.046897	0.867882
0.045081	0.530215
0.046170	0.649254
0.042173	0.606896
0.044480	0.530337
0.054299	0.788568
0.050004	0.725426
0.050226	0.534536
0.050773	0.585558
0.052939	0.833922
0.052220	0.910463
0.045847	0.746616
0.046282	0.807083
0.036332	0.979938
0.034545	0.596258
0.033049	0.683960
0.035220	0.739616
0.039921	0.729877
0.040008	0.725379
0.039349	0.692895
0.048930	0.940850
0.045758	0.873407
0.042781	0.806356
0.048178	0.937534
0.046914	0.891157
0.043389	0.909185
0.047321	1.003002
0.046086	0.946271
0.049331	0.969273
0.049838	1.045094
0.048975	0.959712
0.048986	0.960392
0.045976	0.869351
0.043895	0.887708
0.047443	0.918196
0.047204	0.941149
0.047509	0.896255
0.043905	0.842320
0.046987	0.931950
0.050998	1.078975
0.046015	1.012917
0.049014	1.033247
0.052466	1.032860
0.056417	1.057322
0.063378	1.206464
0.061163	1.157433
0.060224	1.142138
0.059120	1.068769
0.056031	1.084612
0.053720	1.014685
0.062425	1.231726
0.061931	1.173007
0.063516	1.143165
0.064364	1.243396
0.060697	1.213568
0.064175	1.232457
0.055641	1.119811
0.057849	1.121772
0.053866	1.050874
0.057300	1.163896
0.058582	1.183926
0.056591	1.110071
0.058297	1.281666
0.055891	1.136497
0.053947	1.150889
0.056183	1.205280
0.056073	1.176689
0.052332	1.148261
0.058687	1.194279
0.055792	1.194704
0.051595	1.152791
0.051528	1.113386
0.046529	1.027238
0.041427	0.926377
0.042521	1.001223
0.045143	1.016648
0.045850	1.007353
0.042777	0.899617
0.038827	0.873127
0.040859	0.868565
0.043419	0.952797
0.039790	0.913936
0.040142	0.922889
0.043617	1.056093
0.040709	0.912824
0.039503	0.925223
0.041620	0.969674
0.047303	1.000813
0.037743	0.880554
0.040142	0.891350
0.035036	0.822297
0.022058	0.565662
0.034493	0.685661
0.037835	0.724119
0.035848	0.741260
0.031759	0.671959
0.030589	0.614361
0.030546	0.697824
0.032851	0.636554
0.033098	0.633781
0.029399	0.534739
0.032021	0.578070
0.029246	0.564618
0.031768	0.582462
0.029533	0.604296
0.026215	0.476255
0.029380	0.510156
0.027741	0.485631
0.020904	0.347654
0.029550	0.549234
0.019021	0.283839
0.021660	0.455722
0.021918	0.358922
0.020483	0.442377
0.014980	0.272807
0.020976	0.470778
0.016978	0.401088
0.014378	0.365718
0.010708	0.255411
0.011517	0.249715
0.019243	0.466173
0.011861	0.332459
0.028499	0.751452
0.024190	0.685342
0.023318	0.638768
0.022355	0.698576
0.020735	0.546230
0.025973	0.666067
0.025279	0.569789
0.007257	0.695864
0.021376	0.639397
0.033258	0.792055
0.026532	0.717037
0.023733	0.662596
0.041653	1.137789
0.025260	0.557316
0.022140	0.395093
0.022036	0.499385
0.026933	0.631823
0.024996	0.569719
0.026759	0.591508
0.024825	0.570998
0.022286	0.525703
0.017031	0.315835
0.020967	0.450376
0.026214	0.551074
0.023433	0.488252
0.024815	0.480210
0.047404	1.277746
0.024370	0.402186
0.023104	0.398656
0.027155	0.512924
0.023118	0.375180
0.028804	0.532223
0.035169	0.650708
