0.375385	9.436925
0.462179	16.041029
0.326323	8.807581
0.341283	7.245237
0.134706	2.757045
0.100927	2.210169
0.116405	2.368478
0.311971	5.691457
0.102790	2.270092
0.339255	8.117308
0.464470	12.766866
0.349853	6.925297
0.076530	1.801193
0.095519	2.133160
0.104813	2.342636
0.382794	7.979455
0.344920	4.863905
0.399791	8.521667
0.093394	2.179409
0.084456	2.017766
0.254295	4.715216
0.361997	6.840364
0.366148	9.744121
0.131062	2.912182
0.370543	8.534135
0.477405	13.844168
0.331082	5.697836
0.513236	9.288057
0.483808	5.976971
0.339089	4.364175
0.463618	6.911777
0.557858	6.588127
0.528600	7.110237
0.545345	5.881102
0.365218	5.510151
0.510630	7.516555
0.437475	6.589402
0.212105	5.689629
0.401766	7.733264
0.286799	4.478306
0.657617	10.252497
0.412492	6.434858
0.450958	7.288872
0.240270	6.229160
0.374419	4.669950
0.473538	7.373524
0.441769	7.045407
0.347141	5.093272
0.351566	5.605521
0.379494	3.959849
0.344360	4.539446
0.381967	6.396740
0.435670	9.511544
0.450655	9.613513
0.519274	11.461369
0.490850	13.065184
0.295531	3.792440
0.495437	9.776066
2.097067	16.438402
1.482512	10.958934
2.045405	12.878720
3.101149	76.870057
2.971500	76.883239
0.895126	33.467340
5.585391	178.075053
3.232608	81.993238
5.475108	175.670854
3.375021	81.346385
5.884577	166.445740
4.937455	170.950441
4.267801	165.985782
5.278801	178.989260
4.378222	146.020265
4.674253	95.866766
3.322674	177.391761
4.857720	96.117591
5.064895	168.516517
5.195778	170.667084
5.221436	163.161553
5.255618	168.240018
5.188684	155.936361
3.059598	104.342218
2.670025	75.893640
2.791115	76.445752
2.622458	74.996761
2.555311	74.546816
3.590907	100.260005
2.684882	84.246483
3.008991	74.296947
2.878419	75.797362
0.043217	1.606061
0.399292	2.695358
0.991019	41.168600
1.179572	17.292629
2.319304	10.591918
1.511376	5.708787
0.910773	1.446656
0.216248	0.959784
0.995240	7.240923
1.668394	8.863009
0.793338	4.156447
0.331665	4.082170
0.434393	5.170213
0.270642	5.110062
3.076396	91.514310
0.100729	3.196399
0.103264	2.877227
0.134870	3.533646
0.114920	3.230412
0.114227	3.143905
0.099145	2.837722
0.097174	2.790392
0.100130	2.920821
0.083306	2.425196
0.086793	2.502805
0.100852	2.742290
0.092815	2.550590
0.213878	8.946254
0.078467	2.564789
0.080263	2.201481
0.072331	1.817723
0.080064	1.964816
0.104329	2.132345
0.102054	2.208927
0.086288	2.176127
0.038625	1.041910
0.073437	1.730826
0.068764	2.568999
0.158688	7.166679
0.051603	1.413611
0.032550	1.219176
0.049657	1.698775
0.052893	1.529725
0.056042	1.596425
0.093314	2.116628
0.079711	1.866200
0.098871	2.362326
0.044441	1.648926
0.040675	1.573135
0.066800	2.574097
0.055095	1.896335
0.054392	1.821539
0.056065	1.962339
0.056281	1.875978
0.053510	1.876329
0.056638	2.065816
0.060585	2.205869
0.062383	2.151420
0.057820	2.014906
0.058404	2.116920
0.050947	1.793927
0.060733	2.153806
0.058753	2.147458
0.057810	2.094793
0.055765	1.927537
0.069715	2.327030
0.060548	1.943450
0.063862	2.098715
0.058357	1.817739
0.063476	2.210300
0.049611	1.901169
0.049237	1.680232
0.044148	1.626402
0.043102	1.411147
0.097562	4.564119
0.054849	1.806177
0.061299	2.134115
0.050380	1.573235
0.063591	2.081910
0.072220	2.324155
0.065366	2.198974
0.061491	2.175526
0.048753	1.607460
0.055130	1.844940
0.057265	1.774581
0.031028	0.997155
0.034796	1.178910
0.024840	0.933867
0.032908	0.912330
0.044930	1.247102
0.038373	1.014032
0.036169	1.005142
0.041060	1.115084
0.051403	1.468132
0.054512	1.486221
0.060260	1.729825
0.050804	1.596450
0.051829	1.629893
0.033488	1.091288
0.057912	1.927696
0.071691	2.009999
0.078586	2.808573
0.064691	2.009159
0.076582	2.198469
0.074660	2.071443
0.054833	1.228400
0.066242	1.418544
0.072601	2.711182
0.060022	1.887414
0.063316	2.332593
0.076649	2.720984
0.072865	2.713656
0.038536	0.902282
0.033062	0.771539
0.074982	1.825954
0.034892	1.159191
0.048067	1.183723
0.038155	1.453262
0.071443	2.663295
0.049160	1.272579
0.066905	2.756604
0.063946	2.924398
0.076453	3.060860
0.069650	2.852013
0.062056	2.340324
0.069539	2.848161
0.074049	3.202259
0.053889	1.800227
0.082049	3.226334
0.067250	2.760684
0.060752	2.379852
0.049720	2.147333
0.061683	2.710806
0.061056	2.550770
0.035498	1.788337
0.053178	2.401777
0.065034	2.800037
0.057548	2.765654
0.058935	2.950328
0.056386	2.650162
0.043109	2.322160
0.045634	2.197114
0.019952	1.462863
0.034798	1.684409
0.013464	1.281563
0.015629	1.398951
0.024849	1.372894
0.008230	1.235829
0.022576	1.203371
0.064652	2.117168
0.056008	1.936989
0.018990	1.079061
0.014521	1.054691
0.014362	0.894924
0.121572	3.420453
0.079651	2.338403
0.077890	2.218482
0.127193	3.468518
0.041066	1.225883
0.120879	3.335954
0.047757	1.134080
0.093070	2.188598
0.070412	1.558712
0.118546	3.298064
0.077801	1.755126
0.030809	0.780698
0.104344	2.722249
0.105287	2.337423
0.072416	2.436833
0.063447	2.045488
0.163181	3.818784
0.080106	1.964297
0.150931	3.734718
0.083168	1.673887
0.107125	2.572663
0.149953	3.721667
0.081192	1.606194
0.085287	2.807079
0.107310	3.326024
0.080905	1.944470
0.099405	2.095860
0.445991	9.326269
0.381265	5.912452
0.396609	5.873505
0.491938	7.224200
0.053357	2.742141
0.596978	11.261353
1.678120	42.985697
2.276569	6.759025
0.636948	11.733541
0.938439	7.708906
0.699941	6.170095
0.527920	9.039605
0.724196	10.611435
0.657261	10.416701
0.617644	16.062231
0.584836	9.834765
0.601970	7.096972
0.828194	15.769239
0.715652	13.816988
0.824059	14.479147
0.920210	17.243936
0.849722	15.275841
0.890065	16.507862
0.910113	17.851707
0.348000	5.938808
0.393355	2.751104
0.359813	6.955855
0.331400	5.533790
0.332903	4.881214
0.200220	2.698807
0.102730	2.414042
0.047541	1.210782
0.102563	2.429218
0.089551	2.236774
0.056261	1.356554
0.068569	1.460552
0.054691	0.872961
0.105691	2.695110
0.087581	2.226683
0.132485	1.628558
0.096005	1.449509
0.124990	1.038215
0.055651	1.417458
0.028471	1.004828
0.074291	2.107241
0.146493	0.904651
0.351250	11.593238
0.423282	12.300795
0.384410	12.689586
0.232343	9.323947
0.466739	15.013372
0.234515	11.155732
0.352277	12.679145
0.286827	11.397335
0.295319	12.321444
0.284426	13.655219
0.288101	13.636017
0.337737	14.441381
0.558071	18.380982
0.511689	16.432455
0.462399	17.014083
0.362243	16.112481
0.444033	16.995488
0.500729	18.085195
0.389741	16.364891
0.429817	15.258731
0.362320	15.732361
0.386212	15.325543
0.450940	16.804857
0.431098	16.732445
0.301448	13.946961
0.281936	14.727717
0.312099	13.283686
0.245070	13.262551
0.202661	7.786407
0.113146	8.381675
0.132405	9.990780
0.150573	9.305749
0.200163	10.348807
0.125044	11.028907
0.138723	8.262838
0.378620	15.760670
0.181940	10.085702
0.226665	3.233304
0.179831	7.970628
0.092671	9.694290
0.551985	4.719013
0.069766	1.282847
0.105310	5.551581
0.081203	1.571758
0.091652	1.605010
0.036081	0.544402
0.146863	5.023189
0.070856	1.224453
0.044865	0.755829
0.029035	0.609724
0.030914	0.445408
0.033666	0.602054
0.783864	7.823630
0.118826	6.912882
0.038550	1.395547
0.056449	1.784445
0.136374	7.812662
0.140554	1.758578
0.416957	6.588335
2.175502	3.431805
0.059964	1.715303
0.160944	5.931765
0.054772	1.136937
0.080363	5.176774
0.117455	7.906140
0.029387	1.296754
0.044210	1.555684
0.040245	1.244098
0.073897	4.151131
0.048708	1.045544
0.236377	2.983505
0.121506	2.609356
0.077855	1.664693
0.035718	2.236851
0.198616	2.714510
0.032339	1.203135
0.061807	3.168422
0.069233	2.856862
0.076129	3.093629
0.068610	2.471011
0.039669	2.351120
0.044888	3.275243
0.065699	2.389001
0.111481	2.771800
0.035512	2.235442
0.246367	6.515384
0.075836	1.952306
0.069472	2.318812
0.126178	2.363385
0.466297	4.082165
0.124590	2.781291
0.061327	2.157485
0.043183	1.906485
0.031160	2.055818
0.286027	5.882048
0.036587	2.000824
0.081362	2.256943
0.054800	2.077637
0.019250	1.752112
0.009390	2.020494
0.038516	1.863506
0.020997	1.690145
0.038855	1.834078
0.157112	2.946617
1.175984	2.134756
0.051454	1.501142
0.240314	2.822414
0.338686	4.185455
0.519470	6.904492
0.400305	3.696581
0.466695	4.837459
0.387867	5.358325
0.444922	6.029060
0.431059	6.389360
0.149180	2.552484
0.068730	1.152256
0.276983	1.025962
0.225106	3.524717
0.136866	2.234142
0.207421	0.776925
0.239544	0.668384
1.074789	3.729989
0.198812	4.045375
0.347232	4.050717
0.306601	3.592901
0.363088	4.605762
0.079637	1.379602
0.261306	3.877743
1.514541	2.069166
0.305405	3.827961
0.080644	1.328716
0.096393	2.348245
0.088374	3.308656
0.108229	3.224747
0.131058	2.868583
0.433833	4.103984
0.611614	5.778614
0.246409	4.104406
0.364670	3.367021
0.085929	1.804547
0.180656	4.340931
0.610981	3.065516
6.494046	179.068845
7.760751	176.808613
7.361713	176.153201
8.000453	175.298253
7.897724	175.194953
7.909946	174.258917
8.473063	172.891390
7.470325	144.707461
8.485831	171.583819
8.536668	171.825225
8.165543	173.407725
8.856261	172.323473
8.455818	170.810832
8.323887	170.449447
8.657187	171.403228
8.926080	171.517334
8.688669	171.100610
8.723188	170.201019
8.521626	169.899835
8.782393	168.943104
8.599566	143.574606
8.646846	171.015806
6.043018	92.582647
4.734553	169.092958
5.722828	89.977934
7.386207	116.126480
8.921435	141.359548
8.200448	165.427031
8.083179	155.866611
9.037254	151.250113
8.419518	174.403034
8.744789	169.578256
8.519750	103.231868
10.464788	96.900570
8.332641	98.948855
8.705718	170.517886
8.040078	74.929484
9.085717	160.348991
7.915616	97.710740
8.575214	167.968121
7.347245	131.777599
0.036402	1.861268
0.030621	1.242454
0.040594	1.375579
0.029561	1.466456
0.037737	1.671803
0.053525	1.339339
0.041704	1.789360
0.036928	1.482316
0.039895	1.742639
0.029987	1.804793
0.035438	1.489554
0.240854	3.008929
0.040560	1.341681
0.036536	1.524003
0.035489	1.394364
0.033313	1.495735
0.037813	1.250395
0.045129	1.003521
0.041719	1.271142
0.038248	1.064291
0.035729	1.331018
0.032239	0.898510
0.034416	1.439433
0.033696	1.350059
0.029309	1.358771
0.033205	1.194466
0.029694	0.854017
0.034613	1.202042
0.025834	1.069182
0.023817	1.035806
0.024831	1.107905
0.024241	1.458974
0.023893	1.138626
0.021018	1.088604
0.024076	0.945657
0.021220	1.060205
0.025025	0.864540
0.007653	0.805121
0.023697	1.277264
0.018378	1.029681
0.011880	0.932497
0.007209	0.645923
0.002537	0.609082
0.018068	0.718580
0.596037	4.622818
0.108020	0.764735
0.011874	0.691247
0.354187	4.205978
0.017188	0.624108
0.012847	0.403521
0.017100	0.531155
0.013166	0.443566
0.012350	0.160281
0.016483	0.326654
0.020819	0.327254
0.269606	6.482251
0.019462	0.260566
0.011097	0.255109
0.018954	0.332311
0.024862	0.375244
0.204910	6.476393
0.206828	6.161517
0.170387	5.244246
0.173054	5.626455
0.322959	6.174887
0.019566	0.250497
0.154564	5.214651
0.023557	0.388502
0.026293	0.348520
0.038477	0.493783
0.464334	10.263577
0.370869	7.335076
0.506540	9.324458
0.518910	6.820240
0.572934	7.187869
0.517238	5.500083
0.572353	9.151983
0.603135	8.953606
0.391042	13.999115
0.253746	7.536019
0.011962	0.589411
0.405060	5.724566
0.551476	12.118956
1.081454	29.094236
0.491992	10.084202
0.441446	12.458921
0.530329	10.475796
0.461858	12.363223
0.744238	18.563073
0.427182	11.725859
0.451320	12.393229
0.442894	12.066526
0.410937	10.804723
0.395572	11.139459
0.362393	9.710694
0.522808	5.994189
0.516096	6.415580
0.117497	8.312344
0.177294	6.036187
0.253896	8.649828
0.172621	7.159250
0.260836	9.363522
0.262168	9.504879
0.214179	10.153691
0.059093	0.866163
0.048991	0.494759
0.053244	0.600945
0.049309	0.826794
0.047862	0.617764
0.052878	0.751947
0.047027	0.714542
0.045709	0.867035
0.052621	1.095004
0.051934	0.846233
0.044666	0.809601
0.042659	1.021473
0.043197	0.979930
0.044468	1.019219
0.036225	0.914550
0.033066	0.784224
0.036762	0.921391
0.028283	0.913829
0.031862	1.217433
0.029154	0.853280
0.032076	0.640261
0.029308	0.713675
0.037286	0.835305
0.032194	0.941548
0.043845	1.116540
0.036321	0.691786
0.038357	0.873527
0.042608	0.822729
0.057576	1.209296
0.060972	1.241700
0.064786	1.017565
0.059329	1.138669
0.067306	1.467040
0.060182	1.500869
0.052158	1.222722
0.055984	1.241679
0.054703	1.320816
0.062162	1.457000
0.051042	1.215447
0.049543	1.208222
0.044043	1.103690
0.048952	1.079602
0.048088	1.027890
0.045111	0.853848
0.053710	0.926999
0.042588	0.804357
0.033020	0.253460
0.024465	0.229365
0.020351	0.328773
0.030765	0.456082
0.032155	0.818876
0.040432	0.950493
0.033483	0.640040
0.026897	0.596965
0.048333	1.442401
0.036201	1.142357
0.044475	1.372395
0.038079	1.111052
0.022341	0.658038
0.082095	1.179770
0.098772	1.564613
0.093796	1.451299
0.072686	1.124735
0.038411	0.295221
0.029736	0.061458
0.059209	0.883625
0.052111	0.512961
0.096846	1.608554
0.092929	1.382660
0.209871	4.063172
0.056301	0.978967
0.212423	1.990049
0.075445	2.025355
0.058735	1.190492
0.074855	1.080317
0.051196	1.491448
0.254565	3.642774
0.049726	1.093946
0.056583	1.187569
0.051850	1.089229
0.025778	0.602663
0.037349	0.702524
0.041571	0.863973
0.051204	0.833864
0.048432	1.108914
0.046237	0.912386
0.049309	1.044114
0.310526	0.789066
0.016033	0.955833
0.315398	2.409497
0.035338	0.817571
0.044111	0.966196
0.034268	0.811276
0.024592	0.591848
0.031771	0.787986
0.027447	0.728520
0.034179	0.810045
0.023782	0.517020
0.022506	0.469423
0.026431	0.572135
0.015817	0.263318
0.014332	0.362471
0.018808	0.318222
0.018502	0.397983
0.018282	0.864091
0.021349	0.562060
0.024158	0.723379
0.024394	0.603993
0.020186	0.611732
0.022361	0.571944
0.026670	0.729005
0.028405	0.792541
0.029046	0.855720
0.029262	0.757589
0.029010	0.817110
0.024127	0.752049
0.027034	0.887762
0.029762	1.054538
0.029827	1.000172
0.023519	0.804600
0.024430	0.923354
0.026140	0.910396
0.022517	0.783566
0.030896	0.654248
0.020840	0.535397
0.016744	0.577973
0.016236	0.545037
0.022314	0.359804
0.017429	0.587899
0.020870	0.736654
0.025993	0.463894
0.016703	0.534331
0.016655	0.506032
0.018427	0.444657
0.019193	0.308592
0.019238	0.476228
0.020090	0.611568
0.019586	0.582007
0.023514	0.676710
0.025043	0.630929
0.022872	0.574202
0.029171	0.638048
0.010387	0.345110
0.012116	0.503776
0.008418	0.547675
0.019394	0.662413
0.026166	0.787414
0.026259	0.673810
0.026230	0.624765
0.027040	0.661048
0.022293	0.585028
0.012929	0.310392
0.029571	0.423872
0.022394	0.299463
0.037617	0.713939
0.026626	0.456750
0.068823	1.536586
0.039616	0.692727
0.040314	0.701028
0.044485	0.813527
0.044319	0.879256
0.047973	1.046278
0.042597	0.930767
0.058366	1.343557
0.053745	1.231413
0.048832	1.254260
0.058235	1.405522
0.051921	1.483884
0.044882	1.328896
0.042349	1.486195
0.047705	1.568805
0.040961	1.362323
0.035513	1.278573
0.034677	1.294353
0.036404	1.121901
0.028313	1.012281
0.031838	1.056218
0.033029	0.841037
0.037553	0.840290
0.029939	0.840737
0.028966	0.832543
0.030253	0.947246
0.044475	1.039873
0.036120	0.847105
0.041034	0.521058
0.035204	0.541591
0.041152	0.298970
0.046731	0.656559
0.041791	0.567411
0.039236	0.243064
0.039742	0.413651
0.045242	0.461471
0.044188	0.439543
0.043364	0.493872
0.057761	0.804909
0.060040	1.033604
0.034514	0.352486
0.032451	0.445010
0.026855	0.183519
0.026246	0.276899
0.027051	0.403082
0.044559	0.422012
0.037181	0.410775
0.046795	0.557074
0.043805	0.416660
0.035241	0.478659
0.032701	0.611479
0.037350	0.976363
0.038243	0.577528
0.056605	0.822813
0.045480	0.582531
0.046399	0.715094
0.068210	1.226631
0.055169	0.789289
0.067408	1.200072
0.050708	0.844773
0.053950	1.040832
0.069414	1.138243
0.091218	1.740226
0.087256	1.643313
0.072745	1.227740
0.110748	2.172794
0.107855	1.953246
0.112557	2.383605
0.096875	1.970187
0.038548	0.949178
0.045290	0.692501
0.053473	1.254981
0.202886	3.861360
0.034048	0.855347
0.042860	0.940742
0.077441	1.974956
0.043601	0.846928
0.031533	0.642860
0.034104	0.651273
0.176078	2.386054
0.096995	2.325139
0.042372	0.970601
0.079832	1.748617
0.072963	1.656003
0.062255	1.419456
0.061526	1.291235
0.052293	1.128624
0.054579	1.263744
0.055725	1.088389
0.061292	1.264098
0.072503	1.679321
0.078288	1.564188
0.071489	1.506725
0.084041	1.878889
0.106094	2.211344
0.100181	1.870140
0.058604	1.323494
0.065785	1.435641
0.049574	1.099535
0.064224	1.423104
0.149706	1.463974
0.039229	0.903716
0.039611	0.811885
0.063761	1.313342
0.048481	1.043031
0.091377	1.887122
0.039646	0.919931
0.027750	0.659858
0.031468	0.731733
0.034263	0.721772
0.036178	0.697573
0.030155	0.562300
0.024078	0.633703
0.033617	0.781261
0.037961	0.847916
0.027857	0.669515
0.029182	0.740014
0.034768	0.712703
0.030489	0.794059
0.036128	0.746179
0.033281	0.707851
0.029955	0.600128
0.028288	0.822005
0.021400	0.511562
0.029343	0.464989
0.027122	0.672998
0.028436	0.829796
0.039890	0.885486
0.035653	0.812096
0.032693	0.765185
0.034947	0.774624
0.040940	1.049543
0.034352	0.863393
0.042362	0.896518
0.033597	0.786023
0.034267	1.065760
0.041829	0.809356
0.039555	1.047084
0.040042	1.126769
0.040601	1.163140
0.033064	0.980467
0.042475	1.304885
0.041185	1.464719
0.033236	1.123226
0.031136	1.294674
0.038485	1.403205
0.037713	1.404637
0.040371	1.521019
0.028755	0.983777
0.039941	1.407154
0.035112	1.288099
0.038860	1.470791
0.040295	1.457823
0.036759	1.328230
0.038731	1.420618
0.033388	1.081256
0.035587	1.222362
0.029497	1.035736
0.032819	1.221166
0.027032	1.082832
0.029382	1.223129
0.027527	1.144518
0.033501	1.333044
0.028650	1.143705
0.033360	1.208215
0.025492	0.980828
0.031563	1.020927
0.033579	1.218974
0.037080	1.435466
0.032666	1.421475
0.028792	1.288924
0.025144	1.155777
0.038198	1.130295
0.021614	0.971152
0.021272	0.916938
0.022121	0.854369
0.027901	0.840931
0.016810	0.819601
0.024040	0.959116
0.032314	0.847039
0.031182	1.016997
0.019979	0.818075
0.029822	0.843874
0.014770	0.631089
0.017579	0.696260
0.012024	0.605242
0.008805	0.445973
0.005444	0.724291
0.028456	0.802037
0.018451	0.624032
0.008817	0.441068
0.038809	0.856494
0.039362	0.844720
0.011670	0.641403
0.035962	0.801640
0.044024	0.974225
0.024949	0.555937
0.008069	0.648951
0.031151	0.703741
0.008395	0.595780
0.018155	0.703832
0.025680	0.888526
0.030065	0.834049
0.019439	0.364830
0.029716	1.168693
0.015292	0.456666
0.025142	0.506528
0.030623	0.574476
0.014520	0.330609
0.015527	0.623343
0.007096	0.428175
0.030441	0.994821
0.012352	0.526512
0.028149	0.388735
0.020207	0.572575
0.021412	0.452637
0.018911	0.520872
0.030260	0.576700
0.022222	1.082236
0.024263	0.722865
0.038303	1.000428
0.032333	0.651373
0.027196	0.493174
0.043081	0.834269
0.175395	4.068771
0.034869	0.922975
0.040674	0.699401
0.050001	0.953968
0.051591	0.987029
0.056886	1.013252
0.046029	0.960691
0.028622	0.567857
0.059622	1.152764
0.038502	0.618518
0.055738	0.980781
0.088529	1.782922
0.063018	1.191973
0.067618	1.293090
0.071772	1.334981
0.063750	1.270461
