0.012032	0.220665
0.006614	0.176405
0.007684	0.151765
0.010789	0.215094
0.007449	0.173743
0.011553	0.186800
0.010704	0.185981
0.009854	0.254519
0.009780	0.194099
0.006199	0.046617
0.010838	0.182755
0.014339	0.126064
0.010717	0.114404
0.015539	0.178590
0.008670	0.120475
0.011058	0.179323
0.012745	0.211922
0.011949	0.641362
0.010948	0.158932
0.011337	0.197884
0.011861	0.174463
0.010077	0.197928
0.010843	0.258202
0.009010	0.201069
0.010736	0.284040
0.008014	0.270265
0.011118	0.266574
0.012835	0.273301
0.015112	0.375948
0.020234	0.675233
0.012452	0.315913
0.012457	0.367085
0.010070	0.251262
0.012956	0.230523
0.014466	0.264866
0.017487	0.366353
0.025509	1.028683
0.017375	0.400257
0.025394	0.206195
0.023522	0.399814
0.020893	0.453759
0.025044	0.526033
0.026843	0.531275
0.022252	0.442027
0.021909	0.428971
0.018838	0.383472
0.025549	0.517858
0.018375	0.403237
0.018116	0.434418
0.020525	0.547046
0.018779	0.532807
0.015414	0.477638
0.013185	0.459651
0.021175	0.631037
0.025628	0.736134
0.019766	0.581505
0.017664	0.500495
0.020695	0.547580
0.022713	0.645601
0.024671	0.649133
0.027508	0.663192
0.023808	0.566646
0.021285	0.493367
0.010502	0.234575
0.011393	0.238393
0.010114	0.207468
0.007662	0.201484
0.010481	0.175125
0.015881	0.435870
0.019556	0.330707
0.020150	0.417878
0.008996	0.520510
0.013403	0.281466
0.016063	0.304516
0.025667	0.513680
0.018383	0.414065
0.017430	0.359278
0.021223	0.474166
0.031740	0.664354
0.029570	0.648756
0.029951	0.697800
0.011705	0.703071
0.029371	0.735992
0.013066	0.864401
0.029075	0.754369
0.012748	0.401162
0.031010	0.703506
0.030511	0.723832
0.026077	0.593106
0.025575	0.596904
0.030898	0.711407
0.033785	0.824770
0.029372	0.675447
0.035510	0.865953
0.034843	0.868478
0.023392	0.614454
0.019702	0.529927
0.020399	0.526701
0.022081	0.543033
0.020252	0.529510
0.011174	0.328019
0.008046	0.207307
0.008331	0.222549
0.006602	0.183809
0.010292	0.253560
0.010013	0.296471
0.010327	0.286672
0.010110	0.236553
0.011554	0.273906
0.011164	0.232272
0.007848	0.204519
0.005860	0.183048
0.010738	0.281976
0.007630	0.207853
0.016023	0.366514
0.008834	0.235918
0.003011	0.101937
0.010038	0.259048
0.024282	0.454665
0.003646	0.189047
0.007264	0.208076
0.006103	0.198934
0.004601	0.258934
0.008024	0.279038
0.003141	0.592802
0.002518	0.140784
0.004375	0.166166
0.005618	0.172231
0.003958	0.103191
0.005341	0.110776
0.010256	0.144624
0.007274	0.157768
0.004550	0.323691
0.013734	0.531770
0.004469	0.560054
0.008920	0.513996
0.004850	0.513808
0.005824	0.736789
0.008977	0.486067
0.004824	0.544602
0.011220	0.612021
0.006950	0.595361
0.000845	0.454249
0.006240	0.541673
0.011616	0.670733
0.016681	0.624343
0.016249	0.611934
0.025590	0.810894
0.018542	0.544775
0.017158	0.996601
0.010700	0.457760
0.014175	0.444685
0.015059	0.487019
0.007507	0.368156
0.012670	0.299370
0.010305	0.333633
0.017327	0.333131
0.012600	0.311257
0.011388	0.233111
0.010612	0.129827
0.007660	0.152359
0.011473	0.108179
0.012358	0.193238
0.010479	0.260542
0.017118	0.995760
0.016068	0.434261
0.012627	0.282329
0.010928	0.321971
0.014733	0.385984
0.012561	0.414110
0.011686	0.482589
0.021556	1.532620
0.005837	0.570164
0.001797	0.603151
0.006079	0.544324
0.011526	0.588998
0.016679	0.953512
0.021913	1.365286
0.013025	0.848563
0.019086	0.627973
0.017756	0.752771
0.019070	0.686829
0.009366	0.952839
0.016389	0.666333
0.013415	0.576352
0.009031	0.444509
0.015620	0.625127
0.013528	0.674050
0.018746	0.496627
0.011302	0.237240
0.016855	0.337769
0.012888	0.451215
0.017635	0.466416
0.011886	0.451545
0.018223	0.634196
0.008171	0.503384
0.012969	0.587187
0.009942	1.251319
0.035114	0.954994
0.016812	0.394591
0.018577	0.422597
0.020868	0.468882
0.011743	0.182323
0.011032	0.158019
0.004741	0.346477
0.009197	0.462699
0.008043	0.447898
0.005739	0.386749
0.015649	0.648904
0.004026	0.352860
0.007536	0.394278
0.013187	0.551877
0.016887	0.659598
0.013197	0.580271
0.031004	1.046154
0.033512	1.090567
0.037012	1.181712
0.035573	1.110221
0.040892	1.291711
0.050623	1.548383
0.035102	1.131779
0.038728	1.201645
0.043507	1.388561
0.032785	1.054778
0.014436	0.694921
0.019930	0.812375
0.018897	1.160762
0.026666	1.107457
0.028492	1.126341
0.030132	1.232232
0.024065	1.045975
0.027807	0.999913
0.022243	0.801705
0.029315	1.007102
0.022251	0.764333
0.021747	0.648844
0.030789	0.867303
0.016304	0.691703
0.034066	0.951328
0.039294	1.108062
0.043500	1.302301
0.038467	1.302775
0.042300	1.375515
0.048839	1.512220
0.043599	1.526236
0.036723	1.312473
0.043108	1.500738
0.042262	1.528671
0.044389	1.588063
0.046120	1.544488
0.046666	1.581090
0.042627	1.525020
0.047886	1.624837
0.049596	1.644115
0.049042	1.603105
0.052814	1.621427
0.058036	1.732773
0.048484	1.601928
0.046716	1.651288
0.048732	1.744371
0.046003	1.555539
0.044966	1.482236
0.045013	1.509816
0.037365	1.318287
0.035498	1.174686
0.033190	1.136761
0.041587	1.265848
0.038076	0.983236
0.040476	0.997346
0.044658	1.074206
0.042093	1.013117
0.051557	1.389554
0.043534	1.139385
0.050940	1.276638
0.028173	0.950269
0.023401	0.756784
0.038184	0.832517
0.020151	0.372290
0.018892	0.408830
0.021977	0.385731
0.015507	0.399031
0.020370	0.501493
0.023217	0.417308
0.033569	0.587825
0.031252	0.496164
0.030873	0.559295
0.030696	0.664361
0.029822	0.724272
0.025194	0.573464
0.032317	0.833133
0.031703	0.756135
0.037111	0.897419
0.029937	0.762501
0.030471	0.799628
0.030594	0.786642
0.033237	0.862036
0.036720	0.939832
0.033702	0.880994
0.034322	0.882166
0.038947	0.946814
0.030919	0.825337
0.035478	0.876375
0.026395	0.676662
0.030400	0.765504
0.024359	0.682224
0.025664	0.712889
0.022348	0.586691
0.024203	0.591831
0.021601	0.475403
0.014408	0.464825
0.017595	0.428441
0.020070	0.491025
0.022038	0.514469
0.022191	0.521640
0.024783	0.576012
0.024191	0.600066
0.025334	0.636270
0.028491	0.646214
0.031192	0.774186
0.029416	0.745810
0.023485	0.673864
0.015555	0.496639
0.020074	0.654474
0.018178	0.620592
0.017068	0.578464
0.012719	0.408176
0.014296	0.435616
0.016018	0.550752
0.013596	0.385485
0.015449	0.423744
0.016543	0.425935
0.009927	0.243902
0.015002	0.317157
0.012041	0.367752
0.027961	0.548599
0.011335	0.493349
0.017023	0.897778
0.009412	0.378362
0.019245	0.825134
0.009450	0.250051
0.013504	0.479427
0.011154	0.380351
0.011570	0.407286
0.008094	0.224906
0.015828	0.521957
0.014568	0.461367
0.016094	0.509252
0.013681	0.424664
0.012019	0.477159
0.010632	0.395687
0.010963	0.385404
0.010883	0.466102
0.008583	0.387584
0.009939	0.413199
0.008079	0.411437
0.010214	0.355333
0.014075	0.598295
0.010925	0.500288
0.010831	0.543152
0.008193	0.498478
0.006469	0.387361
0.006873	0.461930
0.006740	0.366957
0.004940	0.410400
0.005969	0.400325
0.007986	0.187382
0.007738	0.214411
0.007741	0.185892
0.010234	0.182412
0.007576	0.103308
0.005912	0.140672
0.006298	0.263468
0.015656	0.828126
0.008305	0.408495
0.011082	0.399656
0.011691	0.220838
0.014087	0.323936
0.014700	0.776671
0.025127	0.496068
0.026700	0.491460
0.026103	0.372429
0.020666	0.340501
0.033565	0.549573
0.037977	0.708942
0.038893	0.744380
0.036035	0.655230
0.035509	0.722262
0.031209	0.744899
0.030348	0.796629
0.030136	0.933625
0.031862	0.973625
0.038799	1.156380
0.030759	1.003064
0.011039	0.361965
0.019712	0.654268
0.032694	1.194996
0.026090	0.962289
0.023464	0.935657
0.018493	0.741122
0.015956	0.639024
0.014892	0.570194
0.015993	0.648029
0.016422	0.715374
0.014151	0.590728
0.014155	0.622206
0.013963	0.536872
0.016213	0.535416
0.014552	0.476752
0.011205	0.342651
0.012051	0.402603
0.013877	0.519857
0.012164	0.497624
0.012017	0.419877
0.006676	0.209757
0.010704	0.423016
0.017151	0.667777
0.019997	0.783304
0.022335	1.256420
0.016014	0.699827
0.014171	0.674229
0.017375	0.787446
0.019050	0.811272
0.024585	0.937968
0.020668	0.926706
0.014706	0.763783
0.014215	0.712144
0.015870	0.792275
0.019308	0.878157
0.020740	0.922884
0.016823	0.804129
0.013966	0.639591
0.018210	0.548904
0.018049	0.709180
0.022424	0.886517
0.022931	0.453802
0.023669	0.901981
0.024460	0.880714
0.022510	0.851589
0.020685	0.808056
0.021677	0.932110
0.024368	0.921695
0.022577	0.889671
0.020624	0.856865
0.017765	0.573110
0.016824	0.577974
0.011465	0.386637
0.008187	0.421369
0.008318	0.308856
0.015832	0.449408
0.007261	0.273905
0.012053	0.314108
0.007084	0.321785
0.012066	0.379549
0.016087	0.466749
0.021678	0.484078
0.019621	0.520397
0.018126	0.517141
0.020959	0.680257
0.024731	0.879378
0.024308	0.860620
0.023728	0.881567
0.030057	1.026844
0.027298	0.892167
0.031740	1.055433
0.035193	1.024439
0.041181	1.143081
0.036536	0.982679
0.037080	0.972980
0.038920	1.016132
0.046236	1.249239
0.048444	1.292562
0.039376	1.244819
0.056754	1.652796
0.055495	1.628155
0.039718	1.415809
0.030848	1.123828
0.028673	1.104707
0.027786	1.022871
0.027883	1.036092
0.026928	0.970114
0.024406	0.936691
0.024024	0.777618
0.033874	1.014307
0.030772	0.944612
0.018966	0.696164
0.019457	0.538054
0.020590	0.333991
0.017805	0.188415
0.017465	0.407331
0.030689	0.771934
0.026210	0.511009
0.027137	0.536475
0.026366	0.578860
0.022563	0.597394
0.024514	0.874901
0.017000	0.727183
0.025282	0.806484
0.029024	0.846590
0.031247	0.801085
0.022221	0.674789
0.027946	0.818505
0.018283	0.564230
0.015806	0.487217
0.021578	0.635795
0.023634	0.573921
0.037449	0.925116
0.039834	0.888881
0.024979	0.563033
0.022163	0.526196
0.032092	0.650936
0.029895	0.682442
0.015267	0.435820
0.012683	0.432907
0.021664	0.527038
0.018464	0.263528
0.017064	0.514969
0.017913	0.493897
0.021890	0.619952
0.016736	0.481581
0.013939	0.313044
0.012987	0.279339
0.010238	0.253492
0.010454	0.231365
0.009994	0.094616
0.016016	0.231857
0.012339	0.203881
0.009274	0.089551
0.023006	0.480366
0.023450	0.455925
0.026907	0.497056
0.010996	0.120822
0.018256	0.298832
0.015531	0.266026
0.009418	0.156177
0.008040	0.100118
0.014601	0.300243
0.013532	0.278177
0.012048	0.237594
0.015378	0.313772
0.019243	0.376473
0.019573	0.333181
0.014884	0.316961
0.014374	0.289837
0.019568	0.380058
0.018021	0.323865
0.017996	0.307388
0.018468	0.370016
0.014496	0.292811
0.010939	0.279839
0.013639	0.313565
0.014437	0.388124
0.013194	0.341655
0.011682	0.252882
0.009070	0.256314
0.014776	0.298637
0.013084	0.166554
0.014285	0.364960
0.016825	0.215309
0.015869	0.214743
0.017678	0.216233
0.013698	0.113370
0.013677	0.091462
0.012229	0.037887
0.022519	0.698436
0.012466	0.068137
0.009793	0.154820
0.012186	0.173630
0.012212	0.116887
0.012883	0.183236
0.011851	0.158388
0.013466	0.108460
0.016699	0.327725
0.015749	0.259465
0.015935	0.344225
0.015341	0.298734
0.015490	0.315907
0.015479	0.323244
0.018674	0.459896
0.017103	0.463822
0.013171	0.372108
0.010807	0.255690
0.012648	0.347269
0.014052	0.397422
0.017367	0.578272
0.009637	0.494065
0.011874	0.519179
0.016286	0.603064
0.020178	0.665366
0.019386	0.729528
0.018278	0.708208
0.020700	0.807228
0.018093	0.798802
0.022542	0.809865
0.021987	0.702023
0.019231	0.747485
0.020393	0.802252
0.010266	0.552618
0.015767	0.501627
0.011604	0.436169
0.027494	0.683170
0.012204	0.450932
0.010679	0.404627
0.010039	0.376152
0.015062	0.438438
0.014725	0.539381
0.016833	0.491016
0.015064	0.498129
0.018182	0.675262
0.015318	0.556555
0.020863	0.641318
0.019348	0.593926
0.018266	0.577179
0.021879	0.672164
0.019328	0.566334
0.037358	1.317556
0.025693	0.753358
0.028470	0.869092
0.021259	0.650693
0.022048	0.701426
0.024670	0.746663
0.027371	0.785044
0.027020	0.763299
0.021043	0.644905
0.017913	0.554646
0.019710	0.626225
0.013223	0.466329
0.012776	0.420560
0.011085	0.417565
0.011375	0.342003
0.010870	0.303353
0.013181	0.392005
0.010482	0.300049
0.006826	0.122336
0.006631	0.214688
0.007220	0.288117
0.009059	0.268999
0.008645	0.336755
0.004000	0.239349
0.008208	0.293198
0.007486	0.308102
0.011061	0.391438
0.006081	0.271144
0.007426	0.333123
0.012613	0.513817
0.011202	0.410411
0.011624	0.500855
0.008985	0.368645
0.010587	0.456833
0.010157	0.406145
0.010466	0.405498
0.014854	0.489164
0.018326	0.663206
0.016607	0.723617
0.012267	0.639689
0.012217	0.591676
0.009808	0.560088
0.013464	0.779393
0.012586	1.020737
0.004792	0.450876
0.030272	1.142697
0.019443	0.401551
0.025778	0.578246
0.023797	0.418368
0.031924	0.757402
0.037965	1.010954
0.041726	1.205058
0.031148	0.815177
0.038505	1.183902
0.051466	1.639434
0.035002	0.873617
0.036937	1.172877
0.043060	1.349280
0.037536	1.069440
0.044843	1.478261
0.037197	1.141667
0.036242	1.048883
0.043197	1.479004
0.039970	1.333773
0.050225	1.796991
0.039005	1.395278
0.040822	1.396546
0.049209	1.698534
0.046285	1.604997
0.043455	1.390359
0.048239	1.636594
0.037448	1.251925
0.048426	1.647533
0.050198	1.573599
0.042931	1.419311
0.033541	1.125596
0.039703	1.337175
0.033414	1.018835
0.037344	1.504616
0.041500	1.140130
0.058907	1.817018
0.047640	1.461266
0.046238	1.241415
0.054285	1.542513
0.050815	1.438661
0.055068	1.426703
0.047187	1.238246
0.046554	1.231052
0.049370	1.292119
0.039230	1.076402
0.038760	1.046252
0.033262	0.873526
0.028188	0.768519
0.016710	0.322053
0.018973	0.620001
0.021151	0.694413
0.009524	0.272463
0.015286	0.478727
0.012486	0.273163
0.013441	0.326885
0.009610	0.346780
0.005691	0.267542
0.003210	0.054152
0.003419	0.104998
0.004185	0.151321
0.014937	0.378289
0.010421	0.276956
0.002478	0.221834
0.002944	0.137969
0.009334	0.239464
0.010121	0.211884
0.020170	0.431642
0.008618	0.209731
0.020830	0.491628
0.018030	0.431027
0.009904	0.270687
0.008331	0.293266
0.016351	0.420653
0.012230	0.369654
0.015929	0.454638
0.015262	0.455839
0.032994	0.832720
0.032546	0.802402
0.010337	0.318343
0.012495	0.353040
0.023251	0.544078
0.008973	0.250650
0.005710	0.181570
0.008542	0.259249
0.018606	0.474224
0.021675	0.478172
0.020738	0.493364
0.024482	0.600353
0.020129	0.442511
0.019951	0.533374
0.017072	0.468956
0.018600	0.487449
0.026864	0.737562
0.026021	0.715178
0.025147	0.733823
0.022601	0.675994
0.027065	0.853680
0.036250	1.648299
0.028767	1.004240
0.025238	0.843267
0.025627	0.833659
0.029629	1.191724
0.026342	0.944450
0.023145	0.876197
0.026121	0.958381
0.028526	1.107218
0.025930	0.959625
0.024090	0.911556
0.021916	0.813291
0.018331	0.629268
0.020545	0.731974
0.019458	0.709416
0.021215	0.788162
0.018750	0.625524
0.021655	0.838139
0.019440	0.681610
0.014029	0.522944
0.011524	0.406824
0.010044	0.357532
0.012454	0.509233
0.010927	0.591315
0.008493	1.151437
0.006516	1.197231
0.015242	0.550938
0.017711	0.729690
0.017058	0.581252
0.015674	0.630735
0.014571	0.581962
0.014648	0.688935
0.017549	0.753632
0.016399	0.738114
0.014000	0.635626
0.016860	0.834335
0.012246	0.604870
0.007863	0.393212
0.010766	0.564780
0.008518	0.312135
0.008300	0.288283
0.008590	0.273707
0.005670	0.118057
0.007078	0.368001
0.009264	0.497600
0.003283	0.117595
0.009911	0.508353
0.007655	0.440976
0.006926	0.424246
0.007264	0.393557
0.004177	0.147250
0.005155	0.323793
0.005509	0.365272
0.004274	0.294199
0.003526	0.101627
0.008157	0.270564
0.008976	0.248893
0.008989	0.326408
0.006538	0.202814
0.007309	0.181888
0.009230	0.305717
0.008819	0.267651
0.006056	0.116441
0.009675	0.256032
0.011080	0.353148
0.005822	0.099998
0.009350	0.236694
0.009645	0.245329
0.005979	0.043836
0.010897	0.324034
0.010994	0.295475
0.010125	0.217860
0.009527	0.211029
0.011756	0.387378
0.010165	0.401350
0.010049	0.500616
0.014258	0.561365
0.011192	0.219781
0.010081	0.212035
0.011458	0.400689
0.015659	0.549776
0.015802	0.599645
0.012855	0.490675
0.014439	0.551896
0.012011	0.470440
0.015936	0.624817
0.016971	0.747269
0.012731	0.618169
0.017953	0.657865
0.022857	0.898415
0.011237	0.401969
0.017143	0.752415
0.023974	1.047368
0.016247	0.743036
0.014010	0.542401
0.011081	0.460401
0.008027	0.339325
0.008212	0.379323
0.011363	0.476963
0.008574	0.549279
0.007728	0.521814
0.011711	0.810169
0.009350	0.659207
0.008925	0.571178
0.009081	0.603425
0.007106	0.546355
0.010326	0.364141
0.011254	0.484352
0.008615	0.278789
0.010168	0.273098
0.010181	0.356036
0.009981	0.479815
0.015331	0.470649
0.013245	0.605468
0.014203	0.501718
0.018332	0.687789
0.017915	0.660523
0.019827	0.683096
0.017254	0.506154
0.012549	0.526828
0.017288	0.604275
0.020728	0.733564
0.012041	0.259586
0.019775	0.670302
0.025991	0.964078
0.019447	0.642287
0.021371	0.642701
0.028467	1.128068
0.021687	0.820968
0.020959	0.713098
0.026462	0.980525
0.017121	0.600526
0.021205	0.692346
0.023569	0.826089
0.012237	0.434933
0.013967	0.415598
0.015884	0.530076
0.016945	0.590355
0.017979	0.776450
0.015484	0.751514
0.020718	0.929165
0.019936	0.853132
0.016323	0.793039
0.011155	0.761769
0.013142	0.760454
0.021318	0.973773
0.025260	0.978860
0.022468	0.717232
0.028987	1.014377
0.034123	1.143366
0.031434	1.020190
0.026268	0.686640
0.020709	0.541400
0.021073	0.585417
0.022810	0.767107
0.040673	0.421171
0.022623	0.698940
0.023000	0.756481
0.024682	0.787628
0.026204	0.841769
0.008277	0.885580
0.021473	0.719866
0.024381	0.824147
0.030192	0.992185
0.025488	0.868760
0.036915	0.736679
0.022501	0.803170
0.026745	0.980399
0.021095	0.714075
0.019101	0.582305
0.022946	0.666114
0.025408	0.873430
0.024457	0.726375
0.024521	0.720976
0.027176	0.782601
0.020692	0.562597
0.018067	0.507744
0.026049	0.709700
0.042255	0.460432
0.029554	0.877780
0.025879	0.730737
0.031742	0.882414
0.044246	0.588789
0.029075	0.855844
0.033035	1.107995
0.038954	1.309769
0.028628	1.012759
0.027734	0.954591
0.038194	1.252487
0.036970	1.999913
0.039659	1.314171
0.037354	1.349856
0.037988	1.364801
0.032883	1.136699
0.031141	0.870518
0.032020	0.899057
0.027492	0.765919
0.022133	0.791390
0.023790	0.834833
0.018588	0.870222
0.019403	1.103930
0.014877	1.039403
0.013851	1.183766
0.024553	1.176086
0.024050	1.169605
0.025164	1.253749
0.031533	1.433091
0.027802	1.300794
0.021593	1.145078
0.031517	1.469906
0.033412	1.465699
0.030118	1.804435
0.017166	1.196207
0.025345	1.167761
0.026027	1.708279
0.027577	1.350555
0.016540	1.189561
0.023256	1.816808
0.022955	1.674834
0.024951	3.019135
0.028827	1.633238
0.031036	1.686631
0.020451	1.489071
0.031750	1.522866
0.029960	1.512232
0.069355	2.216971
0.075279	2.499020
0.112560	4.019647
0.089032	3.591245
0.068853	3.141744
0.085349	3.416226
0.110871	4.259039
0.092516	3.693821
0.084308	3.503830
0.083313	3.410663
0.066668	2.906293
0.075445	3.140783
0.061218	2.693841
0.053069	2.378869
0.057463	2.600755
0.054515	2.411350
0.046052	2.025141
0.051463	2.269209
0.051441	2.109004
0.039818	1.343835
0.042193	1.379812
0.038087	1.250594
0.040009	1.310139
0.044336	1.413945
0.043182	1.412774
0.042957	1.409342
0.037090	1.250780
0.048821	1.527427
0.056237	1.646449
0.053844	1.525625
0.048538	1.364052
0.050807	1.389517
0.032462	0.821479
0.023514	0.757855
0.033144	0.887763
0.035442	0.980532
0.039256	1.108302
0.034293	0.937193
0.045447	1.168851
0.038298	1.053934
0.032698	1.129563
0.033159	0.882884
0.037595	1.002966
0.038273	0.990306
0.029873	0.855216
0.033820	0.814487
0.035119	0.849256
0.037874	0.651469
0.030325	0.819208
0.042189	1.016046
0.052395	1.262129
0.042165	1.083000
0.046901	1.182541
0.041585	1.077588
0.041289	1.155631
0.036669	0.989738
0.039939	0.919675
0.033638	0.864845
0.039964	1.100632
0.038081	0.917045
0.033967	0.850551
0.035864	0.975597
0.037782	1.019247
0.034029	0.793635
0.029906	0.739336
0.032125	0.788750
0.066680	1.472372
0.046349	0.965413
0.040808	1.009191
0.042400	1.021552
0.032067	0.831519
0.035095	0.905475
0.028361	0.832563
0.028734	0.868492
0.024197	0.669286
0.024840	0.734489
0.022369	0.720406
0.021111	0.606806
0.022128	0.633535
0.018189	0.561322
0.009317	0.421839
0.010888	0.459939
0.010679	0.423658
0.012281	0.433749
0.013959	0.426199
0.012073	0.462277
0.017750	0.547091
0.010433	0.374772
0.011611	0.434077
0.014693	0.434199
0.013868	0.431425
0.013695	0.344885
0.009637	0.358790
0.011272	0.238820
0.008765	0.300429
0.009853	0.301125
0.009886	0.418801
0.006107	0.314308
0.007999	0.331523
0.010577	0.378285
0.014617	0.526480
0.017952	0.671178
0.013019	0.543695
0.012310	0.570900
0.014032	0.638010
0.017812	0.976192
0.013984	0.578793
0.014102	0.632029
0.012591	0.504895
0.016373	0.504652
0.015452	0.448969
0.016487	0.440367
0.018246	0.380475
0.019294	0.377004
0.017593	0.250856
0.018592	0.290001
0.017855	0.331887
0.018784	0.249112
0.017526	0.146990
0.014642	0.242496
0.013294	0.108488
0.010200	0.197015
0.011083	0.165848
0.019371	0.423632
0.025083	0.610914
0.023685	0.624465
0.026981	0.726488
0.035740	0.941834
0.036060	1.049239
0.029319	0.805874
0.036829	0.979975
0.028861	0.745948
0.035018	0.938208
0.034957	0.970540
0.034509	0.935468
0.028911	0.803208
0.030025	0.830133
0.030744	0.904136
0.023114	0.717528
0.017106	0.575082
0.021341	0.631775
0.022093	0.639388
0.025891	0.662380
0.023206	0.657377
0.023904	0.635907
0.020470	0.612183
0.029192	0.794293
0.023694	0.729466
0.022257	0.618486
0.023331	0.616463
0.022913	0.616726
0.019558	0.687059
0.020884	0.682976
0.019941	0.599755
0.020225	0.659440
0.014530	0.480074
0.011023	0.438962
0.022393	0.900515
0.012628	0.467438
0.009562	0.291463
0.007061	0.255847
0.008597	0.270323
0.009803	0.307812
0.008933	0.391020
0.007544	0.323113
0.006794	0.276061
0.005588	1.136048
0.004508	0.197882
0.006463	0.258749
0.007525	0.276247
0.009745	0.340105
0.007282	0.304277
0.004396	0.200091
0.007796	0.205710
0.009218	0.385264
0.007685	0.352671
0.006327	0.303482
0.007823	0.271414
0.010073	0.333000
0.008300	0.299259
0.010542	0.384889
0.010005	0.374837
0.008666	0.279938
0.005555	0.207423
0.008006	0.185982
0.010651	0.226876
0.009002	0.263149
0.007212	0.231205
0.010091	0.256924
0.007110	0.397533
0.009411	0.464601
0.007627	0.452540
0.009640	0.378028
0.009333	0.403958
0.012727	0.422179
0.013859	0.613641
0.013752	0.567567
0.013993	0.509250
0.018138	0.649905
0.015456	0.533987
0.015540	0.540656
0.019472	0.282421
0.015129	0.503090
0.015007	0.461302
0.017008	0.536218
0.016977	0.546867
0.017910	0.599496
0.020216	0.712330
0.022771	0.874401
0.020834	0.796884
0.020982	0.810931
0.022032	0.891523
0.023561	0.937670
0.024164	0.974695
0.022663	0.881863
0.024350	0.932773
0.024458	0.960906
0.020192	0.778326
0.024709	0.990928
0.019683	0.800050
0.018640	0.673553
0.018066	0.671634
0.020437	0.794144
0.018956	0.815029
0.014090	0.575540
0.012093	0.556346
0.017694	0.716575
0.015105	0.598622
0.011711	0.490256
0.005451	0.262653
0.011866	0.455748
0.005198	0.346972
0.003769	0.295624
0.006214	0.383060
0.005740	0.323271
0.007578	0.280610
0.002066	0.284726
0.006837	0.281547
0.005398	0.307022
0.004235	0.347315
0.003270	0.260335
0.003027	0.277668
0.003912	0.293137
0.007934	0.468680
0.004307	0.289194
0.005596	0.285955
0.010254	0.473629
0.008855	0.447042
0.008550	0.492713
0.012791	0.551274
0.005172	0.319717
0.009118	0.490947
0.011222	0.572809
0.010808	0.565229
0.007015	0.388761
0.004819	0.333630
0.004664	0.228103
0.015769	0.674287
0.003754	0.185664
0.007315	0.305412
0.006687	0.241490
0.013411	0.451042
0.014450	0.489198
0.018692	0.617266
0.022130	0.860773
0.022708	1.020819
0.026885	1.100967
0.023817	0.957617
0.023534	0.936327
0.021580	0.930667
0.027630	1.153568
0.028412	1.242937
0.027495	1.220286
0.022650	0.955511
0.025063	1.039121
0.021869	0.898559
0.027731	1.149196
0.023068	0.880886
0.032921	1.205499
0.030174	1.116650
0.030223	1.121984
0.028938	1.019621
0.033725	1.195071
0.032020	1.220649
0.031129	1.181659
0.030883	1.163987
0.038718	1.500914
0.033700	1.271283
0.035907	1.360978
0.041224	1.476550
0.036314	1.340020
0.038891	1.419008
0.033527	1.245835
0.040704	1.407105
0.041240	1.512665
0.038356	1.394279
0.045545	1.603599
0.037731	1.376237
0.040776	1.415784
0.037108	1.388771
0.043290	1.670434
0.035900	1.396612
0.039560	1.538584
0.037713	1.508136
0.039464	1.603962
0.030914	1.255374
0.028038	1.153738
0.028856	1.233999
0.024533	0.959181
0.017813	0.756076
0.023708	0.903400
0.023820	0.928766
0.027167	1.123424
0.027750	1.088618
0.025696	1.045466
0.020860	0.851709
0.018951	0.883320
0.016806	1.047127
0.018834	0.857417
0.018703	0.896210
0.013540	0.712085
0.015900	0.765577
0.017618	0.729109
0.016036	0.705876
0.010357	0.493098
0.008625	0.395552
0.006890	0.370428
0.003168	0.093697
0.005433	0.184028
0.003849	0.161448
0.006505	0.242846
0.007170	0.274760
0.003792	0.196666
0.009122	0.283111
0.006110	0.826571
0.004218	0.169042
0.007962	0.274200
0.008269	0.370673
0.009549	0.801348
0.018165	0.473658
0.018372	0.529125
0.014923	0.504902
0.017418	0.400230
0.013486	0.479206
0.016713	0.589194
0.012265	0.408580
0.004682	0.396971
0.012452	0.435124
0.011074	0.409101
0.008981	0.771481
0.007539	0.290756
0.009614	0.440552
0.014578	0.555018
0.009866	0.388297
0.032105	1.116476
0.029084	1.002062
0.012569	0.557374
0.025195	0.980476
0.028104	0.969966
0.027891	0.924642
0.020450	0.742736
0.028943	0.991005
0.033737	1.067193
0.020057	0.739381
0.026950	0.919283
0.029444	1.005790
0.042589	1.340356
0.034828	1.616790
0.030915	1.043845
0.030754	1.014422
0.027536	0.944169
0.026094	0.894465
0.028037	0.995222
0.032028	1.064060
0.022024	0.734595
0.038672	1.163067
0.041034	1.219413
0.049005	1.431849
0.048695	1.421458
0.053531	1.597512
0.056377	1.704221
0.055890	1.703972
0.054632	1.615185
0.068492	1.978778
0.066652	1.979069
0.066218	1.943295
0.071084	2.081196
0.071528	2.063229
0.082687	2.321672
0.079439	2.331594
0.099677	2.584973
0.083195	2.334436
0.091468	2.522034
0.097074	2.692895
0.088827	2.451745
0.094381	2.682341
0.096356	2.738142
0.105259	2.985140
0.095007	2.620478
0.087785	2.578567
0.089969	2.615851
0.090657	2.636982
0.083108	2.412893
0.077035	2.203316
0.071877	2.136336
0.064169	2.012792
0.066269	2.040998
0.057235	1.820666
0.060139	1.864818
0.049217	1.626043
0.042843	1.785837
0.023479	0.938182
0.019066	0.835951
0.021254	0.840251
0.018789	0.786967
0.005689	0.461300
0.009056	0.570186
0.016690	0.425796
0.008405	0.309432
0.007165	0.365984
0.004914	0.393725
0.005017	0.302638
0.004784	0.288614
0.005884	0.236844
0.009630	0.288379
0.010480	0.153435
0.005262	0.257894
0.005703	0.262101
0.011271	0.357074
0.005823	0.248818
0.008402	0.613175
0.011603	0.448732
0.016723	0.404597
0.010072	0.345234
0.006262	0.301748
0.007299	0.224682
0.007103	0.306466
0.011013	0.387583
0.007513	0.329955
0.013903	0.374667
0.012951	0.416089
0.008626	0.305358
0.012688	0.320486
0.013612	0.357867
0.006714	0.269267
0.006633	0.283289
0.006616	0.289986
0.006882	0.223965
0.005561	0.154066
0.004766	0.201027
0.003696	0.230031
0.016226	0.783480
0.004678	0.362433
0.002092	0.370876
0.002515	0.340822
0.002375	0.323264
0.013527	0.733051
0.009924	0.276349
0.003855	0.241980
0.005320	0.248669
0.008126	0.270715
0.008639	0.266223
0.008382	0.412818
0.008514	0.221365
0.008476	0.195982
0.006183	0.358991
0.006700	0.313313
0.007542	0.378302
0.006938	0.335609
0.012932	0.420941
0.010203	0.378793
0.013831	0.457349
0.028987	0.359826
0.021112	0.570145
0.013309	0.496221
0.013048	0.449171
0.018329	0.499367
0.017264	0.486146
0.020833	0.469755
0.020139	0.622671
0.006650	0.451690
0.014701	0.595149
0.015123	0.479369
0.016793	0.445810
0.010833	0.163284
0.016659	0.814189
0.007294	0.434441
0.013840	0.531766
0.013195	0.510146
0.018907	0.583252
0.011772	0.387962
0.014000	0.411585
0.018707	0.358264
0.018591	0.257105
0.018541	0.350690
0.021272	0.299587
0.023301	0.498271
0.020268	0.511735
0.021284	0.639947
0.013811	0.544543
0.013221	0.533183
0.009680	0.393550
0.009795	0.412233
0.004568	0.244060
0.003899	0.277336
0.006819	0.355113
0.007598	0.224121
0.009252	0.235924
0.007005	0.213375
0.008206	0.208206
0.015840	0.344420
0.013725	0.284626
0.011457	0.359667
0.010853	0.293779
0.014913	0.458520
0.011680	0.366813
0.012857	0.458367
0.012331	0.412483
0.013002	0.428828
0.010276	0.384224
0.007621	0.284721
0.012726	0.390353
0.006937	0.301522
0.006108	0.307006
0.008862	0.410554
0.005234	0.280570
0.004766	0.256930
0.005886	0.215298
0.004090	0.244293
0.014163	0.380090
0.008961	0.352096
0.024455	0.646149
0.025824	0.625739
0.029321	0.770482
0.033975	0.768445
0.042381	1.709517
0.021174	0.559163
0.021643	0.604055
0.026121	0.710810
0.023957	0.661055
0.018731	0.537422
0.017254	0.611972
0.024053	0.688091
0.025181	0.720799
0.018663	0.615042
0.012107	1.002381
0.028712	0.860425
0.029593	0.813416
0.018113	0.556705
0.024524	0.692288
0.025300	0.700275
0.023689	0.661031
0.023470	0.705988
0.020670	0.636499
0.023630	0.711635
0.028042	0.772084
0.032723	0.881581
0.036288	1.001339
0.023405	0.660553
0.023316	0.393994
0.033537	0.858040
0.036246	0.904117
0.026538	0.723880
0.029257	0.834367
0.031182	0.791156
0.021515	0.612160
0.026113	0.721505
0.029106	0.771428
0.024945	0.690476
0.020537	0.618611
0.022245	0.616737
0.019784	0.544384
0.024645	0.626358
0.024098	0.602888
0.020818	0.566585
0.032525	0.963689
0.023320	0.553648
0.015979	0.423318
0.013370	0.351164
0.011967	0.289651
0.011446	0.270625
0.008724	0.167192
0.010039	0.243720
0.009729	0.295951
0.010281	0.332345
0.005800	0.243942
0.006336	0.302392
0.008872	0.337571
0.009964	0.385605
0.009758	0.347534
0.010746	0.302978
0.008983	0.262242
0.010004	0.321696
0.007000	0.210938
0.009771	0.247760
0.005106	0.207279
0.005258	0.192409
0.002533	0.101035
0.006926	0.224453
0.006090	0.147806
0.003445	0.132916
0.006490	0.244775
0.003438	0.161590
0.005660	0.107116
0.005862	0.142482
0.001454	0.100026
0.004016	0.188255
0.002178	0.181042
0.005294	0.128199
0.002449	0.149827
0.002002	0.167263
0.002346	0.103481
0.003946	0.160570
0.003518	0.166868
0.004926	0.165157
0.003057	0.190590
0.006060	0.267742
0.003363	0.236484
0.006500	0.133063
0.007129	0.252720
0.007802	0.172778
0.006314	0.185384
0.008686	0.139418
0.008524	0.202378
0.007967	0.143075
0.010098	0.231221
0.013021	0.404043
0.008833	0.264434
0.008024	0.209643
0.009646	0.226300
0.006689	0.287695
0.009726	0.275285
0.008698	0.270033
0.009205	0.337368
0.007455	0.269563
0.007145	0.251096
0.008552	0.270987
0.011945	0.336026
0.010996	0.224232
0.011282	0.125753
0.007812	0.110922
0.008317	0.153811
0.007867	0.153970
0.006644	0.140722
0.015999	0.348726
0.008464	0.183779
0.007329	0.196925
0.005376	0.242677
0.001920	0.214582
0.002629	0.196956
0.002869	0.178604
0.009503	0.292016
0.004116	0.187815
0.004093	0.243121
0.011497	0.159955
0.004420	0.218398
0.006761	0.250019
0.004666	0.374382
0.006188	0.314782
0.005715	0.279561
0.006805	0.274497
0.009322	0.316593
0.005765	0.302314
0.004808	0.327058
0.005174	0.259507
0.005093	0.284108
0.007656	0.311075
0.005418	0.303475
0.005558	0.316924
0.006025	0.526372
0.007518	0.355271
0.007049	0.350823
0.006295	0.300321
0.006624	0.367181
0.007577	0.436084
0.006106	0.372987
0.006243	0.465258
0.006922	0.435030
0.005260	0.520928
0.005840	0.382727
0.007063	0.604967
0.009112	0.561438
0.009585	0.568009
0.007734	0.671058
0.008368	0.559486
0.008832	0.616226
0.008441	0.675157
0.013525	0.650640
0.013048	0.629369
0.015741	0.644554
0.023276	1.051184
0.020613	0.656807
0.022416	0.688169
0.017396	0.597374
0.024025	0.730203
0.022608	0.778701
0.020522	0.762594
0.024145	0.657819
0.027190	0.739022
0.021334	0.707053
0.026524	0.763001
0.026128	0.781128
0.024469	0.755485
0.026663	0.856128
0.028212	0.896205
0.030432	1.053758
0.024027	0.867461
0.026666	0.980662
0.026280	0.957235
0.026887	0.977721
0.025706	0.855968
0.024876	0.915450
0.028452	0.946380
0.034020	0.998526
0.027909	0.844360
0.034692	0.942441
0.033395	0.973785
0.020247	0.684020
0.029696	0.858351
0.029074	0.527738
0.029711	0.831925
0.030560	0.853763
0.032591	0.854141
0.031583	0.811930
0.030768	0.867324
0.027814	0.832728
0.031597	0.915159
0.031695	0.872676
0.033843	1.060244
0.029261	0.931273
0.031499	1.147039
0.020466	0.817932
0.015793	0.805590
0.027757	0.978854
0.025489	0.866465
0.021115	0.927513
0.027373	1.018152
0.020818	0.997534
0.018076	0.949266
0.017297	1.184214
0.023468	0.908065
0.025490	1.084953
0.024293	1.013441
0.022167	0.911816
0.022940	0.995534
0.026503	1.063522
0.026557	1.029602
0.026869	1.128455
0.027007	0.993212
0.030663	1.178666
0.027978	1.035389
0.028149	1.057019
0.029496	1.072277
0.030410	1.220308
0.034469	1.283472
0.032541	1.300183
0.034736	1.351323
0.036468	1.429775
0.034234	1.361466
0.037491	1.386388
0.034157	1.293920
0.036314	1.398306
0.037118	1.391405
0.034758	1.306859
0.036017	1.415781
0.032243	1.249273
0.029885	1.181531
0.032947	1.317716
0.027968	1.137550
0.028392	1.147204
0.031739	1.276591
0.029545	1.270144
0.031733	1.323753
0.028775	1.176663
0.024243	1.001482
0.031232	1.219282
0.030568	1.182500
0.030975	1.187735
0.033426	1.189815
0.035196	1.242338
0.034368	1.276951
0.034926	1.137272
0.036789	1.173083
0.038566	1.176562
0.038667	1.082332
0.040345	1.205061
0.034973	1.101768
0.040092	1.160512
0.035616	1.038943
0.037642	0.658209
0.028851	0.839641
0.034783	0.992400
0.033239	0.727876
0.024043	0.670667
0.030561	0.847871
0.031556	0.902597
0.030022	0.851690
0.031184	0.902361
0.029329	0.842538
0.030879	0.894538
0.033095	0.929502
0.031196	0.827793
0.028654	0.829664
0.033019	0.946741
0.031899	0.913849
0.036198	1.046060
0.033518	0.953404
0.031608	0.820504
0.027015	0.779266
0.027764	0.806520
0.029533	0.836652
0.027267	0.839349
0.029300	0.902966
0.023583	0.655132
0.028701	0.877304
0.025382	0.761852
0.029498	1.019560
0.028982	0.873729
0.025123	0.725321
0.021807	0.720641
0.024155	0.612926
0.021252	0.551948
0.027114	0.709789
0.032334	0.878462
0.040131	1.058766
0.028831	0.776008
0.036707	1.059144
0.033407	1.091233
0.025002	0.795948
0.029824	0.948034
0.043520	2.107982
0.034092	1.092267
0.036113	1.163997
0.028466	0.991904
0.037646	1.268046
0.034100	1.027087
0.037101	1.304415
0.027101	1.055426
0.023246	1.050120
0.028417	1.178288
0.032569	1.227326
0.018563	0.971059
0.027685	1.171653
0.030943	1.446507
0.029399	1.384884
0.036903	1.683015
0.039560	1.724116
0.040218	1.752796
0.032672	1.540203
0.035082	1.518209
0.037550	1.617927
0.034689	1.878223
0.040230	1.624881
0.044538	1.778378
0.047873	1.816968
0.041968	1.692393
0.038471	1.575301
0.039667	1.670329
0.034768	1.420019
0.031138	1.350375
0.031037	1.348365
0.029365	1.270766
0.029790	1.325318
0.023037	1.080687
0.023395	1.112153
0.019014	0.913049
0.020477	1.398593
0.019402	0.880258
0.019132	0.983240
0.016966	0.896658
0.015017	0.848315
0.017746	0.893844
0.017967	0.877070
0.019689	0.935407
0.017971	0.857298
0.021088	0.939482
0.021370	0.919894
0.020581	0.876682
0.016849	0.807848
0.018804	0.789605
0.022616	0.850707
0.018991	0.700793
0.022941	0.859968
0.021043	0.759214
0.021376	0.812403
0.022399	0.856524
0.017222	0.564723
0.015236	0.676230
0.017452	0.597040
0.014814	0.535758
0.015452	0.590589
0.014538	0.885121
0.011745	0.500679
0.010979	0.517064
0.009021	0.441070
0.013160	0.490579
0.008668	0.417872
0.008881	0.391261
0.007825	0.362196
0.006245	0.410271
0.010038	0.488550
0.010804	0.371829
0.005501	0.389138
0.008831	0.327386
0.006745	0.378421
0.006472	0.450073
0.006681	0.451362
0.006609	0.353840
0.016032	0.712684
0.008886	0.355822
0.009083	0.361824
0.008158	0.454034
0.003603	0.436760
0.010384	0.509409
0.007983	0.390646
0.008982	0.418449
0.008329	0.379261
0.008228	0.504716
0.008232	0.549800
0.010608	0.581290
0.015797	0.431575
0.007732	0.534163
0.007548	0.583463
0.007863	0.559741
0.010894	0.623695
0.008981	0.600047
0.007404	0.532166
0.009255	0.611486
0.012416	0.731302
0.013573	0.705304
0.013931	0.716809
0.015074	0.745676
0.014265	0.682674
0.013233	0.605478
0.016207	0.722200
0.017398	0.762799
0.020358	0.720445
0.018405	0.654146
0.021306	0.780071
0.027275	0.797430
0.022767	0.713445
0.020179	0.712902
0.018463	0.602464
0.023290	1.294167
0.025679	0.798193
0.026338	0.783120
0.024391	0.791431
0.024685	0.772600
0.026655	0.775927
0.024091	0.720993
0.024314	0.739917
0.022849	0.658772
0.025790	0.780499
0.031873	0.944494
0.026179	0.885971
0.027518	0.910715
0.030019	1.029254
0.024865	1.030287
0.024742	1.077965
0.036112	1.322354
0.034955	1.277272
0.032177	1.224921
0.038687	1.017055
0.028812	1.121264
0.034835	1.338890
0.035972	1.396508
0.035324	1.345697
0.032246	1.316823
0.036456	1.455027
0.034186	1.446343
0.035957	1.455658
0.034323	1.518622
0.036113	1.449869
0.036326	1.417607
0.035139	1.383927
0.022817	1.034056
0.035737	1.335831
0.037088	1.370447
0.032615	1.250692
0.030697	1.290416
0.030641	1.215638
0.032305	1.315021
0.031935	1.256199
0.027746	1.113512
0.030056	1.170511
0.028743	1.171489
0.033545	1.275386
0.033030	1.221458
0.033129	1.267416
0.034223	1.303433
0.028475	1.147954
0.028212	1.032665
0.030922	1.149639
0.022986	0.924164
0.028521	1.062785
0.028369	1.028455
0.031366	1.128053
0.033064	1.097401
0.026811	0.966513
0.022083	0.848611
0.029107	0.930991
0.025024	0.814237
0.025562	0.882437
0.024139	0.820098
0.026827	0.895155
0.029063	0.958825
0.027898	0.856424
0.027105	0.883499
0.028593	0.897064
0.030558	0.972408
0.027836	0.891319
0.028177	0.946584
0.025989	0.883236
0.031399	0.990714
0.025076	1.084302
0.028144	0.899840
0.031939	1.043509
0.028191	0.807170
0.027443	0.827633
