0.107837	3.226596
0.103516	3.099208
0.106173	3.180745
0.103068	3.079635
0.097693	2.993673
0.101246	3.061583
0.096965	3.024717
0.099588	3.059639
0.099769	3.097124
0.100435	3.037228
0.093749	2.928739
0.101618	3.034623
0.101817	3.095291
0.103691	3.148142
0.096554	2.927830
0.091027	2.824952
0.100070	3.008651
0.106958	3.161363
0.103886	3.094518
0.103170	3.108658
0.099881	3.078409
0.096842	2.943578
0.107276	3.245564
0.106824	3.298107
0.089092	2.933283
0.086731	2.869473
0.095029	3.071736
0.086197	2.842526
0.080318	2.693070
0.076453	2.563103
0.069535	2.354193
0.064401	2.240820
0.064296	2.223007
0.066293	2.361389
0.072488	2.340681
0.069422	2.385182
0.069693	2.385304
0.063261	2.210482
0.077739	2.580209
0.083359	2.619094
0.076909	2.495291
0.067662	2.328407
0.073625	2.326868
0.087328	2.712596
0.079582	2.516371
0.073776	2.317850
0.063350	2.052004
0.067590	2.160168
0.071076	2.291600
0.057439	2.181966
0.064205	2.268902
0.069991	2.194507
0.058854	2.012423
0.057662	1.889305
0.060227	1.925092
0.062941	1.994662
0.054744	1.891884
0.065340	2.075582
0.056999	1.835667
0.058335	1.871187
0.070112	2.180791
0.069109	2.169988
0.061749	2.010200
0.053316	1.792274
0.053524	1.716325
0.050900	1.679423
0.052780	1.740820
0.049332	1.629329
0.055633	1.781986
0.039272	1.380143
0.044042	1.521987
0.040408	1.362658
0.035442	1.327261
0.026617	1.182410
0.028456	1.324760
0.036203	1.492005
0.029891	1.382457
0.032239	1.449367
0.031798	1.402140
0.032220	1.372741
0.041102	1.480364
0.035709	1.413801
0.042458	1.453183
0.051528	1.567584
0.047396	1.418638
0.048179	1.488542
0.049271	1.546249
0.056774	1.482817
0.051802	1.364278
0.052828	1.377873
0.053340	1.345914
0.049630	1.271123
0.056386	1.439967
0.057302	1.474685
0.057536	1.413000
0.052444	1.347814
0.046562	1.231623
0.041741	1.174664
0.046585	1.293636
0.045520	1.188360
0.045323	1.208750
0.044414	1.148050
0.041609	1.143565
0.039827	1.029214
0.040684	1.107939
0.037163	1.032323
0.037062	0.972181
0.038178	0.992011
0.033923	0.942191
0.039090	1.022942
0.038268	1.031736
0.033383	0.932157
0.034216	0.882193
0.034549	1.012348
0.029789	0.847384
0.027271	0.842385
0.035631	1.042798
0.033656	0.941740
0.027841	0.914493
0.027952	0.960141
0.029226	0.959335
0.027478	0.866677
0.027663	0.866693
0.027563	0.744725
0.033186	0.948373
0.028619	0.917762
0.028575	0.939859
0.027949	0.870312
0.021070	0.998868
0.019180	1.002684
0.015556	0.923606
0.016733	0.885168
0.023134	0.842744
0.018527	0.855476
0.024160	0.896720
0.017462	0.816666
0.022536	0.728162
0.022982	0.734151
0.025162	0.755994
0.025136	0.715556
0.019220	0.614049
0.027469	0.679386
0.029008	0.680719
0.025368	0.559511
0.022208	0.507841
0.023234	0.664269
0.027377	0.672350
0.023134	0.585197
0.024313	0.573816
0.024143	0.576956
0.023778	0.611287
0.026885	0.602123
0.028897	0.673848
0.028232	0.594459
0.027460	0.638344
0.034158	0.759196
0.040357	0.851247
0.032740	0.747589
0.028705	0.678389
0.034456	0.768840
0.036815	0.901604
0.036496	0.921237
0.033059	0.878784
0.034942	0.784190
0.040206	0.874187
0.037673	0.952566
0.040361	0.868533
0.035316	0.840356
0.040182	0.850337
0.040356	0.857858
0.043532	0.903796
0.042509	0.862350
0.040164	0.802483
0.038826	0.735512
0.046575	0.926139
0.052874	1.171980
0.052983	1.187145
0.044425	0.948921
0.043617	0.896410
0.054941	1.180985
0.054856	1.233294
0.049718	1.117552
0.038551	0.880017
0.050219	1.077231
0.047896	1.027772
0.053407	1.194393
0.050635	1.141624
0.052937	1.164833
0.039729	0.807882
0.045386	0.977353
0.051887	1.219497
0.051684	1.236590
0.061969	1.513663
0.043159	0.967367
0.036259	0.899391
0.046410	1.164401
0.048826	1.190481
0.047470	1.111460
0.041429	0.934371
0.044544	0.827314
0.047505	1.205803
0.049924	1.246557
0.043622	1.136614
0.040337	1.077655
0.039631	1.039939
0.042737	1.187559
0.043977	1.204872
0.046677	1.281849
0.038816	1.068593
0.034043	0.973098
0.035124	0.998988
0.035691	1.097763
0.030688	0.916715
0.036565	0.990103
0.038206	1.151011
0.036341	1.124355
0.026495	0.793554
0.027522	0.807453
0.036267	1.052074
0.030669	0.902456
0.034259	1.073376
0.032160	0.984350
0.026255	0.779181
0.039967	1.076839
0.031758	0.863237
0.031767	0.849716
0.029980	0.848603
0.024636	0.641918
0.041001	1.174239
0.042030	1.185991
0.040297	1.160480
0.041802	1.210737
0.035601	0.837057
0.035711	1.007387
0.038752	1.160348
0.035892	1.099851
0.045111	1.355131
0.043286	1.321214
0.039691	1.186499
0.032387	0.995234
0.034217	0.999099
0.028367	0.861372
0.029643	0.910251
0.033089	0.964578
0.032826	0.918954
0.024798	0.738350
0.026088	0.848572
0.026315	0.858587
0.029767	0.897674
0.035846	1.044012
0.032613	0.974980
0.033258	0.992183
0.027993	0.874039
0.034349	1.080283
0.039764	1.232569
0.039873	1.230950
0.035212	1.074715
0.028209	0.894489
0.031227	0.970337
0.028771	0.653429
0.028533	0.860046
0.025502	0.775207
0.027914	0.873258
0.030703	0.960382
0.026462	0.763287
0.027885	0.784356
0.034073	0.999576
0.033180	0.912079
0.033534	0.900397
0.019132	0.485352
0.021429	0.613992
0.023541	1.160826
0.016942	0.466928
0.022183	0.622554
0.020742	1.098136
0.023125	0.713463
0.019843	0.622582
0.014234	0.933209
0.019375	0.612880
0.014918	0.450565
0.009495	0.285428
0.009578	0.281781
0.004231	0.100894
0.002147	0.036001
0.008971	0.297232
0.008174	0.289273
0.005251	0.152460
0.007302	0.339822
0.006598	0.317682
0.003833	0.077427
0.003922	0.268732
0.006475	0.362957
0.009833	0.504836
0.003898	0.511909
0.003762	0.548826
0.003124	0.389816
0.010575	0.638328
0.002279	0.357769
0.008429	0.484661
0.009401	0.501706
0.010329	0.705204
0.007194	0.743887
0.008061	0.691889
0.012495	0.842537
0.006632	0.569958
0.005155	0.627563
0.012237	0.734753
0.006662	0.537879
0.008263	0.626553
0.007055	0.627773
0.006679	0.476112
0.005429	0.514497
0.007184	0.671425
0.007125	0.578833
0.012105	0.786627
0.019090	0.967047
0.017613	0.953028
0.017958	0.875215
0.023066	1.073596
0.023106	1.058998
0.016948	0.792920
0.019840	0.753950
0.020312	0.782336
0.024665	0.950068
0.023003	0.934763
0.014069	0.538589
0.014657	0.564117
0.016411	0.557375
0.013823	0.464841
0.014272	0.470571
0.017443	0.531827
0.017287	0.527278
0.018121	0.559761
0.018022	0.519224
0.016148	0.525540
0.016394	0.597413
0.020398	0.556321
0.014424	0.337496
0.015312	0.389673
0.024105	0.803352
0.020687	0.726390
0.019995	0.587216
0.017899	0.582333
0.018640	0.585491
0.026816	0.737907
0.020600	0.527317
0.021384	0.556353
0.023842	0.470187
0.028084	0.735715
0.027697	0.712058
0.020089	0.914789
0.021845	0.543722
0.022572	0.590272
0.025135	0.755383
0.030998	0.838588
0.029322	0.808270
0.016209	0.762578
0.017700	0.845358
0.016707	0.764008
0.017004	0.792649
0.014926	0.756078
0.014900	0.780959
0.017537	0.813808
0.012112	0.796681
0.013093	0.829583
0.017053	0.860479
0.012362	0.832944
0.012164	1.027355
0.007731	0.778412
0.008593	0.830415
0.009962	0.949149
0.006549	1.036737
0.002268	0.958487
0.004322	0.977491
0.005569	1.094388
0.009805	1.018756
0.009579	1.036146
0.015309	0.799972
0.013285	0.979582
0.016381	1.223082
0.015616	1.186105
0.020190	1.447480
0.019177	1.852456
0.019058	2.123306
0.021109	1.159920
0.024417	1.083458
0.019841	1.265172
0.020769	1.219867
0.023832	0.924775
0.017745	1.216601
0.015727	1.142824
0.021139	0.921766
0.022875	0.856977
0.010765	1.055236
0.017718	1.191328
0.017579	0.960807
0.016500	1.409105
0.015673	1.365954
0.019734	1.378069
0.013931	1.154584
0.017739	1.047685
0.024356	1.162834
0.018343	0.996202
0.011464	1.458912
0.007327	1.141590
0.012747	0.942889
0.011142	0.979055
0.007771	0.891608
0.009193	0.921017
0.005722	0.980973
0.016550	0.844076
0.011591	1.026477
0.007874	0.948389
0.009607	0.719561
0.009692	0.737579
0.011613	0.622766
0.012152	1.288307
0.007467	1.141572
0.013030	0.766087
0.012177	0.877093
0.012425	0.759387
0.010490	0.885343
0.010589	1.137684
0.013673	1.219288
0.010183	1.458001
0.015032	1.413093
0.011346	1.114627
0.014550	1.275122
0.012594	1.345950
0.023995	1.262216
0.022861	1.100998
0.020228	0.920330
0.019942	0.946325
0.025114	1.222612
0.008971	1.185468
0.019427	0.918532
0.016842	1.224696
0.014465	1.122895
0.016697	1.101398
0.010888	1.585768
0.009757	1.448508
0.021623	1.199644
0.012292	1.463715
0.013056	1.464925
0.010219	1.879358
0.021562	1.648259
0.022594	1.334676
0.022396	1.074943
0.030170	1.202872
0.018935	1.188443
0.019991	1.200444
0.028351	1.322209
0.021258	1.080867
0.023820	1.109427
0.024630	1.015601
0.022539	0.838126
0.022084	0.921801
0.018284	0.619382
0.020483	0.828574
0.021773	0.843815
0.020740	0.695437
0.021195	0.862729
0.021548	0.566285
0.024976	0.695159
0.021434	0.936914
0.021058	0.901658
0.020697	0.790809
0.022373	0.613423
0.021953	0.708777
0.028844	1.164911
0.024458	1.343099
0.023679	0.822047
0.021908	0.749589
0.021711	0.823884
0.020628	0.869199
0.022351	0.861091
0.027952	1.147540
0.020314	0.899057
0.021008	0.859973
0.019333	1.086451
0.023390	0.863181
0.019746	0.971546
0.012109	1.433581
0.021229	1.403163
0.016003	1.395503
0.017796	1.171454
0.015498	1.485653
0.027908	1.119836
0.023121	1.486840
0.015895	1.413637
0.021722	1.575173
0.015701	1.513294
0.018034	1.431905
0.021254	1.231771
0.024854	1.507554
0.023260	1.306150
0.019502	1.071998
0.027443	1.194806
0.029998	1.263284
0.026713	1.116186
0.030447	1.265411
0.034083	1.250717
0.020690	0.740230
0.026113	0.952873
0.023976	0.854654
0.024754	0.820200
0.029577	1.258093
0.036134	1.605475
0.021451	1.051434
0.023454	0.765760
0.027263	1.036785
0.027496	1.146838
0.030447	1.368080
0.031149	1.336737
0.032077	1.333184
0.033547	1.432917
0.030826	1.358643
0.040655	1.825363
0.034657	1.870546
0.041672	2.090558
0.043268	2.203359
0.037054	1.983866
0.038821	1.926104
0.041450	2.032195
0.031047	2.216113
0.042077	2.076804
0.045016	2.518788
0.046405	2.362712
0.045124	2.281315
0.048540	2.493408
0.055713	2.258904
0.058335	2.714314
0.045115	1.869493
0.045966	2.376025
0.048822	2.464173
0.044816	2.349678
0.052701	2.439465
0.052773	2.450432
0.048410	2.394369
0.051976	2.216703
0.059214	2.539023
0.054947	2.296088
0.061938	2.619814
0.051512	2.184835
0.037428	2.006345
0.052110	2.331452
0.049972	2.303861
0.049991	2.322872
0.041007	2.205924
0.040056	2.300748
0.045968	2.308360
0.061428	2.738766
0.043129	2.639290
0.037354	2.536127
0.048770	2.695873
0.042627	2.093360
0.042075	2.510084
0.031441	2.584179
0.034313	2.739639
0.053395	3.465408
0.047217	2.813143
0.035770	2.809315
0.033601	2.927016
0.025318	2.356636
0.029726	3.199123
0.031876	3.429801
0.026886	3.292088
0.037887	3.628232
0.031484	3.386358
0.035927	2.975608
0.037835	3.334562
0.032635	3.152550
0.029353	3.111962
0.059286	4.015658
0.042883	4.053930
0.044989	4.210941
0.034469	3.473017
0.029109	2.501741
0.029026	1.554196
0.034134	1.543004
0.041191	1.530984
0.043332	1.480132
0.030136	1.078615
0.030880	0.869106
0.037358	1.308953
0.040635	1.403866
0.039398	1.425235
0.043234	1.623020
0.057754	1.847253
0.055680	1.798523
0.043579	1.215505
0.041717	1.180483
0.043010	1.566320
0.049662	1.663881
0.043892	1.414945
0.043566	1.644683
0.051101	1.867518
0.051272	1.759370
0.052948	1.934133
0.050807	1.919568
0.051271	2.136427
0.051192	2.174983
0.047944	2.093727
0.051513	2.230052
0.058349	2.288299
0.053415	2.158804
0.070423	2.798606
0.060451	2.621925
0.062021	2.664362
0.065159	2.899130
0.058673	2.774276
0.056308	2.729652
0.049225	2.626035
0.052814	2.712527
0.059647	3.031824
0.052922	2.860212
0.045138	2.544404
0.043618	2.440018
0.047117	2.441857
0.056656	2.404174
0.050068	2.045481
0.048187	2.035399
0.044509	2.163371
0.042881	2.003794
0.038399	1.924550
0.042281	2.063189
0.041064	1.720334
0.031186	1.189611
0.034277	1.271264
0.029807	1.485148
0.031320	1.122320
0.029314	1.162789
0.028925	1.057838
0.023716	0.817118
0.020830	0.754867
0.025469	0.961273
0.020784	0.809063
0.021434	0.856420
0.014942	0.760224
0.015762	0.672197
0.017586	0.634673
0.018978	0.652144
0.018973	0.691715
0.020345	0.703988
0.016830	0.523582
0.018580	0.432762
0.022002	1.110242
0.022279	0.735242
0.021251	0.618834
0.016945	0.538168
0.025486	0.928751
0.020681	0.797672
0.017958	0.593502
0.025188	1.040805
0.018984	0.638832
0.021119	0.812712
0.022499	0.721301
0.026550	0.719383
0.032378	0.872513
0.035414	1.240668
0.029965	1.016898
0.031897	1.038635
0.036915	0.876978
0.039411	1.036474
0.038731	1.024528
0.038868	0.921878
0.031228	1.065270
0.040037	1.084788
0.033568	0.899147
0.040097	0.943942
0.037430	1.358938
0.031986	0.946962
0.039993	0.932619
0.040866	1.057993
0.047127	1.560072
0.053539	1.256002
0.058186	1.348357
0.067016	1.493808
0.071264	1.330683
0.092687	1.569057
0.080352	1.645315
0.093441	1.507295
0.053553	1.638907
0.096538	0.927793
0.066003	1.035324
0.058771	0.602057
0.108937	1.081617
0.106017	1.323694
0.050177	1.629163
0.096202	0.612717
0.044216	1.734504
0.043899	1.831085
0.038729	1.762012
0.036698	1.907622
0.042819	1.639759
0.034362	1.775809
0.031510	1.544705
0.029800	1.615534
0.029171	1.391519
0.028147	1.418274
0.025823	1.443459
0.024542	1.385201
0.021611	1.347971
0.023200	1.420178
0.025952	1.460351
0.026195	1.516347
0.031683	1.542250
0.028027	1.538153
0.022414	1.369711
0.023806	1.507616
0.040407	1.792614
0.024643	1.502412
0.024337	1.598932
0.024435	1.462735
0.027247	1.556051
0.026785	1.287755
0.031543	1.462400
0.028457	1.401637
0.029535	1.359745
0.037694	1.438380
0.029862	1.421557
0.035323	1.361904
0.034843	1.230907
0.033490	1.116661
0.034937	1.138037
0.036447	1.130140
0.036171	1.155228
0.037781	1.259747
0.026975	1.091337
0.034240	1.078887
0.033521	1.107969
0.028526	1.146938
0.030775	1.039770
0.032658	1.052756
0.031689	1.157369
0.034808	1.055212
0.037155	1.184465
0.031510	1.011606
0.034439	1.167574
0.033592	1.024819
0.026245	0.973232
0.030776	1.086552
0.026388	0.929606
0.025787	0.843043
0.028448	0.955083
0.029544	0.925112
0.032975	1.032353
0.028418	0.870928
0.029017	0.923951
0.032294	0.980843
0.026422	1.193993
0.034526	1.009208
0.031252	0.913842
0.032258	0.891262
0.034388	0.983523
0.043268	1.246409
0.041198	1.173561
0.040647	1.113708
0.049431	1.515579
0.043898	1.090987
0.044802	1.140049
0.042749	1.051878
0.041801	1.131480
0.040849	1.044789
0.045339	1.144900
0.040994	1.128636
0.045509	1.041470
0.049118	1.152267
0.047145	1.092518
0.052466	1.054494
0.049064	1.270800
0.048266	1.296449
0.048433	1.185366
0.053873	1.351695
0.044423	1.265278
0.048703	1.317137
0.044566	1.155633
0.048542	1.130249
0.046643	1.209187
0.048315	1.072185
0.048265	1.105515
0.051351	1.306452
0.044391	0.998487
0.049237	1.092644
0.045246	0.959815
0.054189	1.064545
0.046789	0.833598
0.043714	0.900125
0.041701	1.111305
0.046965	1.121006
0.044805	0.660484
0.046052	0.857091
0.051002	0.789634
0.047479	0.826147
0.046456	1.047659
0.050468	1.184952
0.042302	0.964322
0.044765	0.720377
0.047571	0.782705
0.042866	1.042204
0.048598	1.195779
0.048383	1.164683
0.045158	0.954240
0.038832	0.822643
0.040762	1.059537
0.041703	0.926124
0.044749	1.088580
0.039634	0.678071
0.041098	0.757267
0.043565	0.953537
0.041881	0.865376
0.038840	0.928105
0.040926	1.057634
0.040422	0.862010
0.039152	0.932523
0.040072	0.686709
0.044694	1.064589
0.039479	1.074477
0.046730	1.210860
0.047181	1.164202
0.039947	0.731689
0.039401	0.664220
0.045140	0.832869
0.039792	0.808379
0.049573	0.542821
0.053900	0.562640
0.039333	0.839449
0.048640	1.512797
0.041161	0.667034
0.059734	3.094827
0.061650	3.323219
0.059401	3.263014
0.060804	3.273617
0.076364	3.530017
0.052135	2.833224
0.070155	3.195295
0.068458	3.265384
0.058967	3.124497
0.056918	3.006568
0.061210	3.156253
0.069910	3.480016
0.066921	3.331778
0.062045	3.160745
0.060677	3.207522
0.074073	3.391133
0.068344	3.405369
0.078679	3.533039
0.057647	2.899662
0.075921	3.399427
0.079415	3.570154
0.050898	2.706374
0.059295	2.836580
0.054344	2.830207
0.067550	3.148404
0.064584	3.095799
0.064605	2.907874
0.053311	2.754597
0.061454	3.114705
0.071336	3.305019
0.069617	3.281462
0.059477	3.103965
0.076093	3.427512
0.062111	3.289721
0.069072	3.297975
0.049169	2.734827
0.072322	3.388997
0.057723	2.641452
0.059024	3.116909
0.056731	2.845480
0.054118	2.940866
0.054598	3.048724
0.055466	3.007878
0.060462	3.316443
0.056978	3.071299
0.062395	3.254872
0.063808	3.261189
0.058268	3.135861
0.051632	3.025255
0.061534	3.338645
0.060788	3.319364
0.060570	3.379522
0.068922	3.528672
0.066153	3.443272
0.064775	3.502833
0.058229	3.425122
0.065893	3.553843
0.065987	3.461231
0.060869	3.298581
0.063285	3.294618
0.059780	3.336416
0.064968	3.424438
0.061196	3.206758
0.061662	3.138530
0.060300	3.121831
0.064163	3.256171
0.060352	2.991624
0.061466	3.173384
0.061574	3.034863
0.059289	2.874434
0.036346	0.686638
0.031519	0.566616
0.031162	0.657893
0.034279	0.647645
0.031874	0.628579
0.032900	0.767158
0.030993	0.800662
0.035083	0.789435
0.037089	0.759844
0.031756	0.726956
0.032066	0.763660
0.028720	0.738128
0.027141	0.896398
0.026557	0.890639
0.025798	0.800713
0.028854	0.946966
0.020010	1.119117
0.022010	0.881217
0.020479	1.043398
0.023606	1.050310
0.019122	0.901166
0.016821	1.066173
0.018534	1.046446
0.018263	1.009435
0.017544	1.098730
0.015861	1.082604
0.015615	0.991787
0.013433	1.053069
0.015757	0.859726
0.016958	0.800388
0.016848	0.932070
0.012556	1.031595
0.012359	1.047505
0.014405	0.916289
0.016266	0.976956
0.011389	0.810632
0.016548	0.871964
0.021014	0.724334
0.012179	0.850824
0.013045	0.954884
0.025502	0.817835
0.024417	0.948348
0.024091	1.028864
0.025944	1.032835
0.023833	0.838247
0.019589	1.133430
0.017257	1.013339
0.017346	0.962903
0.013107	0.852863
0.011580	0.708018
0.014058	0.719151
0.012211	0.746513
0.014657	0.656641
0.015748	0.602628
0.018616	0.571121
0.020581	0.588282
0.018398	0.581880
0.023852	0.442523
0.023533	0.513013
0.025747	0.393650
0.031266	0.312916
0.031860	0.286643
0.027300	0.464007
0.031818	0.568499
0.031960	0.392918
0.036332	0.205042
0.040129	0.346814
0.045523	0.271483
0.048456	0.261404
0.052024	0.347022
0.054400	0.245619
0.060707	0.252621
0.067208	0.436042
0.069461	0.446586
0.073883	0.430160
0.081355	0.493695
0.086702	0.468954
0.089688	0.468156
0.094858	0.374994
0.093734	0.418494
0.089404	0.201652
0.100181	0.217195
0.106952	0.128518
0.098451	0.160492
0.112467	0.264868
0.095783	0.385538
0.077315	0.393746
0.016063	0.601964
0.017686	0.721012
0.022103	0.763287
0.024965	0.837427
0.021298	0.837662
0.023746	0.733984
0.019688	0.797988
0.023034	0.988144
0.025974	1.011029
0.030017	1.253322
0.030047	1.269506
0.028807	1.300230
0.030857	1.497730
0.031613	1.621226
0.060055	1.767763
0.063028	1.801027
0.067238	1.823479
0.061957	1.672423
0.061950	1.669255
0.059242	1.637181
0.061691	1.652172
0.061166	1.747301
0.066260	1.774958
0.063657	1.770183
0.062246	1.752442
0.065239	1.824069
0.069924	1.977989
0.065340	1.823026
0.062549	1.874315
0.060654	1.833316
0.062003	1.843521
0.057856	1.760794
0.064749	1.896701
0.065438	1.870490
0.056260	1.815867
0.058793	1.810311
0.065707	1.962666
0.067287	1.956566
0.068593	1.993635
0.063637	1.859161
0.068556	2.001997
0.072580	2.164641
0.070124	2.075292
0.063121	1.932575
0.071357	2.017960
0.068646	1.950946
0.061659	1.827931
0.057061	1.786393
0.060994	1.783201
0.064214	1.808385
0.055201	1.589331
0.046195	1.339293
0.049058	1.519211
0.046090	1.324947
0.056146	1.595771
0.050872	1.549221
0.041116	1.171667
0.038664	0.833981
0.030986	0.800321
0.033329	0.696874
0.027376	0.432468
0.017489	0.397590
0.023263	0.411207
0.022834	0.296213
0.019381	0.443493
0.019935	0.331426
0.020444	0.255811
0.021061	0.546864
0.017911	0.449442
0.025708	0.823667
0.019298	0.636886
0.018554	0.553214
0.013155	0.682411
0.013526	0.532083
0.010107	0.538747
0.009312	0.376118
0.008836	0.453033
0.016413	0.539389
0.013325	0.478533
0.008996	0.385565
0.015151	0.429471
0.008040	0.457550
0.005735	0.379786
0.006425	0.214488
0.025919	0.569389
0.010656	0.180955
0.007019	0.196431
0.015226	0.254703
0.005234	0.139347
0.009270	0.411334
0.008026	0.372863
0.007404	0.387108
0.005863	0.256744
0.005243	0.164636
0.016257	0.301355
0.015004	0.207086
0.004792	0.210086
0.006347	0.219578
0.003810	0.178146
0.005304	0.247699
0.005187	0.256474
0.012209	0.101099
0.009903	0.289252
0.007737	0.176273
0.007778	0.113033
0.008363	0.108387
0.010715	0.194874
0.013438	0.164038
0.014817	0.106327
0.011996	0.218617
0.018253	0.309358
0.018039	0.331823
0.018217	0.274311
0.021060	0.356740
0.022299	0.385113
0.022001	0.340361
0.024701	0.412443
0.024474	0.362082
0.017089	0.317922
0.022306	0.410111
0.032692	0.454531
0.032199	0.445792
0.028581	0.432647
0.023659	0.437756
0.020069	0.344175
0.017611	0.408751
0.032912	0.537294
0.052587	0.571654
0.041909	0.555372
0.028771	0.337020
0.040480	0.475639
0.040601	0.428150
0.037563	0.476508
0.033725	0.381609
0.043606	0.531983
0.050966	0.720760
0.038513	0.449125
0.045273	0.572653
0.051207	0.666541
0.049011	0.646691
0.041433	0.539047
0.037712	0.474158
0.050548	0.798401
0.059004	0.806257
0.060286	0.749853
0.060338	0.848886
0.067419	1.030132
0.062460	0.919084
0.061546	1.053070
0.068009	0.974517
0.063778	0.982053
0.066145	1.014700
0.066869	1.073295
0.066405	1.106303
0.069713	1.130079
0.070764	0.758100
0.070956	1.090781
0.066328	1.105454
0.062624	1.202746
0.067703	1.084479
0.066222	1.015677
0.060987	1.008584
0.057894	1.051563
0.059558	1.065513
0.058017	1.369678
0.052379	1.022333
0.056337	0.996840
0.062219	0.981224
0.071687	1.136866
0.062523	1.000366
0.057678	1.010778
0.053944	0.971574
0.060344	1.018695
0.067219	1.128710
0.058451	0.884158
0.063500	1.159778
0.051298	1.021625
0.048007	1.052000
0.050385	0.947023
0.051483	0.999979
0.058299	1.276259
0.046531	1.102527
0.039441	1.001844
0.043815	1.180026
0.042041	0.965230
0.043546	1.146201
0.051394	1.177855
0.048063	1.111674
0.043919	1.222823
0.034881	0.923935
0.046419	1.169759
0.036925	0.664682
0.039277	0.805149
0.036069	0.969503
0.035515	1.054049
0.034749	0.939408
0.027456	0.635158
0.034679	0.930803
0.048810	1.074240
0.048920	1.236671
0.035193	1.128248
0.028630	0.965199
0.041644	1.028908
0.043988	1.200060
0.034030	0.983284
0.030917	0.926735
0.036817	1.276536
0.034946	0.880054
0.027844	0.940724
0.027964	0.974284
0.017594	0.756181
0.012568	0.864210
0.017196	0.745657
0.014712	0.644610
0.032319	1.249411
0.020493	0.730072
0.039041	0.733362
0.023523	0.663683
0.035778	0.872438
0.028355	0.853746
0.042470	1.432428
0.011024	0.775474
0.026564	0.763411
0.017548	0.566062
0.023206	0.863312
0.021673	0.709321
0.022810	0.740428
0.017498	0.641695
0.019140	0.704650
0.025810	0.916116
0.021517	0.349996
0.034801	0.507420
0.044486	0.836905
0.022611	0.606569
0.037429	1.197472
0.031523	0.898175
0.026469	0.984619
0.041017	1.287225
0.033100	1.052396
0.037701	1.078252
0.037623	1.158209
0.034033	1.072558
0.036729	1.014619
0.036661	1.031942
0.025664	1.021408
0.049336	1.446102
0.031441	0.886514
0.035471	0.989628
0.037872	1.169844
0.036089	1.108466
0.033167	1.393559
0.036465	1.076806
0.039039	1.171860
0.031660	1.084283
0.028873	0.810858
0.022745	0.825502
0.036086	0.907929
0.033439	0.997523
0.036005	1.042358
0.031097	0.799657
0.054145	1.488497
0.040283	1.174887
0.050576	1.443964
0.052230	1.445255
0.054825	1.511502
0.046656	1.044300
0.048626	1.041631
0.063469	1.549768
0.057687	1.413604
0.048057	1.430762
0.047972	1.325454
0.041252	0.739353
0.030277	1.032895
0.035170	0.935623
0.022752	0.902710
0.039893	1.445669
0.043477	1.528154
0.033886	1.086449
0.032126	1.148613
0.054041	1.633053
0.047608	1.566071
0.035607	1.016237
0.040343	1.012244
0.038745	1.226286
0.040215	0.842808
0.029922	1.042881
0.021936	0.842556
0.031445	0.996938
0.021979	0.980362
0.029779	1.231805
0.036579	1.323580
0.021226	1.372357
0.014386	1.019824
0.009851	0.845103
0.038504	0.867582
0.029563	0.950872
0.050227	0.931091
0.049257	0.892175
0.025295	0.423228
0.009667	0.570928
0.034093	0.554947
0.028651	0.288081
0.022991	0.383164
0.023936	0.307775
0.031649	0.400339
0.012472	0.575616
0.022080	0.181638
0.009108	0.465119
0.015144	1.174148
0.010642	0.757757
0.035771	0.667795
0.037792	0.694611
0.031966	0.534568
0.027382	0.443667
0.049551	1.002767
0.066319	1.436942
0.046722	0.784099
0.034940	0.566731
0.052171	1.002139
0.072980	1.575518
0.056252	1.072862
0.030406	0.690503
0.049786	0.786603
0.054300	0.944456
0.032629	0.399188
0.007472	0.957341
0.040427	2.531415
0.031324	2.072544
0.015842	1.737493
0.011960	0.898566
0.036182	2.307690
0.039205	2.704863
0.032340	2.217617
0.068595	3.685392
0.065563	3.627913
0.065940	3.906610
0.067116	3.858793
0.093538	4.749398
0.085178	4.342822
0.075703	3.906122
0.122498	5.754616
0.078637	4.195795
0.079387	4.394335
0.082737	4.489387
0.093052	4.868635
0.082178	4.520695
0.090688	4.711197
0.092284	4.757884
0.081016	4.531197
0.095158	4.995308
0.090867	4.895731
0.014115	1.602067
0.022176	1.485414
0.161917	7.568912
0.069405	3.783813
0.145130	7.018746
0.126404	6.097200
0.148421	7.220007
0.149004	7.180663
0.135523	6.506492
0.083761	4.361627
0.107343	5.601499
0.127841	6.333839
0.066804	3.412399
0.109465	5.191802
0.133227	6.396660
0.057541	2.706274
0.068418	4.298660
0.061825	3.691153
0.077408	2.969127
0.082688	2.925037
0.077140	3.006093
0.059307	3.261791
0.040859	2.400244
0.120382	5.180764
0.039973	2.344661
0.047718	2.970919
0.061052	2.926262
0.050425	2.814399
0.068298	3.144948
0.067029	3.061383
0.051461	2.772066
0.075075	3.113799
0.072127	3.132479
0.067020	3.185589
0.082791	3.286685
0.067626	3.091187
0.073225	3.091412
0.047563	2.438523
0.046344	2.490624
0.059290	2.683345
0.056649	2.691205
0.044748	2.427073
0.069343	2.955242
0.053667	2.518199
0.057756	2.422356
0.051777	2.088333
0.054312	2.438544
0.049745	2.309006
0.048417	2.204061
0.046368	2.051067
0.028402	1.976711
0.058218	2.413628
0.045159	2.055712
0.039582	2.131045
0.053909	2.446008
0.049149	2.386845
0.042895	2.079880
0.037661	2.182598
0.050103	2.314093
0.046071	2.030742
0.034964	2.253424
0.041309	2.099646
0.040682	2.080965
0.042183	2.110812
0.046137	2.211282
0.044222	1.964960
0.048924	2.080998
0.051801	2.077093
0.048732	1.778533
0.050108	1.946393
0.055169	1.900140
0.060464	1.885767
0.054518	1.653583
0.058859	1.767063
0.053719	1.586306
0.049934	1.630358
0.051586	1.623696
0.053726	1.750206
0.048287	1.809518
0.054221	1.664470
0.058314	1.546847
0.053735	1.511639
0.059141	1.788152
0.070573	1.945608
0.062709	1.816422
0.049957	1.419469
0.073781	2.275851
0.081480	2.686650
0.084176	2.984713
0.063210	1.797005
0.081174	2.536789
0.053841	1.556561
0.056554	1.886198
0.084632	2.653371
0.059587	1.661151
0.060445	1.931713
0.068563	2.133224
0.062904	1.681956
0.066790	2.356733
0.132971	3.468464
0.093673	3.432538
0.069525	1.927245
0.122212	4.163536
0.145884	4.228897
0.105330	3.171745
0.087529	2.704082
0.086933	3.096170
0.074424	2.646376
0.077852	2.689856
0.070306	2.463628
0.116236	3.406636
0.073759	2.730902
0.114629	3.882445
0.077955	2.772563
0.095979	2.885864
0.223297	7.629484
0.178166	5.742546
0.104769	3.409646
0.140860	4.871906
0.251290	8.297824
0.116383	4.053927
0.095069	3.661836
0.099656	3.942004
0.113177	4.456560
0.089634	3.319672
0.094728	3.414160
0.048645	2.215172
0.085099	3.412483
0.169808	5.814489
0.075764	2.881946
0.095817	3.410950
0.083465	3.009566
0.095471	3.597698
0.066629	2.540739
0.082396	2.645404
0.084990	3.144867
0.113980	3.820227
0.092621	3.251489
0.099818	3.783641
0.094797	3.558840
0.094836	3.401975
0.092033	3.732782
0.087967	3.140160
0.132986	4.299361
0.128439	4.414561
0.083160	3.352613
0.120031	3.891612
0.135110	4.393022
0.073138	2.489779
0.071255	2.446634
0.103698	3.245297
0.071088	1.948232
0.072426	2.624017
0.120196	3.755925
0.080870	2.313068
0.127285	3.984039
0.068756	2.291833
0.124902	4.003988
0.116795	3.608511
0.103137	3.159552
0.145469	4.525112
0.098485	2.875921
0.109628	3.380570
0.090587	2.900899
0.111789	3.016315
0.075473	2.438283
0.119609	3.947428
0.112649	3.601357
0.090409	2.856918
0.095879	3.015230
0.108061	3.383995
0.107200	3.436913
0.089347	2.779595
0.039844	0.999546
0.054019	1.870121
0.054912	1.870220
0.055564	1.401881
0.051331	1.727798
0.034965	1.273113
0.068068	2.586484
0.043888	1.805210
0.025814	1.676631
0.017082	1.258415
0.006028	0.885828
0.024746	1.721526
0.018521	1.472002
0.032353	1.407531
0.013921	0.986033
0.024661	1.457427
0.031727	1.828193
0.029962	1.785234
0.047564	1.637670
0.057530	2.207836
0.052966	2.151525
0.042014	1.695462
0.029327	1.495633
0.037413	0.963138
0.016954	1.191066
0.020195	0.857650
0.011413	0.504642
0.007961	0.829878
0.032001	1.583214
0.038823	1.235481
0.017987	1.077238
0.027102	0.484991
0.024163	0.573807
0.020044	0.935431
0.033916	1.924143
0.038049	2.079089
0.024213	1.224196
0.021408	1.070119
0.015643	0.838242
0.026864	1.298592
0.013263	1.061128
0.027493	0.988269
0.037484	1.741517
0.017300	0.781286
0.031077	1.800835
0.039495	2.079765
0.050914	2.398294
0.030728	1.635205
0.035241	1.662183
0.023155	1.151887
0.059364	1.433393
0.035236	1.449692
0.033825	1.441447
0.036045	1.977666
0.035778	1.696831
0.055185	1.923258
0.048340	1.658234
0.018035	0.984037
0.033764	1.097186
0.039971	1.181157
0.054263	1.275501
0.039306	0.876426
0.040778	0.576745
0.037207	0.329307
0.040619	0.711083
0.048141	1.006375
0.038307	0.756601
0.033328	0.360527
0.039627	0.758125
0.033506	0.994782
0.029970	0.560710
0.027081	0.779463
0.018701	1.009540
0.020409	1.092712
0.016977	1.174302
0.017182	1.134215
0.022496	1.164528
0.013750	1.342589
0.009137	1.704848
0.015648	1.651018
0.014911	1.503511
0.017425	1.781428
0.009885	1.580649
0.016076	1.763587
0.022823	1.735196
0.018496	1.769457
0.017454	1.760547
0.021994	2.088416
0.020888	2.089532
0.019781	1.954858
0.020612	1.998472
0.020327	1.971616
0.023828	2.035100
0.013752	1.909231
0.010386	1.939659
0.021937	1.724902
0.020370	1.723874
0.026319	2.075379
0.014770	1.740188
0.019623	1.500582
0.028235	1.230526
0.032376	1.339742
0.028099	1.351452
0.014831	1.843725
0.052752	1.708117
0.047995	1.093717
0.042503	0.906872
0.043014	0.919287
0.047147	1.086817
0.053210	1.378062
0.047064	1.073495
0.027692	0.342131
0.026422	0.429681
0.023766	0.434556
0.022624	0.557731
0.024204	0.484086
0.025327	0.421151
0.026942	0.533105
0.020624	0.368203
0.025292	0.403269
0.028255	0.583844
0.027001	0.565539
0.028141	0.417837
0.026385	0.568408
0.027246	0.516063
0.024729	0.421928
0.025306	0.407340
0.024740	0.268989
0.024564	0.202494
0.024949	0.400100
0.023474	0.301335
0.024665	0.200629
0.025338	0.127560
0.024240	0.157313
0.023188	0.044365
0.031017	0.282661
0.027667	0.129973
0.024471	0.319051
0.030563	0.345402
0.039709	0.618252
0.031421	0.537850
0.036076	0.535727
0.024332	0.380351
0.031816	0.384345
0.040439	0.589915
0.030056	0.464885
0.027235	0.395395
0.037296	0.552389
0.033465	0.509872
0.028677	0.462797
0.022770	0.303545
0.018432	0.254852
0.022635	0.348062
0.029533	0.366722
0.021494	0.191187
0.019779	0.171499
0.033584	0.545307
0.020455	0.168355
0.022245	0.252842
0.025752	0.270423
0.021259	0.265574
0.021242	0.248047
0.022430	0.252021
0.013594	0.117660
0.022993	0.809267
0.024440	0.430634
0.028345	0.553435
0.022788	0.463997
0.018377	0.322143
0.022611	0.414841
0.022001	0.355695
0.023258	0.426005
0.046418	0.943705
0.037143	0.765790
0.031102	0.597672
0.033495	0.626004
0.051347	0.835127
0.032292	0.542567
0.035254	0.675867
0.046961	0.787046
0.032354	0.993637
0.039844	0.780577
0.036881	0.731650
0.042382	0.790566
0.039743	0.734794
0.034279	0.703877
0.036609	0.641234
0.034243	0.688938
0.036034	0.734750
0.034392	0.627930
0.035255	0.664237
0.029377	0.497687
0.031200	0.587289
0.036490	0.799393
0.034412	0.606928
0.032789	0.579736
0.031045	0.601392
0.029151	0.622064
0.028623	0.678056
0.033090	0.786478
0.032594	0.779518
0.034660	0.790204
0.029988	0.832139
0.030789	0.773648
0.035837	0.977672
0.041084	1.026893
0.040233	0.969331
0.040693	1.082686
0.037103	1.039576
0.041049	1.172381
0.037708	1.087337
0.042867	1.241713
0.039324	1.052613
0.054486	1.626356
0.045781	1.242862
0.050403	1.321211
0.046610	1.324194
0.047220	1.311924
0.050096	1.191746
0.050394	1.361545
0.051946	1.451675
0.050003	1.341185
0.047339	1.186471
0.048308	1.412594
0.049347	1.145284
0.053254	1.301147
0.049300	0.842221
0.054119	1.196075
0.060330	1.200004
0.051671	1.186179
0.065328	1.320191
0.071006	1.305916
0.068858	1.234037
0.070595	1.137148
0.063691	1.195348
0.061206	1.132062
0.071156	1.424927
0.070722	1.401784
0.069273	1.348554
0.077736	1.656088
0.074692	1.664445
0.065978	1.548031
0.072370	1.758827
0.062923	1.629000
0.070279	1.775822
0.073260	1.929396
0.068845	1.827367
0.066289	1.847138
0.066284	1.808855
0.063776	1.602935
0.051877	1.353376
0.057572	1.468765
0.050587	1.194612
0.051500	1.164332
0.045981	1.018854
0.046394	1.045355
0.046431	0.903834
0.048350	0.954561
0.048865	0.896788
0.042567	0.951159
0.033749	1.287458
0.041182	0.984871
0.044743	1.061812
0.053002	0.966313
0.045215	0.971286
0.042558	1.126368
0.044178	0.873651
0.044451	0.859956
0.045340	0.863070
0.044569	0.974745
0.048486	0.792862
0.045820	0.673578
0.042674	0.724005
0.038220	0.783682
0.040499	0.851750
0.046492	0.767578
0.037287	0.783861
0.041917	0.800145
0.043009	0.944807
0.044871	0.960940
0.033693	0.779894
0.046135	0.930990
0.045770	0.989447
0.050049	0.674511
0.052565	0.847427
0.043277	0.796123
0.035140	0.971187
0.040791	0.865433
0.042260	0.887314
0.042362	0.944179
0.045003	0.784439
0.043989	0.975714
0.047199	0.782249
0.038954	0.681489
0.044568	1.001171
0.038735	0.746767
0.037562	0.557503
0.035360	0.419654
0.036843	0.467493
0.040622	0.691447
0.037387	0.125947
0.041829	0.441527
0.041454	0.481316
0.041701	0.570793
0.045664	0.784743
0.044261	0.686581
0.043512	0.675397
0.046816	0.364880
0.044779	0.588597
0.042515	0.427143
0.046590	0.806229
0.044331	0.713475
0.043502	0.703337
0.043528	0.704321
0.042976	0.328147
0.045679	1.075877
0.044310	0.785506
0.044007	0.977104
0.042575	1.094091
0.044541	1.105123
0.041755	1.046893
0.041864	1.087396
0.042415	1.349133
0.040746	1.211821
0.039909	1.256678
0.042355	1.531831
0.039782	1.181200
0.046084	1.577415
0.039227	1.200065
0.039711	1.182920
0.039880	1.102227
0.038407	1.186903
0.033489	0.995974
0.033973	0.947634
0.034412	1.149098
0.034124	1.087434
0.030401	0.901938
0.028439	0.928510
0.032625	1.125873
0.029871	0.994336
0.027960	0.896092
0.027721	0.911412
0.030631	1.193316
0.024339	0.858947
0.028395	1.511771
0.030649	1.211719
0.029847	1.288593
0.031386	1.430286
0.036189	1.633885
0.027145	1.103462
0.032876	1.416781
0.036662	1.668081
0.034037	1.390961
0.033672	1.448294
0.041511	1.967278
0.035506	1.582671
0.035346	1.576921
0.036602	1.556937
0.038503	1.622472
0.036391	1.625108
0.035288	1.548737
0.038321	1.757684
0.037530	1.716723
0.036976	1.652039
0.038789	1.619098
0.033977	1.436070
0.038289	1.814594
0.036052	1.722365
0.041665	2.062571
0.042552	1.992342
0.042227	2.032809
0.040739	2.015270
0.051374	2.360841
0.044535	2.144680
0.051150	2.425960
0.041027	1.882328
0.044777	2.047342
0.046959	2.098093
0.044461	2.060006
0.043374	1.845951
0.043701	1.920298
0.047628	2.054165
0.043543	1.802481
0.046166	1.995445
0.048421	1.900073
0.047216	1.636706
0.037937	1.491416
0.038288	1.471766
0.044931	1.563682
0.040073	1.548244
0.043379	1.550408
0.042459	1.685511
0.035915	1.455977
0.039400	1.628762
0.036824	1.379834
0.037988	1.490212
0.037570	1.557450
0.036437	1.304758
0.039632	1.488182
0.038647	1.501319
0.041539	1.621898
0.040226	1.612688
0.038960	1.658393
0.039372	1.533088
0.039885	1.574470
0.032929	1.425151
0.035396	1.443313
0.033584	1.410300
0.028747	1.302309
0.032343	1.504861
0.031715	1.441025
0.029408	1.374159
0.025348	1.246206
0.029351	1.364212
0.027450	1.334029
0.025799	1.411858
0.025034	1.237569
0.022296	1.247985
0.023158	1.260036
0.023768	1.340069
0.030396	1.390103
0.024144	1.243195
0.024605	1.175944
0.019640	1.118592
0.034542	1.183772
0.031127	1.248592
0.033271	1.129410
0.041991	1.393345
0.042694	1.438128
0.042006	1.366548
0.048035	1.494486
0.044585	1.464010
0.059708	1.624704
0.049820	1.344437
0.051471	1.317763
0.047952	1.099243
0.050784	1.217462
0.063689	1.230845
0.049452	1.133321
0.050089	1.068244
0.043612	0.972784
0.035519	0.838554
0.047182	1.104048
0.045971	1.277597
0.040304	1.541610
0.037194	1.142240
0.045925	1.296517
0.044171	1.342817
0.043207	1.750407
0.038812	1.325095
0.033097	1.404692
0.040323	1.477941
0.039002	1.532365
0.046088	1.789410
0.048645	1.810637
0.044042	1.687427
0.037783	1.640699
0.045390	1.735442
0.038991	1.568473
0.027937	1.303154
0.046268	1.662458
0.042612	1.582143
0.048367	1.690089
0.061032	1.810312
0.057815	1.699443
0.078177	2.109921
0.077646	2.138411
0.066993	1.875148
0.063487	1.742922
0.067572	1.816185
0.057164	1.634635
0.076705	2.011261
0.067792	1.684960
0.069626	1.808888
0.072980	1.780448
0.075697	1.740123
0.068871	1.926872
0.045092	1.317734
0.053150	1.416736
0.057427	1.531079
0.055584	1.607487
0.064594	1.854230
0.064297	1.655983
0.049836	1.435205
0.060051	1.821869
0.071333	1.881913
0.078157	2.159222
0.060683	1.724204
0.068215	1.943804
0.065688	1.829116
0.053751	1.196249
0.059978	1.329087
0.055040	1.180056
0.051445	1.101590
0.058457	1.239871
0.055084	1.165499
0.054052	1.155914
0.052172	1.086246
0.045093	0.947924
0.040720	0.900583
0.048550	1.116710
0.048236	0.981807
0.047335	0.921398
0.051614	1.106389
0.043840	0.935027
0.043689	0.986692
0.045013	0.974372
0.044375	0.968453
0.045815	1.021779
0.041769	0.950544
0.041979	0.913712
0.058018	1.203276
0.054018	1.087648
0.056531	1.216378
0.048788	1.151314
0.050435	1.367988
0.044314	1.287112
0.038364	1.077135
0.032816	1.037105
0.033463	0.989769
0.035814	1.156204
0.042226	1.350094
0.040202	1.283914
0.041235	1.369368
0.036979	1.242477
0.031148	1.071888
0.034634	1.116789
0.038424	1.248365
0.044584	1.376688
0.049678	1.554735
0.047564	1.546659
0.049827	1.572362
0.054339	1.728860
0.052965	1.648215
0.049429	1.635748
0.051092	1.769588
0.052202	1.805336
0.051278	1.766672
0.034754	1.287178
0.034692	1.277431
0.034696	1.464076
0.031083	1.592331
0.027983	1.710056
0.034379	1.949273
0.024865	1.601324
0.016772	1.374039
0.016930	1.342621
0.017535	1.285017
0.018719	1.276472
0.016723	1.253801
0.017902	1.249684
0.023249	1.364519
0.024220	1.265088
0.019566	1.146906
0.024539	1.156165
0.026392	1.124659
0.025427	1.023070
0.023203	0.808148
0.024650	0.826098
0.030501	0.890347
0.033456	0.962339
0.029956	0.747232
0.027962	0.529627
0.029588	0.431298
0.030317	0.368169
0.043739	0.417460
0.050935	0.286804
0.055602	0.429174
0.057953	0.414862
0.063309	0.624512
0.063064	0.833309
0.058953	0.776100
0.065121	0.686210
0.069813	0.739581
0.062699	0.810164
0.061443	0.767696
0.062153	0.903415
0.062147	1.042512
0.059777	1.008900
0.061633	0.978869
0.057266	1.105603
0.059397	1.089997
0.058964	1.205164
0.062797	1.267320
0.062724	1.258437
0.062287	1.313548
0.060287	1.335620
0.060802	1.393087
0.059237	1.353371
0.059553	1.381867
0.059261	1.369812
0.055777	1.313759
0.057140	1.353040
0.047380	1.081884
0.053813	1.262776
0.051102	1.188663
0.043153	0.954253
0.045020	1.024498
0.045578	1.059620
0.047579	1.071279
0.051135	1.180914
0.044870	1.076462
0.047450	1.106138
0.050511	1.265151
0.047674	1.098168
0.035597	0.764852
0.046932	1.095210
0.033426	0.743892
0.028662	0.656495
0.019619	0.197521
0.016876	0.387528
0.028401	0.397558
0.032923	0.599778
0.032138	0.741341
0.036229	0.731012
0.037164	0.874525
0.040609	0.942757
0.033640	0.698565
0.028311	0.623589
0.027629	0.651966
0.030503	0.703383
0.024063	0.553311
0.021905	0.479062
0.022869	0.430021
0.024776	0.413020
0.028749	0.450519
0.034549	0.623716
0.039204	0.885105
0.036415	0.420744
0.037211	0.384136
0.040470	0.447546
0.051147	0.694375
0.054754	0.738146
0.056184	0.774637
0.063211	0.822262
0.074624	0.559639
0.075137	1.028654
0.079386	1.003369
0.080544	1.047377
0.082748	1.097069
0.087813	1.112819
0.097097	1.153276
0.094724	1.103841
0.096257	1.055792
0.101463	1.127014
0.097948	1.050484
0.105548	1.125476
0.112605	1.179986
0.112439	1.171907
0.110241	1.167245
0.107558	1.101601
0.109202	1.129122
0.113562	1.143343
0.112555	1.149047
0.108467	1.191046
0.071223	1.899854
0.073248	1.383711
0.072575	1.342675
0.072133	1.380307
0.069015	1.320925
0.065090	1.272753
0.068815	1.355294
0.062326	1.218692
0.062941	1.218006
0.059733	1.169105
0.056846	1.179677
0.065901	1.291126
0.072020	1.392630
0.067513	1.329986
0.053459	1.149188
0.046722	1.077673
0.051981	1.003605
0.063464	0.363629
0.063065	0.640544
0.060616	1.136710
0.052409	0.944353
0.046807	0.887895
0.067696	1.324624
0.069137	1.375054
0.050130	1.147513
0.057211	1.286543
0.045203	1.028729
0.063932	1.303872
0.062358	1.235647
0.049705	1.644970
0.042634	0.982836
0.038524	0.870715
0.045224	0.967761
0.041487	0.917515
0.038161	0.867621
0.042952	0.951691
0.044143	1.058112
0.043053	1.052765
0.045097	1.078335
0.051244	0.866035
0.045051	1.108953
0.046343	1.092189
0.048731	1.154297
0.048645	1.114827
0.029692	0.709943
0.034605	0.791222
0.037133	0.815783
0.040316	0.880636
0.039081	0.906645
0.041413	0.979631
0.037485	0.888312
0.035316	0.891020
0.035748	0.860402
0.039698	0.736446
0.033575	0.773664
0.027845	0.585973
0.028856	0.615938
0.030364	0.638473
0.033977	0.763403
0.030616	0.661859
0.034738	0.834131
0.041007	1.005677
0.047812	1.177713
0.040205	1.011519
0.038513	1.024900
0.044341	1.169156
0.061799	0.890989
0.061762	1.573215
0.060949	1.555519
0.054963	1.467171
0.048012	1.241660
0.052562	1.353987
0.062956	1.604377
0.067040	1.641950
0.076998	1.922237
0.074502	1.877491
0.077580	2.664999
0.088904	2.291767
0.084142	2.254606
0.073507	2.054148
0.068625	1.964383
0.064969	1.885210
0.060161	1.801088
0.064989	1.881227
0.061159	1.537701
0.064067	1.798692
0.052644	1.571562
0.054161	1.589523
0.050826	1.433715
0.048705	1.317913
0.047573	1.280643
0.044903	1.192130
0.033857	0.777568
0.032552	0.746548
0.027687	0.723391
0.028480	2.049298
0.027090	0.479231
0.019628	0.429359
0.018174	0.576703
0.014392	0.403052
0.017238	0.282913
0.019753	0.398948
0.023010	0.394245
0.015185	0.322562
0.019999	0.412337
0.025426	0.512081
0.022572	0.519593
0.026359	0.574658
0.042788	0.967915
0.057070	1.234466
0.064611	1.473205
0.046556	1.103032
0.047854	1.117526
0.044744	1.058670
0.052355	1.261987
0.070524	1.741160
0.074996	1.889786
0.073057	1.829121
0.058897	1.426023
0.058507	1.343804
0.058972	1.322621
0.063994	1.406613
0.066089	1.512066
0.067589	1.417408
0.068978	1.381724
0.065898	1.234743
0.063787	1.239108
0.064088	1.341804
0.057448	1.180618
0.064167	1.365107
0.063313	1.353951
0.067777	1.599201
0.061005	1.446411
0.073244	1.834161
0.063139	1.575454
0.063775	1.521525
0.060622	1.464049
0.056856	1.293089
0.053710	1.396653
0.055517	1.319706
0.048181	1.143096
0.048009	1.211549
0.052313	1.404400
0.045633	1.261698
0.047934	1.284987
0.049042	1.199413
0.046689	1.225274
0.043192	1.278561
0.041595	1.429865
0.039700	1.270505
0.041730	1.225417
0.039034	1.114724
0.037521	1.160147
0.035132	1.373652
0.042288	1.533067
0.031133	1.157614
0.037869	1.212429
0.034837	1.356328
0.036270	1.329518
0.037230	1.243316
0.055775	1.362739
0.042025	1.370462
0.031808	0.981301
0.043364	1.578009
0.060589	1.704959
0.053128	1.698236
0.047200	1.448604
0.046315	1.291280
0.058194	1.602147
0.062460	1.553655
0.059887	1.734038
0.059910	1.697139
0.047326	1.270710
0.040715	1.094164
0.044035	1.161459
0.037463	1.137692
0.035429	1.012572
0.038250	1.172556
0.040305	1.199821
0.045239	1.146739
0.081665	1.474143
0.079127	1.348920
0.081186	1.458053
0.073348	1.354956
0.081764	1.390077
0.091521	1.412628
0.090846	1.594617
0.082933	1.520042
0.088588	1.601180
0.080263	1.432968
0.075673	1.522812
0.072065	1.489440
0.066102	1.414485
0.057528	1.239214
0.057005	1.270946
0.055996	1.132658
0.044061	0.995648
0.034254	0.790780
0.039632	1.234659
0.043918	1.225306
0.036298	1.111462
0.058419	1.580143
0.055389	1.494277
0.066663	1.704721
0.065595	1.622462
0.063516	1.675299
0.045682	1.316854
0.036404	1.374675
0.046982	1.590206
0.052607	1.794262
0.044516	1.660139
0.047834	1.734514
0.041074	1.731391
0.041779	1.756133
0.044628	1.796911
0.062860	2.207233
0.062944	2.142191
0.063529	2.023347
0.071058	1.959314
0.074485	2.112491
0.083875	1.712761
0.062527	1.833458
0.065076	1.713582
0.066212	1.559273
0.071519	1.602903
0.057355	1.428119
0.059497	1.574264
0.060427	1.475063
0.065365	1.370102
0.070400	1.302993
0.067425	1.491919
0.068332	1.540600
0.052660	1.262570
0.058050	1.265164
0.068189	1.318650
0.058414	1.026182
0.046744	1.103652
0.043539	0.977512
0.041131	0.913934
0.029764	0.844293
0.032829	0.882665
0.026043	0.827755
0.030200	0.928639
0.031337	1.017504
0.028764	1.027111
0.026478	1.010888
0.029387	1.054228
0.033383	1.166838
0.039963	1.330895
0.041285	1.336091
0.041864	1.288198
0.039225	1.170850
0.038561	1.259815
0.037889	1.288297
0.034379	1.220264
0.035629	1.155990
0.038531	1.224794
0.038266	1.124374
0.033414	1.113914
0.030753	1.162202
0.031384	1.174160
0.029949	1.106022
0.022836	1.029051
0.011877	0.810655
0.015267	0.863939
0.023214	0.974673
0.019475	0.882943
0.014413	0.798220
0.018871	0.852858
0.022485	1.148328
0.020834	1.018231
0.016896	1.106045
0.016916	1.051751
0.022711	1.118519
0.019355	1.081817
0.031503	1.236841
0.028933	1.198105
0.031655	1.251270
0.035019	1.275877
0.033876	1.274845
0.032242	1.239090
0.033944	1.229832
0.035744	1.255515
0.041366	1.201456
0.041871	1.234707
0.038487	1.113799
0.040915	1.158095
0.041135	1.131902
0.041079	1.105993
0.040742	1.136314
0.042312	1.113290
0.044930	0.954677
0.042879	1.009197
0.053903	1.013251
0.048795	1.103688
0.049462	1.066694
0.054880	1.670128
0.044058	0.958854
0.043146	0.887147
0.047575	0.955918
0.045487	0.965343
0.034165	0.830312
0.041554	1.968709
0.034300	0.820782
0.033240	0.935355
0.030576	0.784146
0.034937	0.811899
0.035655	0.817410
0.035024	0.836257
0.033845	0.887869
0.032104	0.957440
0.032835	0.948090
0.032223	0.940459
0.034734	1.044001
0.032730	0.978659
0.034149	0.942297
0.036316	1.067053
0.034186	1.033375
0.033967	0.927239
0.034389	0.948333
0.037608	0.981508
0.039496	1.079403
0.038421	1.058471
0.041935	1.190172
0.040632	1.052272
0.041625	0.989969
0.032585	0.922017
0.037398	0.819996
0.045430	1.159046
0.041366	1.030420
0.042853	1.076466
0.042889	1.053615
0.045130	1.097449
0.043565	1.138826
0.041180	1.072263
0.039292	0.983044
0.037277	0.956129
0.038698	0.997838
0.046118	1.102460
0.042207	1.021559
0.042679	1.048440
0.046661	1.173119
0.041121	0.988910
0.052603	1.191993
0.039424	0.976757
0.045075	1.096401
0.045871	1.112637
0.046608	1.145363
0.046314	1.064942
0.044801	1.065550
0.046154	1.087482
0.040618	0.912653
0.042201	0.879231
0.041094	0.876068
0.042119	0.918294
0.039716	0.876456
0.037213	0.811981
0.038546	0.827627
0.037454	0.703532
0.040979	0.745882
0.042374	0.739254
0.050823	1.405404
0.043140	0.747841
0.039399	0.700327
0.044179	0.792239
0.042254	0.780835
0.043867	0.741999
0.049268	0.892873
0.049498	0.895258
0.046036	0.869857
0.046975	0.833314
0.059309	1.087145
0.059804	0.923677
0.054016	0.984533
0.045227	0.870418
0.041078	0.752167
0.051819	0.927272
0.056650	1.051158
0.055023	1.065457
0.044660	0.861612
0.044656	0.912148
0.047303	0.912931
0.053852	1.017783
0.052783	0.977778
0.048041	0.864923
0.044177	0.825364
0.045537	0.845762
0.039554	0.737589
0.029130	0.521429
0.028211	0.529042
0.033610	0.558025
0.038428	0.635316
0.038229	0.647273
0.033648	0.570478
0.033651	0.569616
0.032762	0.526398
0.033739	0.604098
0.023384	0.655710
0.024711	0.456670
0.028284	0.573114
0.033091	0.733999
0.031484	0.670998
0.030779	0.708797
0.037108	0.858281
0.031524	0.718232
0.033976	0.791455
0.036625	0.847851
0.028473	0.672239
0.030336	0.606259
0.030267	0.559416
0.027723	0.582263
0.026939	0.686734
0.033015	0.880995
0.036002	0.970659
0.033473	0.944480
0.032145	0.870397
0.033546	0.972196
0.035367	1.019742
0.035629	0.985364
0.034495	0.982240
0.027937	0.871121
0.031660	1.005661
0.032298	1.002261
0.032309	0.925842
0.032814	0.959645
0.028927	1.016599
0.024935	0.950267
0.023294	0.924062
0.022581	0.866616
0.021330	0.915769
0.020409	0.979102
0.019833	0.956650
0.015512	0.924912
0.013234	0.933182
0.013683	0.869259
0.015204	0.900889
0.020835	0.960770
0.022961	0.996092
0.038061	1.098285
0.042414	1.145922
0.053354	1.257048
0.058307	1.293948
0.072890	1.554958
0.086133	1.772938
0.086674	1.750164
0.098960	1.949951
0.109177	2.127681
0.107319	2.062236
0.119574	2.351781
0.119814	2.446784
0.119505	2.460035
0.108011	2.781134
0.121430	2.499420
0.131337	2.738806
0.145463	3.134738
0.136849	2.959143
0.133625	2.940139
0.134361	2.932305
0.145469	3.206425
0.147470	3.224552
0.142027	3.579197
0.147149	3.219194
0.147482	4.017991
0.158297	3.473733
0.169270	3.700169
0.172574	3.818393
0.153568	3.345424
0.166177	3.590675
0.175880	3.813647
0.187102	3.482377
0.189608	3.985601
0.194199	3.970235
0.197749	4.041556
0.178604	3.606884
0.174330	3.504314
0.172392	3.460108
0.162558	3.205614
0.140520	2.765297
0.118025	2.376801
0.141290	3.396277
0.112694	2.254558
0.101969	2.048460
0.100206	2.000409
0.094912	2.049087
0.094626	1.993958
0.089165	1.876818
0.083843	1.823542
0.074365	1.594130
0.083027	1.869061
0.079798	1.841840
0.058353	1.533943
0.049161	1.140339
0.052208	1.198509
0.053877	1.210966
0.059146	1.406753
0.055411	1.181808
0.036481	0.861023
0.035257	0.842308
0.018430	0.564778
0.010923	0.310556
0.022534	0.565448
0.031336	0.925066
0.038541	1.081927
0.030485	0.894867
0.034289	0.972503
0.034753	0.972380
0.034691	0.911012
0.035341	1.023961
0.038039	0.987832
0.039713	1.026647
0.046539	1.201706
0.041276	1.012654
0.039926	0.940900
0.045572	1.078471
0.057033	1.275933
0.051228	1.057237
0.051225	1.043412
0.054378	0.990944
0.057179	1.157217
0.057540	1.202280
0.059922	1.203444
0.060525	1.101619
0.059269	1.257276
0.059209	1.367978
0.054622	1.279644
0.047856	1.074773
0.048266	1.123735
0.042870	1.089614
0.038459	0.967924
0.038032	1.260295
0.037071	1.269241
0.031540	1.150466
0.031044	1.297466
0.028108	1.267457
0.026083	1.165607
0.030543	1.328776
0.031868	1.324280
0.030271	1.434640
0.028273	1.306991
0.025852	1.247598
0.026564	1.349078
0.025547	1.357501
0.024375	1.348008
0.025047	1.432743
0.028912	1.564336
0.033539	1.631720
0.033234	1.452746
0.029887	1.515418
0.025521	1.364079
0.025345	1.318945
0.027165	1.424591
0.025041	1.398201
0.021125	1.218309
0.024191	1.387191
0.023205	1.347091
0.019399	1.211726
0.014899	1.080182
0.013233	1.039217
0.014700	0.885761
0.014996	1.042562
0.015602	0.925481
0.012452	0.826735
0.010003	0.803533
0.008790	0.712234
0.016567	1.052612
0.018928	1.072327
0.009570	0.548645
0.007492	0.380386
0.010777	0.519138
0.009252	0.528284
0.012052	0.222688
0.011587	0.262893
0.008018	0.453025
0.014828	0.185772
0.014251	0.244489
0.007422	0.317780
0.008974	0.332389
0.012296	0.155095
0.015957	0.336744
0.016923	0.174362
0.020481	0.281866
0.021121	0.359761
0.024518	0.398428
0.025687	0.422085
0.022644	0.412287
0.024817	0.508166
0.025696	0.600206
0.020040	0.385106
0.024278	0.502198
0.026109	0.548617
0.031832	0.694765
0.031967	0.747630
0.027199	0.601488
0.028469	0.641097
0.034213	0.785720
0.037602	0.872382
0.039751	0.937226
0.043044	1.057658
0.038559	0.887742
0.041272	0.956379
0.039808	0.821277
0.037231	0.714798
0.042416	0.812827
0.044000	0.785452
0.042447	0.777699
0.041038	0.717186
0.048172	0.946969
0.040259	0.762688
0.040986	0.820195
0.044832	1.040640
0.038570	1.085612
0.032436	0.976107
0.035414	1.127905
0.035081	1.311778
0.031808	1.135351
0.043672	1.528838
0.043860	1.708173
0.049989	1.625083
0.039581	1.231621
0.043352	1.299747
0.043552	1.232615
0.046314	1.258539
0.044241	1.074221
0.042987	1.041947
0.034029	0.583117
0.033981	0.669294
0.031177	0.711056
0.034514	0.764102
0.031532	0.717386
0.035414	0.821522
0.042081	1.062782
0.023030	0.760467
0.019144	0.692741
0.034461	0.963020
0.048014	1.146589
0.054843	1.405642
0.042846	1.379474
0.036744	1.093534
0.059621	1.624657
0.058000	1.613289
0.080328	2.327100
0.087245	2.640403
0.055668	1.785075
0.058747	1.870433
0.073275	2.265954
0.077241	2.341408
0.078596	2.269114
0.064393	2.008598
0.068047	2.117467
0.085206	2.416046
0.064472	1.926412
0.128807	3.908156
0.126421	3.843768
0.144686	4.584375
0.117025	3.695971
0.153388	4.916088
0.160353	5.014636
0.122603	3.661060
0.162123	5.267120
0.150506	4.885665
0.217769	7.004422
0.200940	6.397704
0.172860	5.464689
0.169413	5.423849
0.155694	4.975904
0.177525	5.626653
0.140320	4.082997
0.131391	4.137229
0.131595	3.850176
0.130117	3.615526
0.117433	3.732022
0.114007	3.696171
0.098992	3.223473
0.092607	2.818839
0.117597	3.668416
0.082307	2.497037
0.093198	2.975243
0.087989	2.674202
0.067878	2.129951
0.069533	2.453710
0.056458	1.949917
0.058449	2.130479
0.056976	2.127347
0.051828	1.984640
0.052576	1.982723
0.049464	1.878536
0.038742	1.667751
0.045684	1.827283
0.047876	1.909740
0.036492	1.464978
0.035950	1.430321
0.032465	1.166830
0.033006	1.006372
0.033581	1.159738
0.032586	1.085086
0.031972	1.251640
0.027353	1.129087
0.027889	0.938569
0.026114	0.910840
0.028857	0.994429
0.027421	0.797470
0.027985	1.079566
0.028088	0.849224
0.033982	0.919469
0.034436	0.990395
0.036327	0.955583
0.032396	0.751553
0.029061	0.929479
0.035821	1.006427
0.032567	0.988300
0.031118	0.891312
0.032654	0.783543
0.044408	1.003942
0.039683	0.906271
0.034643	0.784826
0.038080	0.810052
0.035098	0.957867
0.037714	0.948131
0.047588	1.017673
0.045604	1.046838
0.045894	1.082843
0.042127	1.010396
0.046233	0.990887
0.057329	1.173910
0.058364	1.132466
0.060753	1.131608
0.066716	1.284393
0.063586	1.216287
0.054174	1.060201
0.041612	0.937981
0.054808	1.275181
0.047607	0.908224
0.046176	0.827186
0.028443	0.771746
0.036714	0.957878
0.041518	0.962754
0.043831	0.982987
0.044948	0.992861
0.050856	1.101353
0.046912	1.010584
0.054881	1.065824
0.054187	1.108348
0.047796	1.010783
0.049971	0.998938
0.053152	1.197295
0.058315	1.047887
0.060197	1.308065
0.059776	1.334393
0.058742	1.315427
0.057936	1.420793
0.060295	1.504203
0.066540	1.616546
0.081136	1.790192
0.082163	1.749976
0.069626	1.779918
0.063253	1.572532
0.071488	1.674150
0.075516	1.683493
0.085220	1.875380
0.080554	1.800671
0.096483	1.747517
0.078430	1.680264
0.086963	1.691375
0.083913	1.754112
0.094033	1.798796
0.102549	1.730245
0.113696	1.781460
0.094341	1.733980
0.104253	1.822249
0.097194	1.851040
0.093174	1.874490
0.115907	1.896026
0.112311	1.833944
0.122072	2.024773
0.106477	1.782065
0.113153	1.913647
0.107702	1.830172
0.104468	1.860624
0.111290	1.816931
0.107262	1.834799
0.105811	1.839154
0.103510	1.688042
0.117513	1.842145
0.115458	1.805968
0.113754	1.914971
0.120913	1.963477
0.106208	2.042770
0.110169	1.908145
0.115760	1.999488
0.127985	2.250835
0.123077	2.164074
0.115727	2.107885
0.123312	2.248303
0.122344	2.321337
0.119279	2.356336
0.123257	2.388228
0.121717	2.284624
0.130126	2.426785
0.118310	2.286985
0.090702	2.152114
0.080442	2.153472
0.080269	2.252276
0.110337	2.354623
0.121311	2.381576
0.072313	2.233527
0.066574	2.091136
0.064319	2.132701
0.070040	2.207839
0.064653	2.050573
0.058213	1.949249
0.062291	1.889596
0.058955	1.895882
0.053787	1.792026
0.051645	1.791217
0.044437	1.700164
0.044405	1.648864
0.048588	1.512254
0.054377	1.605777
0.050221	1.471984
0.050825	1.612414
0.042729	1.562330
0.040600	1.268033
0.027228	0.916071
0.012491	0.617374
0.024530	0.548083
0.020916	0.706372
0.034710	0.906441
0.026263	0.692307
0.028326	0.889702
0.029829	0.918365
0.035103	1.137967
0.023704	0.993035
0.027164	1.126349
0.026610	1.069537
0.028186	0.962751
0.014678	0.978831
0.016689	1.051188
0.021840	1.237309
0.019511	1.120712
0.020741	1.256772
0.019139	1.118885
0.019064	1.067187
0.019532	1.123276
0.021593	1.210331
0.019361	1.114347
0.019816	1.142601
0.015754	1.043886
0.011112	0.885286
0.011200	0.912071
0.008545	0.797493
0.009109	0.877235
0.012670	0.948799
0.017681	1.075576
0.011633	0.956113
0.015844	1.072473
0.013702	1.012001
0.008442	0.803717
0.009520	0.821685
0.008514	0.815446
0.012020	0.916006
0.010745	0.839426
0.011300	0.848058
0.006552	0.680108
0.005633	0.620035
0.005384	0.619831
0.007316	0.699740
0.005742	0.569471
0.006132	0.603071
0.006938	0.609288
0.008071	0.692165
0.007769	0.638402
0.006887	0.656391
0.007604	0.657047
0.006515	0.625941
0.009259	0.762404
0.005819	0.682921
0.006552	0.682217
0.010177	0.768120
0.009997	0.846720
0.007341	0.759704
0.007674	0.759783
0.007760	0.729779
0.005284	0.686893
0.011926	0.944060
0.007557	0.662710
0.007293	0.675649
0.009385	0.790826
0.023401	1.313080
0.011068	0.800852
0.007034	0.631531
0.003974	0.481114
0.005383	0.533321
0.007812	0.611930
0.018552	0.914199
0.018745	0.912619
0.016271	0.795776
0.016356	0.796324
0.011400	0.629677
0.009256	0.593034
0.007840	0.563132
0.018180	0.400721
0.010890	0.708907
0.014809	0.744255
0.014926	0.815911
0.014002	1.272152
0.008640	0.618173
0.007936	0.567800
0.009517	0.654148
0.009694	0.672025
0.012438	0.721280
0.015819	0.894323
0.017199	0.871764
0.014376	0.877670
0.014267	0.790041
0.014121	0.772826
0.011581	0.690161
0.019053	0.977371
0.030420	1.346283
0.028484	1.245003
0.027817	1.248577
0.022248	0.959859
0.019107	0.851782
0.024703	1.030836
0.028264	0.948411
0.035418	0.952299
0.034954	0.925364
0.031596	0.876850
0.030609	0.900975
0.030866	1.034748
0.030709	1.104205
0.033879	1.100879
0.031748	1.023319
0.032553	1.048920
0.031479	1.085459
0.032676	1.055452
0.029905	0.941295
0.020810	0.811013
0.024200	0.897152
0.026540	0.952587
0.027320	0.988014
0.021557	1.229126
0.029286	1.033629
0.024372	0.900418
0.027434	0.992317
0.025920	0.926574
0.022385	0.892996
0.023562	0.953431
0.022556	0.872548
0.022475	0.842479
0.025317	0.974995
0.021736	0.824087
0.019538	0.749632
0.024771	0.848560
0.021149	0.776336
0.022824	0.739278
0.021342	0.810874
0.023431	0.819487
0.019553	0.539824
0.019217	0.568959
0.019806	0.431443
0.020202	0.697550
0.019977	0.758231
0.021820	0.608483
0.024963	0.601126
0.027203	0.707506
0.023345	0.695456
0.027098	0.827246
0.028922	0.984102
0.027477	0.750356
0.031943	0.759410
0.024867	0.691234
0.024744	0.749466
0.024234	0.731862
0.021789	0.607589
0.015730	0.716977
0.020820	0.788774
0.025682	0.767666
0.023737	0.816732
0.017790	0.805602
0.026780	0.931655
0.018304	0.755882
0.017974	0.653190
0.011753	0.349865
0.010663	0.313577
0.011106	0.315161
0.018806	0.560962
0.008151	0.189346
0.009816	0.273962
0.009311	0.027773
0.009291	0.180115
0.009758	0.394240
0.010416	0.368027
0.009872	0.300339
0.011538	0.345626
0.023977	0.665059
0.019416	0.533153
0.022745	0.516431
0.023381	0.519789
0.021152	0.483808
0.021975	0.513399
0.024726	0.606229
0.025158	0.678077
0.026635	0.642630
0.024536	0.617352
0.024070	0.574734
0.024688	0.849088
0.018437	0.609115
0.024990	0.949119
0.021393	0.864853
0.013333	0.740190
0.017760	0.826004
0.024247	0.934137
0.028353	1.166521
0.037008	1.673049
0.040369	1.839504
0.040841	1.918919
0.037330	2.021755
0.037780	1.749166
0.040944	1.789653
0.045816	1.926155
0.037374	1.720500
0.034371	1.615587
0.032540	1.500376
0.030357	1.328847
0.026151	1.363333
0.024626	1.305598
0.023753	1.219592
0.019029	1.272731
0.018054	1.241748
0.018024	1.250094
0.020846	1.182511
0.019451	1.187166
0.020341	1.208459
0.017634	1.255809
0.021349	1.379642
0.020218	1.381281
0.018111	1.423359
0.018425	1.492744
0.022698	1.342118
0.024346	1.426867
0.021602	1.453829
0.022413	1.358584
0.020788	1.429109
0.024962	1.637604
0.026050	1.694099
0.024331	1.519375
0.019050	1.414360
0.027660	1.499533
0.018452	1.368310
0.022787	1.443168
0.019926	1.406219
0.020073	1.375575
0.020515	1.370175
0.016179	1.391814
0.013412	1.135408
0.015182	1.164597
0.013276	1.202997
0.014190	1.196024
0.014366	1.145630
0.010782	1.094202
0.012872	1.175750
0.016433	0.975597
0.014611	0.968067
0.008497	0.941643
0.011219	0.814033
0.011611	0.810217
0.016898	0.815513
0.018990	0.834422
0.006138	0.411786
0.007314	0.559452
0.005839	0.426827
0.004707	0.460295
0.014376	0.506242
0.015602	0.645798
0.014983	0.636292
0.011292	0.513396
0.014549	0.713769
0.019996	0.949177
0.013300	0.651014
0.009093	0.639145
0.016885	0.994355
0.014445	0.781966
0.013685	0.721454
0.016890	0.813064
0.015088	0.700816
0.017089	0.779826
0.018604	0.800524
0.016911	0.641241
0.024152	1.212469
0.019696	1.221855
0.022917	2.281124
0.018597	1.292996
0.020127	1.094781
0.012014	0.629343
0.011893	0.668219
0.009378	0.634220
0.009608	0.704686
0.016091	1.322522
0.018818	1.156631
0.016936	1.155310
0.018720	1.081176
0.017284	0.899571
0.022152	0.741176
0.010254	0.326126
0.010071	0.376453
0.011670	0.752510
0.011362	0.715382
0.012811	0.896847
0.013590	0.470454
0.014837	0.555612
0.021479	0.906411
0.017837	0.926583
0.009254	1.493404
0.007681	1.456890
0.012093	1.951456
0.011594	2.101446
0.018290	1.652102
0.016533	1.115140
0.024896	1.515462
0.018977	1.324350
0.018216	0.950151
0.020607	1.052935
0.015419	0.896256
0.016704	0.587683
0.016027	0.659699
0.021750	1.095041
0.015909	0.259179
0.021346	0.627475
0.029102	0.704734
0.028487	0.578846
0.027162	0.723521
0.024439	0.647560
0.023911	0.726811
0.019524	0.672445
0.026264	0.600735
0.025166	0.509867
0.032566	0.716805
0.029347	0.608208
0.034874	0.591183
0.037279	0.410740
0.039940	0.614371
0.052588	0.954259
0.056159	0.810770
0.071695	1.089217
0.070158	1.107668
0.064562	0.939644
0.072332	1.366787
0.080063	1.435391
0.080263	1.433005
0.087091	1.304497
0.084255	1.102794
0.085645	1.054742
0.097471	0.878868
0.122439	0.596481
0.122401	0.339474
0.106147	0.259222
0.087419	1.267794
0.056811	1.233454
0.052340	1.255488
0.051687	0.536449
0.049754	0.600873
0.048868	0.646474
0.034645	0.377676
0.037278	0.625604
0.032395	0.559334
0.028506	0.672130
0.022949	0.382422
0.023263	0.262550
0.025099	0.292372
0.020999	0.221461
0.025732	0.231809
0.027224	0.216876
0.027324	0.139706
0.020229	0.164882
0.008670	0.063434
0.012993	0.123496
0.014467	0.246055
0.015799	0.532961
0.018894	0.518087
0.012241	0.290415
0.014040	0.580923
0.021686	0.749899
0.022312	0.613207
0.022699	0.635971
0.018627	0.475899
0.017654	0.505643
0.010394	0.730140
0.012229	1.138678
0.016145	1.232292
0.017436	1.262613
0.016678	1.068111
0.021283	1.003835
0.014005	0.998322
0.018500	0.769332
0.018268	0.810261
0.016720	0.712955
0.016988	0.712154
0.019013	0.711328
0.021638	0.802386
0.022251	0.698638
0.024711	0.706506
0.027651	0.760206
0.024919	0.985995
0.028475	0.803302
0.033144	0.909726
0.037475	0.956983
0.042338	0.881080
0.041694	0.912260
0.048193	1.072701
0.052545	1.095539
0.051545	1.068255
0.047240	1.072514
0.045308	0.812089
0.045524	0.872164
0.086981	3.091755
0.081015	3.159100
0.078804	3.051511
0.078351	2.997604
0.076134	2.947065
0.081725	3.552865
0.096815	3.531564
0.081484	3.024045
0.082756	3.075163
0.088013	3.202683
0.086422	3.108486
0.086476	3.537026
0.082935	3.158090
0.078040	3.068765
0.077489	3.045806
0.069822	2.844970
0.078146	2.744501
0.073357	2.345322
0.082412	2.767860
0.074420	2.336680
0.078736	2.630321
0.077706	2.723221
0.080793	2.471904
0.084786	2.758193
0.086361	2.371119
0.087526	2.560096
0.090040	2.470565
0.086727	2.434376
0.080712	2.373392
0.085220	2.331805
0.081615	2.358560
0.087751	2.470266
0.080742	1.979878
0.071711	1.162418
0.062828	1.568062
0.068805	1.253864
0.057477	1.173008
0.059148	1.242785
0.054382	1.378684
0.059747	1.183393
0.060091	1.292854
0.061814	1.234365
0.077316	1.051152
0.065499	1.586462
0.056252	1.049431
0.063176	1.179725
0.061171	0.802111
0.061287	0.881172
0.064556	1.466396
0.061095	1.044364
0.065029	0.957571
0.067917	1.219844
0.065931	1.161797
0.068290	0.999388
0.073607	1.098532
0.064256	0.952190
0.065245	0.845252
0.068286	0.888336
0.061762	0.789070
0.061625	1.000528
0.062996	0.853594
0.054295	0.921820
0.059897	0.771812
0.071694	0.684219
0.072257	0.682842
0.084023	2.061372
0.094021	2.526230
0.094546	2.537631
0.106529	2.999271
0.105450	2.966132
0.104635	2.811084
0.098181	2.587903
0.096082	2.454577
0.097768	2.524822
0.092351	2.533422
0.089740	2.597971
0.081511	2.498972
0.086293	2.246793
0.079695	2.245435
0.077692	1.290776
0.074423	0.914201
0.077933	0.834294
0.076383	0.850310
0.074698	0.911460
0.083239	0.859711
0.080437	0.758386
0.076342	0.964478
0.081471	0.885516
0.075225	0.939898
0.085997	0.860274
0.083028	0.794951
0.078797	0.937219
0.072609	1.073039
0.076625	0.774656
0.081681	1.134863
0.076400	0.844161
0.076011	1.015518
0.081131	1.094796
0.066498	1.004880
0.074512	0.970660
0.075911	1.084085
0.081523	1.596425
0.080146	1.317436
0.070486	1.290282
0.064015	1.293389
0.073521	2.144673
0.060186	1.235252
0.059398	1.174001
0.056727	1.124343
0.056012	1.088857
0.056493	1.753275
0.045740	0.877299
0.040047	0.784270
0.041654	0.961080
0.037427	0.978407
0.035298	0.850346
0.031757	0.813725
0.026619	0.701143
0.026050	0.751389
0.024470	0.769228
0.026937	0.755607
0.020336	0.666203
0.020169	0.702691
0.016220	0.645598
0.013269	0.630336
0.015824	0.638674
0.016147	0.649334
0.012742	0.549090
0.016275	0.570461
0.017546	0.663647
0.018994	0.601220
0.022620	0.622626
0.019589	0.610208
0.019160	1.321534
0.033677	0.835127
0.044974	0.885064
0.043785	0.777195
0.045292	0.701734
0.043354	0.648425
0.042785	0.631558
0.039349	0.684796
0.035607	0.695977
0.014532	0.591067
0.012802	0.532941
0.014152	0.580580
0.014588	0.551023
0.014742	0.462947
0.017650	0.483518
0.014180	0.297545
0.015270	0.276282
0.017383	0.405582
0.017485	0.242037
0.016241	0.199723
0.018554	0.306400
0.017606	0.320129
0.019551	0.351574
0.018791	0.239950
0.017398	0.286507
0.017355	0.220476
0.016725	0.246764
0.014841	0.140257
0.014910	0.248600
0.014407	0.140727
0.014338	0.154770
0.012068	0.207264
0.014142	0.153825
0.011228	0.153896
0.012281	0.154360
0.012152	0.183903
0.010418	0.177540
0.011371	0.140099
0.015215	0.326446
0.020583	0.533011
0.020501	0.523432
0.031815	0.561850
0.019761	0.619562
0.016802	0.464851
0.018637	0.496839
0.020485	0.636390
0.019117	0.573005
0.018638	0.513176
0.018434	0.626253
0.021075	0.749511
0.018771	0.699405
0.016688	0.605648
0.016536	0.594039
0.030404	1.051754
0.017558	0.668243
0.016452	0.610071
0.020961	0.673772
0.020550	0.704380
0.010807	0.524974
0.023531	0.777515
0.022158	0.689306
0.023732	0.719996
0.009722	0.462527
0.023284	0.765054
0.024697	0.806861
0.031607	0.994873
0.030724	0.939881
0.029994	0.943210
0.026364	0.910897
0.025637	0.845164
0.024880	0.797951
0.024969	0.905926
0.027722	0.882504
0.031342	1.028339
0.029160	0.963083
0.030920	1.074504
0.028464	1.088499
0.032896	1.215840
0.031939	1.140404
0.031797	1.188061
0.032668	1.331884
0.042990	1.391806
0.028109	1.097103
0.028745	1.216611
0.028915	1.263776
0.035922	1.408080
0.036307	1.445926
0.033708	1.333145
0.028249	1.168386
0.027161	1.110906
0.025335	1.107056
0.021849	0.997513
0.022475	1.026673
0.022859	0.935755
0.022893	0.901342
0.021060	0.795644
0.016264	0.664901
0.021339	0.501498
0.020187	0.585642
0.021469	0.446042
0.022288	0.373567
0.023566	0.421565
0.025920	0.521421
0.024811	0.507369
0.025227	0.520168
0.023675	0.485629
0.039971	0.601507
0.026875	0.506610
0.026193	0.503436
0.026523	0.526234
0.040037	0.580487
0.024593	0.466751
0.027362	0.483497
0.027562	0.503709
0.026590	0.514814
0.040922	0.659760
0.021415	0.325001
0.028342	0.496077
0.030796	0.544537
0.053156	0.588895
0.032262	0.589508
0.025284	0.475173
0.027802	0.502965
0.030535	0.614749
0.022094	0.983999
0.029649	0.661813
0.025598	0.545358
0.022847	0.514172
0.021264	0.446386
0.019791	0.422899
0.017537	0.449808
0.019217	0.397662
0.021158	0.424715
0.022351	0.474021
0.020880	0.410986
0.019303	0.378406
0.020220	0.423709
0.033351	0.418320
0.019216	0.325532
0.017693	0.360856
0.018318	0.384386
0.022883	0.510390
0.021881	0.400596
0.021561	0.466828
0.021743	0.479127
0.022337	0.484906
0.019603	0.407838
0.019635	0.397753
0.016974	0.292836
0.016415	0.215881
0.017817	0.269119
0.015066	0.260453
0.012901	0.294673
0.015882	0.271408
0.013089	0.188694
0.013896	0.233893
0.009291	0.341390
0.010263	0.315857
0.009439	0.372430
0.011703	0.326016
0.008690	0.298313
0.006846	0.368337
0.009085	0.317677
0.010191	0.324552
0.008665	0.325754
0.009548	0.405387
0.007427	0.452813
0.005653	0.475396
0.007579	0.577575
0.008453	0.554131
0.009275	0.627211
0.008603	0.619605
0.009357	0.599101
0.011578	0.684999
0.011802	0.567505
0.008741	0.552406
0.007306	0.539762
0.005468	0.602875
0.005412	0.633763
0.004653	0.592437
0.004404	0.656239
0.004445	0.692932
0.004076	0.802474
0.005304	0.793410
0.005380	0.826137
0.008094	0.850007
0.008944	0.904682
0.006256	0.873650
0.010546	0.890196
0.009696	0.869541
0.010744	0.932234
0.008573	0.918858
0.008272	0.928026
0.009990	0.926310
0.010543	1.013960
0.009141	0.973938
0.007330	0.962302
0.004841	0.937996
0.004280	0.815853
0.005394	0.798498
0.002100	0.881307
0.005262	0.850890
0.005140	0.832739
0.003455	0.885500
0.004727	0.911578
0.003583	0.890361
0.001764	0.896670
0.006257	0.840913
0.004256	0.834116
0.014591	0.879364
0.009729	0.594799
0.003508	0.367377
0.002177	0.250662
0.005125	0.275979
0.003784	0.261793
0.010275	0.277467
0.012008	0.266592
0.013766	0.290225
0.017580	0.387769
0.017038	0.475776
0.014600	0.438168
0.015831	0.492627
0.018534	0.494757
0.023271	0.646873
0.030025	0.743691
0.030087	0.824825
0.027709	0.751578
0.032920	0.872788
0.038808	1.092477
0.038925	1.141729
0.034159	1.029738
0.032246	1.024608
0.029580	0.959836
0.031053	1.000638
0.032400	1.028902
0.034576	1.079890
0.032288	0.969735
0.034863	0.996573
0.027983	0.894516
0.036670	1.098147
0.046213	1.365762
0.039888	1.250288
0.041589	1.337562
0.047989	1.480173
0.043449	1.458831
0.049115	1.645835
0.043936	1.567415
0.047855	1.596979
0.058687	1.821647
0.057412	1.776772
0.061568	1.841565
0.058783	1.819571
0.059766	1.877486
0.056045	1.834402
0.062319	1.875664
0.060505	1.872460
0.061387	1.843607
0.053581	1.737283
0.055508	1.739670
0.064210	1.858378
0.064335	1.869327
0.061185	1.535248
0.048177	1.617988
0.051946	1.666269
0.060117	1.838073
0.053664	1.737549
0.054466	1.747684
0.048227	1.686504
0.048148	1.635990
0.045679	1.599950
0.034869	1.356530
0.029501	1.334582
0.031528	1.287032
0.023937	1.770576
0.024359	1.242232
0.022225	1.136250
0.026733	1.350308
0.025917	1.301057
0.034529	1.465714
0.033852	1.468889
0.033178	1.381559
0.035777	1.488222
0.034800	1.340171
0.042797	1.546311
0.046023	1.565414
0.044276	1.463725
0.038795	1.227924
0.037100	1.086314
0.035848	0.942684
0.039703	1.013116
0.048348	1.233265
0.050291	1.168602
0.050703	1.200028
0.046351	1.153684
0.050674	1.268165
0.050613	1.232450
0.051005	1.327873
0.055222	1.413225
0.056608	1.544913
0.059344	1.663301
0.065309	1.845009
0.066022	1.827059
0.071160	2.022166
0.074242	2.071318
0.084634	2.362910
0.085683	2.519029
0.089176	2.652753
0.081282	2.438759
0.078754	2.382590
0.082859	2.388741
0.085203	2.324969
0.091757	2.619156
0.084894	1.980719
0.089410	2.349847
0.096455	2.551719
0.099485	2.654666
0.104995	2.896742
0.100208	2.711520
0.105778	2.853369
0.110331	2.939804
0.115352	2.917609
0.121277	3.086455
0.125373	3.070942
0.133999	3.452367
0.142421	3.658653
0.166131	4.670446
0.174272	4.996015
0.182258	5.267088
0.186456	4.704836
0.189373	5.104197
0.210705	5.493715
0.221255	5.914226
0.227548	6.141599
0.222410	5.921327
0.227536	5.925603
0.225525	5.917250
0.226852	5.800767
0.240168	5.884091
0.242196	5.718660
0.254583	5.964423
0.255330	5.973823
0.258954	5.909227
0.261914	6.036289
0.254221	5.930560
0.262405	5.996218
0.250020	5.789834
0.264658	6.061939
0.247463	5.794111
0.252235	5.858703
0.238814	5.597083
0.224973	5.431085
0.221898	5.305784
0.215991	5.073940
0.207404	4.946411
0.184238	4.344804
0.176965	4.266605
0.162301	3.894029
0.157422	3.828862
0.153407	3.644193
0.152666	3.747322
0.162105	3.955085
0.148134	3.626297
0.141062	3.470311
0.118683	2.808240
0.121871	2.932955
0.111089	2.562212
0.110192	2.447185
0.111221	2.432919
0.088949	1.953919
0.092373	1.894627
0.078086	1.528380
0.073291	1.416304
0.064446	1.265233
0.085098	1.745487
0.074366	1.472666
0.086302	1.676226
0.079316	1.566654
0.079945	1.529923
0.082346	1.590611
0.074832	1.470516
0.081480	1.603763
0.087891	1.921155
0.069620	1.323478
0.071066	1.384271
0.063743	1.273470
0.056441	1.150527
0.072989	1.812902
0.055945	1.235476
0.059130	1.327425
0.063814	1.334331
0.055782	1.161535
0.067780	1.372970
0.054043	1.021898
0.056874	1.098569
0.056007	1.020934
0.049742	0.877316
0.051631	0.884916
0.055749	0.951892
0.061634	1.105553
0.061106	1.041090
0.060596	1.147678
0.062056	1.187932
0.062069	1.203273
0.059716	1.214088
0.061809	1.297388
0.071410	1.638028
0.052068	1.380359
0.050884	1.337555
0.051177	1.398853
0.048025	1.445499
0.043894	1.365366
0.046023	1.308536
0.041908	1.211065
0.039242	1.031160
0.037653	0.972087
0.046048	1.139560
0.042077	1.093104
0.032188	1.291749
0.049351	1.271451
0.053963	1.393003
0.054997	1.459951
0.052899	1.423350
0.056034	1.520148
0.068115	1.792982
0.068234	1.733880
0.069065	1.731316
0.074842	1.837162
0.072256	1.813763
0.078698	2.010712
0.088928	1.876608
0.085890	2.268639
0.090226	2.433798
0.091367	2.395504
0.090419	2.357698
0.092674	2.423908
0.101431	2.612804
0.103239	2.647796
0.107034	2.762128
0.105642	2.676230
0.107576	2.703369
0.107613	2.775566
0.091616	2.398550
0.091900	2.452960
0.092061	2.469738
0.094780	2.542804
0.097904	2.643193
0.094703	2.564173
0.089183	2.410921
0.088547	2.363757
0.089021	2.385965
0.094869	2.494813
0.095824	2.503146
0.085902	2.414680
0.095199	2.423755
0.090766	2.294472
0.090276	2.327922
0.088902	2.276864
0.079309	2.163662
0.082627	2.213976
0.076832	2.074986
0.068277	1.903649
0.071951	1.967714
0.052795	1.649475
0.057953	1.804066
0.055524	1.692855
0.056538	1.730527
0.050268	1.593093
0.059394	1.860507
0.055220	1.759797
0.052824	1.698630
0.049701	1.620693
0.054308	1.766050
0.054159	1.758727
0.056749	1.900765
0.054609	1.861500
0.060921	1.899046
0.060573	1.904582
0.060293	2.003374
0.062195	1.981928
0.062021	2.004795
0.065606	2.080878
0.070079	2.201069
0.067127	2.142781
0.069896	2.204308
0.069802	2.200394
0.075781	2.347315
0.089920	2.165950
0.084243	2.476391
0.023944	1.103055
0.022151	1.000820
0.023763	1.042674
0.026292	1.179178
0.022147	1.032510
0.021456	1.019482
0.022398	1.048174
0.021461	0.988630
0.017509	0.876373
0.025232	1.129408
0.028651	1.285422
0.028767	1.285135
0.023699	1.110967
0.021174	1.016644
0.023580	1.087302
0.027246	1.239604
0.024563	1.158047
0.023319	1.101228
0.028444	1.262310
0.028084	1.288770
0.031213	1.358891
0.031422	1.422711
0.034607	1.476956
0.030759	1.401814
0.035799	1.586638
0.038232	1.734894
0.037975	1.621352
0.042344	1.742698
0.038394	1.619509
0.038876	1.662883
0.036173	1.618933
0.037090	1.718153
0.035014	1.607152
0.033618	1.565961
0.029687	1.504974
0.029960	1.526860
0.026497	1.452820
0.023530	1.466032
0.027589	1.453428
0.032622	1.489361
0.029656	1.432362
0.029968	1.490991
0.027164	1.416219
0.027438	1.411673
0.025236	1.359200
0.021283	1.231632
0.021979	1.301227
0.023995	1.370266
0.026154	1.451617
0.026682	1.431128
0.029695	1.609889
0.028445	1.595616
0.023501	1.442883
0.022225	1.319328
0.022628	1.403219
0.023407	1.383413
0.026793	1.445183
0.021846	1.043517
0.021655	1.074023
0.022194	1.170711
0.022127	1.113412
0.022400	1.023443
0.027321	1.091958
0.023476	1.095186
0.027877	1.346773
0.031685	1.272545
0.033470	1.085544
0.033763	0.951023
0.032462	0.825814
0.038917	0.958579
0.040470	1.167850
0.040342	0.851756
0.042481	0.935817
0.042406	0.771552
0.046981	0.905557
0.053038	0.861541
0.045607	0.783175
0.052089	1.141751
0.053039	1.311387
0.048793	1.188618
0.058367	1.524361
0.058398	1.493073
0.059082	1.519167
0.059328	1.601186
0.056973	1.588981
0.052743	1.477274
0.053208	1.583411
0.057754	1.747616
0.054561	1.644641
0.049682	1.507931
0.048396	1.517171
0.051337	1.583182
0.051799	1.583642
0.046032	1.431731
0.045225	1.434672
0.040607	1.234756
0.041548	1.245170
0.039409	1.208220
0.037504	1.067018
0.044549	1.194981
0.043134	1.144143
0.044373	1.225910
0.049314	1.399804
0.047888	1.369254
0.044546	1.269492
0.048977	1.477360
0.047222	1.452123
0.046687	1.417076
0.049573	1.508135
0.042990	1.468606
0.048445	1.640445
0.050674	1.666492
0.049510	1.644644
0.059150	1.864930
0.060181	1.859885
0.055054	1.624799
0.048316	1.441491
0.049485	1.523030
0.047220	1.522172
0.050102	1.550449
0.049339	1.560321
0.056068	1.788826
0.061231	1.931236
0.064519	1.985056
0.062779	1.911914
0.065978	2.017895
0.064477	2.049870
0.070711	2.196681
0.074824	2.300838
0.070742	2.162062
0.068196	2.111039
0.060708	1.887568
0.065619	2.056168
0.066941	2.021275
0.065966	1.965867
0.063933	1.938765
0.067539	1.991080
0.066688	1.961711
0.071516	1.964218
0.068531	1.854018
0.066513	1.817913
0.079665	1.914206
0.073209	1.909661
0.071937	1.885096
0.072122	1.928461
0.067999	1.785308
0.066848	1.808489
0.063817	1.912575
0.049116	1.874695
0.040822	1.826057
0.038211	1.851529
0.023116	2.138298
0.032967	1.478376
0.042597	1.732063
0.038255	1.654510
0.041479	1.723316
0.041701	1.658013
0.034671	1.501265
0.035023	1.526340
0.033454	1.439626
0.042589	1.678671
0.038146	1.464395
0.034907	1.369475
0.033304	1.332554
0.037613	1.400361
0.040758	1.411794
0.039909	1.408243
0.037180	1.440502
0.039283	1.483491
0.032641	1.137788
0.026383	0.968555
0.042916	0.580976
0.047016	0.717598
0.036357	0.665077
0.045884	0.850087
0.044207	0.781135
0.041153	0.732757
0.042554	0.692199
0.045472	0.700176
0.048451	0.687973
0.048252	0.589794
0.042773	0.309418
0.038906	0.251230
0.037252	0.347288
0.035980	0.510605
0.033753	0.531264
0.036026	0.596751
0.042549	0.704128
0.042111	0.665058
0.043768	0.781399
0.042887	0.775141
0.051522	0.997354
0.040578	0.710183
0.041895	0.763209
0.042845	0.791658
0.043834	0.798974
0.045588	0.848875
0.047726	0.881318
0.044063	0.842869
0.046267	0.909095
0.039306	0.730827
0.029760	1.014995
0.039444	0.776393
0.038589	0.745939
0.035742	0.637075
0.032166	0.588685
0.029254	0.523810
0.031068	0.607682
0.030530	0.559724
0.028677	0.505119
0.026416	0.493701
0.023933	0.467481
0.027630	0.529139
0.026641	0.534894
0.022951	0.288687
0.031430	0.662519
0.036838	0.808483
0.037300	0.794030
0.040972	0.902295
0.037458	0.920319
0.033584	0.864258
0.037663	0.938157
0.033297	0.872165
0.044323	1.889139
0.029822	0.721657
0.029675	0.740394
0.025901	0.592246
0.026610	0.621363
0.035461	0.708666
0.035131	0.832162
0.038640	0.900127
0.036538	0.492836
0.048046	0.989329
0.051552	1.128517
0.054847	1.196734
0.057973	1.223904
0.064065	1.211995
0.067356	1.195500
0.072978	1.261101
0.075845	1.301298
0.085366	1.452964
0.085174	1.442087
0.087600	1.461979
0.087360	1.516482
0.087513	1.520224
0.082515	1.476779
0.085377	1.430288
0.072820	1.444509
0.063946	1.464517
0.060804	1.455267
0.064793	1.506952
0.061255	1.500087
0.060812	1.544654
0.058115	1.465283
0.055328	1.385864
0.052429	1.234225
0.057369	1.281853
0.053644	1.271882
0.053654	1.330796
0.050289	1.346268
0.050412	1.301751
0.049043	1.312056
0.044917	1.264576
0.040392	1.202171
0.045989	1.243784
0.053188	1.287379
0.060697	1.365645
0.059840	1.338780
0.062825	1.368766
0.061968	1.345953
0.064438	1.328895
0.060338	1.282595
0.076252	1.705388
0.079441	1.808159
0.084127	1.885328
0.088746	2.099275
0.087862	2.037539
0.080619	1.746984
0.080409	1.740432
0.077200	1.705236
0.087413	2.060841
0.091285	2.112486
0.089560	2.058727
0.084394	1.933302
0.083471	1.960119
0.084358	2.098651
0.084424	2.105720
0.073705	2.020989
0.078638	2.147536
0.072129	1.966493
0.074195	2.136197
0.074635	2.265984
0.070265	2.340495
0.068382	2.377092
0.071509	2.233800
0.071105	2.270140
0.070447	2.161690
0.073847	2.234597
0.072832	2.275278
0.065576	2.029209
0.068813	2.067297
0.057759	1.827508
0.061660	1.822835
0.064025	1.839162
0.060589	1.722814
0.050753	1.510046
0.051875	1.497944
0.044578	1.258140
0.045309	1.163872
0.040692	0.921624
0.034566	0.783762
0.027765	0.615233
0.024393	0.504571
0.018800	1.140638
0.027423	0.585659
0.024179	0.561841
0.024960	0.597970
0.019625	0.505801
0.016907	0.528601
0.013851	0.397071
0.011330	0.436488
0.007575	0.394647
0.012702	0.428379
0.012228	0.572734
0.009447	0.650397
0.013436	0.797834
0.019671	0.836670
0.021137	0.859324
0.022742	0.862439
0.027597	0.885385
0.030109	0.937662
0.029389	0.904003
0.026700	1.027456
0.029710	0.963170
0.037075	1.084074
0.044916	1.257557
0.043974	1.284313
0.041718	1.282703
0.043295	1.347504
0.047502	1.567422
0.049256	1.751771
0.046372	1.803104
0.045488	1.734350
0.043849	1.688678
0.046823	1.826880
0.053584	1.997518
0.052454	2.028375
0.050734	1.981081
0.051671	1.945665
0.057994	2.054190
0.067322	2.312891
0.067159	2.281088
0.069970	2.335551
0.062059	2.192514
0.074425	2.385650
0.075748	2.282290
0.085057	2.119594
0.089325	2.144450
0.089286	2.258510
0.088647	2.264639
0.086069	2.266617
0.086350	2.306774
0.095882	2.425571
0.094593	1.996801
0.089758	1.945898
0.087529	1.892390
0.083045	1.870372
0.091398	2.074196
0.083888	1.825781
0.069833	1.495654
0.055242	1.219308
0.058728	1.193046
0.064106	1.436800
0.082217	1.846890
0.082096	1.857605
0.077319	1.772439
0.095525	2.209319
0.095345	2.207782
0.091960	2.158481
0.078573	1.821177
0.078908	1.804682
0.080784	1.893790
0.094021	2.148407
0.072482	1.580335
0.076125	1.689778
0.069669	1.514914
0.068020	1.904127
0.067907	1.550638
0.079294	1.891994
0.062077	1.554776
0.055096	1.248308
0.076844	1.794602
0.077520	1.848665
0.077941	1.896189
0.072166	1.776242
0.061408	1.363473
0.076871	1.739734
0.076428	1.699981
0.065534	1.617725
0.065241	1.564653
0.079401	2.010590
0.060829	1.544373
0.068595	1.802599
0.064085	1.576415
0.073115	1.745698
0.076714	2.025493
0.077708	2.033778
0.059998	1.545076
0.061066	1.457716
0.073614	1.807927
0.082358	1.963347
0.081480	2.106812
0.084797	2.435620
0.079762	2.765625
0.088018	2.497793
0.076808	2.246459
0.063955	1.985635
0.059240	1.855026
0.058487	1.887616
0.086463	2.582940
0.084952	2.670633
0.062492	2.117804
0.075276	2.232484
0.083878	2.408059
0.082851	2.407765
0.086526	2.412041
0.073559	2.042584
0.091963	2.526942
0.079370	2.307639
0.089212	2.838370
0.061905	1.745385
0.049549	1.543269
0.051984	1.535793
0.058292	1.575772
0.051816	1.273114
0.048915	1.188704
0.038111	0.751733
0.032459	0.522354
0.036800	0.553201
0.043404	0.736195
0.044242	0.797816
0.046162	0.919590
0.047938	0.866534
0.050384	0.969042
0.041353	0.846008
0.040803	0.785860
0.045152	1.054646
0.052943	1.190129
0.052696	1.153335
0.049718	1.254530
0.050219	1.260914
0.051372	1.278495
0.052439	1.249958
0.053211	1.321865
0.048901	1.304114
0.056982	1.442836
0.048529	1.248344
0.059667	1.376790
0.053055	1.308525
0.051457	1.328272
0.052943	1.194115
0.050197	1.041811
0.046166	1.004784
0.052293	1.017958
0.055098	1.118179
0.056939	1.272091
0.056426	1.252602
0.050370	1.049284
0.047102	1.040734
0.048551	1.104950
0.049916	1.221720
0.046294	1.137574
0.045880	1.305819
0.048796	1.414004
0.049756	1.544932
0.048326	1.534638
0.047887	1.571885
0.042831	1.451463
0.041236	1.392003
0.035759	1.289534
0.036989	1.336268
0.037081	1.350924
0.035964	1.259623
0.031250	1.139878
0.030571	1.118094
0.029242	1.114185
0.027406	0.938531
0.024497	0.812203
0.017656	0.666956
0.013069	0.650969
0.017021	0.714838
0.018088	0.822514
0.011751	0.615487
0.012040	0.457284
0.011977	0.474668
0.011308	0.527574
0.013509	0.670848
0.025346	0.891652
0.026645	0.921793
0.024375	0.835521
0.017151	0.564629
0.013580	0.343608
0.017712	0.553956
0.021169	0.650335
0.020516	0.568834
0.015170	0.374188
0.018107	0.364423
0.018739	0.392758
0.022266	0.460858
0.020135	0.401112
0.021850	0.402341
0.021385	0.425729
0.022417	0.536242
0.023831	0.622599
0.023881	0.541438
0.020832	0.474704
0.022628	0.561002
0.024963	0.719629
0.027492	0.696859
0.021879	0.539777
0.021024	0.549067
0.024244	0.694214
0.031506	0.903778
0.027091	0.820858
0.029631	0.860808
0.036062	1.181943
0.041118	1.347256
0.047456	1.538191
0.040529	1.303376
0.041272	1.285815
0.041905	1.274215
0.047080	1.391223
0.048972	1.633701
0.047463	1.338783
0.058094	1.538106
0.052685	1.399752
0.051446	1.273974
0.046029	1.251802
0.042813	1.221609
0.048888	1.198824
0.053407	1.304888
0.051226	1.279667
0.056877	1.340264
0.047969	1.140968
0.047376	1.145332
0.052081	1.228302
0.053594	0.816013
0.065406	1.512614
0.062348	1.392351
0.059510	1.308376
0.058331	1.275951
0.061013	1.354545
0.061872	1.383759
0.059050	1.268634
0.056088	1.170923
0.050015	1.052759
0.058332	1.375639
0.052183	1.258007
0.053140	1.307752
0.059671	1.449099
0.057511	1.362211
0.055984	1.342104
0.054857	1.328898
0.052026	1.304876
0.051188	1.329253
0.057519	1.457576
0.059353	1.500335
0.050192	1.355069
0.049921	1.428951
0.054612	1.560723
0.057263	1.622513
0.066092	1.629786
0.056470	1.602494
0.053306	1.510019
0.046454	1.420849
0.039187	1.317806
0.041112	1.334699
0.040789	1.245563
0.045069	1.389866
0.038914	1.184683
0.039657	1.222910
0.042556	1.389855
0.051053	2.083960
0.047930	1.666150
0.046015	1.618038
0.048696	1.710692
0.046803	1.578284
0.054824	1.681321
0.056491	1.680336
0.064860	1.943590
0.063717	1.938177
0.064039	2.081902
0.062644	2.098220
0.056756	2.024292
0.051083	1.872219
0.052269	2.015386
0.046040	2.157208
0.036915	1.769262
0.048414	2.043917
0.038490	1.656544
0.046082	1.932535
0.043464	1.874754
0.040168	1.833847
0.042599	1.846662
0.045055	1.951908
0.038730	1.756129
0.043213	1.849166
0.049671	1.933954
0.044039	1.676497
0.050850	1.917176
0.053048	1.911679
0.062665	2.099546
0.056910	1.869995
0.055198	1.778643
0.061103	1.829466
0.066204	1.941252
0.062963	1.576166
0.068738	1.665259
0.082964	1.882626
0.070543	1.451811
0.080487	1.766544
0.076311	1.531065
0.078374	1.564986
0.074788	1.541242
0.073833	1.497476
0.077977	1.557728
0.077000	1.588323
0.089093	1.887613
0.082234	1.816463
0.086827	1.966316
0.081863	1.906418
0.085557	2.016661
0.074190	2.086956
0.079794	2.423854
0.076605	2.645854
0.081604	2.486588
0.076043	2.055321
0.062356	1.731209
0.074007	2.099411
0.084391	2.414521
0.094103	2.527467
0.078706	2.055762
0.079325	2.013936
0.093853	2.449828
0.090357	2.427115
0.098861	2.581693
0.086128	2.489132
0.079555	2.569836
0.075724	2.480466
0.075480	2.614519
0.063756	2.414096
0.071899	2.343585
0.074301	2.298596
0.081686	2.329721
0.084569	2.414725
0.058653	1.940854
0.062761	1.925229
0.046050	1.682630
0.048568	1.547269
0.046320	1.411224
0.046706	1.323248
0.035004	0.989968
0.038809	1.154568
0.042034	1.192996
0.036953	1.990125
0.045624	1.065148
0.045340	1.160104
0.039350	1.341087
0.022965	1.095800
0.033369	1.128757
0.032080	1.131582
0.026796	0.997326
0.021248	0.759642
0.024592	0.688412
0.022700	0.712309
0.025414	0.410129
0.018400	0.395736
0.021839	0.855470
0.020093	0.434091
0.023445	0.730247
0.019122	0.666331
0.015808	0.531149
0.028730	0.401256
0.038510	0.599817
0.030815	0.364655
0.029974	0.381676
0.033513	0.376419
0.027645	0.351932
0.032120	0.389096
0.025297	0.441047
0.014487	0.353848
0.029578	0.542785
0.029608	0.330463
0.021986	0.746618
0.026453	0.861149
0.022659	0.833364
0.021994	0.951040
0.018615	0.734031
0.024721	0.762484
0.022194	0.559591
0.024003	0.657959
0.009420	0.289390
0.019671	0.356864
0.018426	1.024465
0.014291	0.284872
0.017177	0.339906
0.021979	0.503942
0.016659	0.444217
0.024112	0.533147
0.022122	0.596470
0.022775	0.645652
0.025558	0.775391
0.023354	0.607050
0.026427	0.687795
0.025760	0.693418
0.027767	0.744021
0.023562	0.591873
0.024350	0.636775
0.023406	0.559227
0.025622	0.595811
0.021601	0.517542
0.020374	0.556362
0.024108	0.666912
0.019552	0.453017
0.018902	0.607864
0.022443	0.573444
0.020192	0.454528
0.024891	0.772291
0.037564	0.917499
0.020497	0.543869
0.022288	0.483255
0.029472	0.808612
0.024852	0.886270
0.021428	0.998154
0.027529	1.311257
0.026499	1.213905
0.028724	1.217059
0.026671	1.207314
0.034492	1.362182
0.029552	1.124302
0.032043	1.290834
0.030340	1.526367
0.021840	1.384376
0.022496	1.471184
0.024274	1.784991
0.020311	1.851728
0.024057	2.315324
0.022477	2.295379
0.030451	2.389978
0.022651	2.281126
0.026939	2.275326
0.030944	2.450430
0.034511	2.487058
0.028791	2.444366
0.016325	2.067707
0.026140	2.182210
0.028000	2.102845
0.012721	1.670391
0.009107	1.515741
0.007077	1.319757
0.017444	2.127980
0.006066	1.276470
0.011058	1.402404
0.010571	1.386907
0.021638	1.172657
0.020344	1.017878
0.008016	0.837170
0.021542	1.069744
0.010092	0.671193
0.009534	0.875449
0.006782	0.630109
0.012814	1.002273
0.003329	0.630778
0.016141	1.033193
0.022504	1.028520
0.021107	0.916425
0.022330	1.037861
0.026032	1.184259
0.015383	0.881334
0.021255	1.074757
0.017832	0.981120
0.015138	1.060543
0.010492	0.904580
0.017781	1.093078
0.013829	1.045953
0.015553	1.025804
0.011441	0.880240
0.007768	0.618811
0.012038	0.788245
0.018664	0.981257
0.016627	0.743350
0.016873	0.794150
0.007949	0.622732
0.007802	0.731052
0.011402	0.593022
0.013753	0.869342
0.018862	0.994780
0.020454	0.954779
0.020011	1.060574
0.021739	0.987108
0.029325	1.228918
0.026459	1.195495
0.030381	1.042862
0.044157	1.587377
0.045366	1.695021
0.059537	1.155681
0.068434	0.988603
0.075662	1.240096
0.075941	1.221199
0.078973	1.338626
0.080208	1.417089
0.076110	1.237084
0.077542	1.350851
0.074332	1.263874
0.075413	1.274350
0.070588	1.039550
0.068027	1.016219
0.069025	1.038015
0.073658	1.259780
0.066679	0.968072
0.066988	0.918635
0.067690	1.023660
0.069413	1.017838
0.067180	1.012436
0.061809	0.849820
0.062503	1.023667
0.062508	1.041622
0.062616	1.089649
0.057166	0.908596
0.053327	0.860607
0.053322	0.948178
0.039220	0.596660
0.035067	0.656991
0.025797	0.635277
0.024559	0.755157
0.028857	0.923204
0.024096	0.738817
0.021218	0.567712
0.016330	0.418381
0.017059	0.672396
0.010943	0.585187
0.012974	0.761144
0.009910	0.698259
0.010581	0.674288
0.004878	0.620639
0.022920	0.855958
0.026698	0.926333
0.028350	0.893474
0.024711	0.665043
0.037121	0.980048
0.040630	1.072075
0.024961	0.645929
0.032641	0.832808
0.021952	0.572197
0.028274	0.784370
0.046839	1.154150
0.048689	1.109518
0.049549	1.114575
0.045811	1.088631
0.052440	1.159890
0.057600	1.268850
0.068283	1.546651
0.065656	1.485620
0.071339	1.640822
0.076896	1.765022
0.081532	1.911561
0.080884	1.902385
0.079444	1.927213
0.082873	2.022750
0.092297	2.275048
0.094528	2.348541
0.090760	2.274622
0.091927	2.309843
0.079561	2.075380
0.076632	2.035655
0.088435	2.293209
0.096024	2.472525
0.087924	2.306565
0.088448	2.255960
0.080895	1.998825
0.083323	2.111010
0.082036	2.084539
0.079270	2.014604
0.065030	1.826891
0.072139	2.049763
0.077696	2.136352
0.082590	2.152298
0.079499	2.076194
0.078343	2.005558
0.071345	1.874341
0.074849	1.984728
0.076537	2.013535
0.083620	2.188965
0.070645	1.888478
0.075531	2.022637
0.077770	1.999375
0.083728	2.133732
0.078617	2.033604
0.072381	1.912514
0.066372	1.925892
0.060238	1.807237
0.069731	1.970826
0.070690	1.914842
0.064692	1.781566
0.068154	1.926029
0.073366	2.086227
0.069202	1.963523
0.063904	1.904297
0.062073	1.948488
0.059039	1.830759
0.054652	1.738389
0.057156	1.758016
0.053517	1.671227
0.051612	1.623215
0.053710	1.647889
0.044710	1.552459
0.047389	1.627228
0.044628	1.672644
0.038095	1.565985
0.041095	1.668416
0.041382	1.740437
0.037559	1.482995
0.034212	1.377285
0.026640	1.246074
0.024310	1.111382
0.024551	1.109815
0.023630	1.053802
0.020548	0.928515
0.026562	1.040568
0.023266	1.045273
0.020997	0.882277
0.019934	0.884251
0.019694	0.797928
0.020896	0.841232
0.021822	0.779644
0.024204	0.669230
0.019580	0.762010
0.018110	0.740536
0.017799	0.780147
0.018167	0.786178
0.013174	0.609984
0.012846	0.694695
0.014759	0.686607
0.018494	0.727234
0.017539	0.721098
0.017380	0.687393
0.013225	0.606022
0.013683	0.644863
0.015793	0.629183
0.011543	0.674330
0.017194	0.747058
0.011979	0.553658
0.017708	0.700195
0.010564	0.458579
0.011926	0.371432
0.008429	0.226107
0.014307	0.355920
0.015036	0.389285
0.014539	0.273258
0.016266	0.319096
0.018906	0.431583
0.017411	0.424010
0.015689	0.464709
0.024319	0.554402
0.033455	0.604952
0.031261	0.574909
0.035981	0.553654
0.032887	0.642655
0.032621	0.688529
0.030958	0.668690
0.032812	0.718187
0.039137	0.888672
0.040779	0.827053
0.041477	0.895870
0.044968	0.989131
0.042957	1.012363
0.047370	1.105576
0.051452	1.250241
0.051791	1.265546
0.050305	1.159279
0.049856	1.151118
0.051367	1.145861
0.052858	0.964431
0.054066	0.995916
0.050238	0.950624
0.054410	0.912602
0.051044	0.832076
0.046276	0.831289
0.047650	0.879058
0.046883	0.746397
0.050049	0.824495
0.050196	0.803072
0.046039	0.823250
0.049684	0.875172
0.046351	0.746802
0.046284	0.764883
0.048057	0.751608
0.045812	0.792433
0.046849	0.819334
0.046267	0.811672
