0.024416 0.860374
0.019467 0.679969
0.027684 0.805969
0.054426 1.502787
0.027052 0.902029
0.024515 0.794117
0.044845 1.367068
0.028302 0.907820
0.049043 1.418717
0.055073 1.474048
0.014217 0.437399
0.035294 1.007791
0.018931 0.711766
0.008715 0.532919
0.016936 0.683142
0.013768 0.612915
0.036369 0.996534
0.031088 0.908067
0.020018 0.741585
0.026735 0.742049
0.028608 1.139453
0.004511 0.310659
0.019204 0.649265
0.014931 0.561327
0.013975 0.413066
0.019033 0.539970
0.014016 0.603342
0.028298 0.892489
0.020178 0.588209
0.027048 0.854465
0.036851 0.843145
0.015247 0.559396
0.028225 1.030200
0.044603 1.383149
0.034103 0.684480
0.023877 0.700131
0.024430 0.923350
0.037092 1.223820
0.017169 0.664105
0.015086 0.748820
0.041312 1.440661
0.025675 0.979123
0.016389 0.694889
0.035800 1.488924
0.028138 1.183801
0.044351 1.348524
0.032095 1.313163
0.034673 1.461312
0.023307 1.315245
0.032047 1.634948
0.012832 1.201234
0.041854 1.763987
0.035986 1.619131
0.026420 1.496893
0.049979 1.901442
0.040027 1.764373
0.068422 2.303917
0.030385 1.868105
0.062097 2.616326
0.061104 2.351867
0.046122 2.041417
0.053396 2.289450
0.029028 1.426932
0.093129 3.435526
0.034564 1.501008
0.020768 1.098455
0.085582 3.063272
0.080333 2.718130
0.127936 4.206050
0.040902 0.831457
0.167153 4.644897
0.091370 2.856084
0.093104 2.456577
0.079868 2.597329
0.079222 2.575210
0.146086 5.156343
0.119693 3.698439
0.415949 10.088638
0.111363 3.323168
0.130506 4.296578
0.127452 3.891119
0.175204 1.611347
0.244043 2.458910
0.059529 1.101877
0.305902 7.234972
0.053004 1.359211
0.101883 2.579960
0.270732 6.629119
0.021956 1.130827
0.022905 1.130848
0.104075 2.509676
0.057733 1.607561
0.018875 1.113182
0.018246 1.032411
0.057906 1.642805
0.086519 2.002732
0.062232 1.578229
0.064465 1.621691
0.045158 1.372405
0.048561 1.310727
0.038790 1.277472
0.055510 1.909756
0.031819 1.164964
0.058470 1.455440
0.053707 1.459228
0.039614 1.451675
0.049760 1.230500
0.048910 1.475788
0.066927 1.759968
0.048602 1.387523
0.038964 1.255713
0.043377 1.412935
0.049419 1.387029
0.051013 1.463130
0.053501 1.435205
0.083926 2.034490
0.077951 2.084594
0.072211 2.003222
0.084487 2.148201
0.070758 1.893693
0.076070 1.670682
0.069085 1.463371
0.067014 1.226326
0.030128 0.777500
0.067727 1.891874
0.056240 1.587799
0.061886 1.772506
0.046815 1.057018
0.040999 0.937528
0.064067 1.913165
0.046128 1.373817
0.043708 1.239808
0.068741 1.959251
0.063982 1.903770
0.057480 1.628280
0.072937 1.948680
0.076193 2.136881
0.050992 1.398727
0.078961 2.168996
0.094998 2.857145
0.068973 1.663833
0.068717 1.803562
0.054576 1.456284
0.080501 2.014423
0.060991 1.582177
0.077189 2.120440
0.061471 1.772351
0.056622 1.671153
0.068628 1.866784
0.075799 2.161611
0.062662 1.656879
0.064139 1.833998
0.062341 1.751446
0.069426 1.970932
0.051968 1.615476
0.063535 1.736250
0.057797 1.544585
0.067452 1.759501
0.061624 1.418633
0.058473 1.626876
0.047298 0.982576
0.060270 1.452539
0.062130 1.408324
0.065152 1.607269
0.071557 1.744743
0.063614 1.629691
0.068461 1.707601
0.053522 1.389240
0.082915 2.207072
0.074387 1.985979
0.062661 1.558377
0.066816 1.728548
0.075632 2.027552
0.076346 1.923026
0.071289 1.871430
0.074913 2.160660
0.075432 2.069104
0.037010 0.684803
0.023963 0.499018
0.051511 1.155934
0.037712 0.900470
0.030248 0.573780
0.061752 1.637346
0.057959 1.411012
0.030876 0.637985
0.070102 1.897551
0.022974 0.354605
0.050692 1.395674
0.055851 1.557488
0.072579 2.040109
0.062929 1.735308
0.052112 1.662507
0.068466 1.971160
0.062642 1.780701
0.062876 1.757148
0.070206 2.043762
0.071082 2.163639
0.037055 1.322199
0.044056 1.305577
0.065561 1.921968
0.023588 0.798861
0.021932 0.783345
0.062245 2.177385
0.067261 2.065707
0.023325 0.744479
0.058546 1.922274
0.045158 1.476960
0.016466 0.883377
0.010643 0.721747
0.023948 0.942320
0.062603 2.125056
0.033033 1.351931
0.068893 2.387109
0.060900 2.050748
0.081702 2.518216
0.028036 1.188000
0.054793 1.941830
0.043804 1.445326
0.035472 1.219147
0.023002 1.212890
0.076438 2.655671
0.051464 1.984240
0.029002 1.385809
0.060513 2.015035
0.043597 1.665860
0.066378 2.541947
0.062238 2.424509
0.074108 2.769492
0.029957 1.423422
0.031742 1.334307
0.072131 2.252537
0.040908 1.673681
0.035369 1.433323
0.036370 1.707752
0.046657 1.658545
0.056347 2.271845
0.059519 2.443928
0.036057 1.590667
0.050264 2.080477
0.026143 1.424645
0.049899 1.913209
0.044634 1.602018
0.034632 1.796341
0.039519 1.647229
0.044266 1.823797
0.046511 1.762730
0.043700 1.899897
0.048438 1.975812
0.046254 1.859904
0.048980 2.071295
0.049161 2.150948
0.057006 2.151973
0.047181 2.070461
0.136081 3.570071
0.044571 1.896825
0.260494 2.044406
0.037417 1.812061
0.035858 1.717514
0.358942 3.182929
0.058869 2.432536
0.116396 2.860433
0.075505 2.400688
0.049798 1.991772
0.031830 1.594190
0.043381 1.830449
0.157041 0.789664
0.046045 1.844027
0.131441 1.527409
0.044007 1.698488
0.096378 2.586229
0.078085 2.475373
0.036983 1.628164
0.089000 1.557028
0.058432 2.212611
0.053038 1.818041
0.117604 1.941538
0.058341 2.129792
0.150371 3.238312
0.037477 1.599636
0.033538 1.484634
0.178759 2.403568
0.180296 2.957098
0.026553 1.233876
0.109025 1.975760
0.035893 1.599185
0.085692 1.916340
0.032522 1.528038
0.034436 1.542107
0.023234 1.267648
0.028138 1.377328
0.042180 1.560708
0.040620 1.490930
0.056279 1.335184
0.048630 1.661129
0.052047 1.631539
0.083362 1.761926
0.055868 1.627688
0.059949 1.749266
0.058526 1.698430
0.031013 1.273194
0.042243 1.409486
0.167565 2.443669
0.030257 1.459477
0.066232 1.828939
0.036247 1.443542
0.061789 1.872683
0.053349 1.626102
0.044549 1.830463
0.046960 1.463043
0.050100 1.576021
0.052990 1.684548
0.037976 1.555274
0.059181 1.821572
0.038378 1.367231
0.098583 2.074637
0.086645 1.678924
0.059265 1.770395
0.044143 1.332524
0.125950 1.458097
0.038954 1.548104
0.111497 1.161676
0.137089 0.821778
0.049305 1.603007
0.042606 1.265372
0.129471 1.331779
0.161268 1.530750
0.043412 1.439864
0.105325 2.371064
0.139402 1.688010
0.072502 2.050973
0.091385 1.591812
0.096178 1.697433
0.146371 2.529794
0.204614 3.228901
0.173319 2.399370
0.166060 2.521934
0.173929 2.159668
0.115219 1.859546
0.144172 2.499737
0.112645 2.502326
0.154826 2.310260
0.122205 2.225214
0.083075 1.804656
0.141635 1.616761
0.101955 2.601338
0.100136 1.920799
0.094727 2.010620
0.103016 2.489771
0.073391 1.604115
0.057528 1.658843
0.074675 1.531999
0.057296 1.359392
0.120806 1.909015
0.054075 0.687982
0.047026 0.754025
0.038754 0.936186
0.060387 1.369975
0.026691 0.819002
0.039832 1.101405
0.039384 1.215778
0.046717 2.004490
0.066951 1.726489
0.051690 1.286178
0.035800 1.042596
0.063747 1.729448
0.062242 1.625922
0.052253 1.429233
0.057528 1.458267
0.061962 1.559850
0.047379 1.408028
0.054541 1.436767
0.059250 1.488784
0.054609 1.238710
0.061607 1.638597
0.055895 1.504939
0.054078 1.194063
0.055101 1.501774
0.046877 1.393220
0.047430 1.298121
0.030936 0.997592
0.042819 1.554270
0.067175 2.154163
0.078257 1.989015
0.054767 1.686510
0.063573 1.955698
0.074039 2.180690
0.083278 2.490318
0.114137 2.606915
0.083721 2.481979
0.070232 2.355529
0.069216 2.529899
0.097403 2.453949
0.058844 2.095285
0.136862 2.792884
0.052862 1.425130
0.049691 1.775411
0.050895 1.590943
0.050824 1.887936
0.046113 1.699885
0.124618 1.831606
0.054216 1.346692
0.046859 1.102921
0.045375 1.153610
0.081430 1.335633
0.029823 1.526918
0.058900 1.863030
0.063881 1.438596
0.095265 1.203669
0.084339 1.254710
0.027665 1.496956
0.040652 1.412421
0.039512 1.301175
0.031671 1.780292
0.037061 1.233891
0.030134 1.483153
0.031546 1.746743
0.075250 1.695415
0.075424 1.479800
0.045798 1.650647
0.042880 1.627080
0.036551 1.860936
0.044478 1.670137
0.065851 1.630358
0.034243 1.752754
0.092579 1.701585
0.065866 1.783640
0.057237 2.020143
0.095377 1.736179
0.029419 1.893559
0.124064 1.725506
0.068586 1.686719
0.131379 1.784660
0.057383 1.472825
0.045552 1.439569
0.068180 1.506355
0.047379 1.819861
0.041867 1.205390
0.054767 1.479287
0.114211 1.379943
0.110009 2.627317
0.019412 1.499016
0.036968 1.695313
0.031102 1.618862
0.021813 1.424567
0.140900 2.522113
0.073006 1.740613
0.016555 1.491017
0.038278 1.326935
0.067402 1.564829
0.073951 2.079453
0.055864 1.331506
0.086939 0.999693
0.060175 1.569326
0.015937 1.936864
0.144599 1.386116
0.123532 1.998783
0.301726 2.050784
0.072639 2.231817
0.209135 2.191956
0.159460 2.012257
0.146418 1.085182
0.227267 2.476958
0.222130 1.991864
0.244736 3.305882
0.302700 1.321996
0.247981 2.315236
0.208340 1.492543
0.189870 0.521551
0.163538 2.553989
0.150515 0.877070
0.170159 0.908186
0.245397 1.153446
0.242209 1.087618
0.118591 1.495129
0.290290 1.425724
0.215073 1.673213
0.152284 1.794965
0.249832 1.897517
0.354728 1.930468
0.162523 1.604779
0.135755 3.123790
0.296864 2.186520
0.150294 2.477198
0.109966 1.695862
0.161434 1.563551
0.322902 3.860447
0.248636 1.888334
0.223676 4.288217
0.473121 2.131801
0.163333 1.973977
0.265125 1.711594
0.385397 4.274593
0.201525 1.650498
0.133619 1.411725
0.274692 4.838172
0.222129 2.271820
0.340721 2.320118
0.067087 1.342526
0.109201 2.133553
0.308517 3.046304
0.058240 1.927687
0.051184 1.817716
0.061066 1.923114
0.055213 1.875812
0.062876 1.913289
0.060326 2.007952
0.065628 2.266132
0.071841 1.916159
0.065366 1.822899
0.065510 2.151373
0.057994 2.052577
0.071819 2.078669
0.063747 1.457250
0.062822 1.285880
0.070775 1.628573
0.059343 1.433587
0.058775 1.330060
0.063736 1.065310
0.058039 1.174763
0.055225 0.927135
0.064768 1.259310
0.064455 1.427728
0.066725 1.550180
0.057992 1.183980
0.057528 1.325862
0.056727 1.334809
0.058494 1.137540
0.063100 1.066900
0.051173 1.216339
0.047779 1.118607
0.054649 1.166699
0.049182 1.286977
0.051667 1.299453
0.054888 1.319647
0.043794 1.232571
0.040484 1.173402
0.049185 1.361401
0.032963 1.092341
0.033456 1.094638
0.031876 0.877052
0.031931 0.826671
0.030033 0.856699
0.019824 0.576179
0.037218 0.932371
0.024940 0.763794
0.026223 0.938753
0.035812 1.085307
0.027569 0.813160
0.026086 0.830415
0.018292 0.705457
0.024923 0.695252
0.026515 0.951908
0.015212 0.452482
0.014131 0.585460
0.018922 0.669279
0.020212 0.506983
0.015570 0.637920
0.020408 0.661772
0.012828 0.383115
0.018839 0.445572
0.017299 0.495015
0.019442 0.443127
0.017505 0.455126
0.014377 0.462794
0.013190 0.312892
0.017369 0.503810
0.019338 0.419890
0.007478 0.196710
0.023572 0.343860
0.018603 0.414444
0.009984 0.072739
0.037442 0.608542
0.027089 0.300119
0.014399 0.051401
0.021549 0.278278
0.023788 0.236603
0.024023 0.397167
0.021436 0.249588
0.019309 0.300938
0.019831 0.292660
0.009934 0.141269
0.011350 0.089511
0.021110 0.639136
0.018656 0.128725
0.021769 0.383955
0.020713 0.454800
0.017760 0.157535
0.010348 0.551125
0.017779 0.103070
0.004620 0.567191
0.010608 0.215140
0.018759 0.216955
0.010973 0.141134
0.012255 0.264688
0.008681 0.196056
0.011358 0.377257
0.010131 0.337418
0.019501 0.332686
0.020342 0.328596
0.016019 0.359535
0.016196 0.590922
0.017779 0.458204
0.019349 0.524089
0.015150 0.514214
0.018961 0.683581
0.039741 1.030244
0.016278 0.638506
0.030443 0.884304
0.027011 0.581591
0.028803 0.655176
0.025219 0.628288
0.027091 0.919099
0.035723 0.608400
0.029876 0.743521
0.027125 0.753280
0.032659 0.796473
0.032965 0.771198
0.031994 0.713808
0.046220 0.941405
0.050865 0.965842
0.047927 1.206715
0.037827 0.814299
0.049611 0.936392
0.053862 0.805488
0.056949 1.024287
0.038369 0.921122
0.048823 0.895025
0.044716 0.756544
0.048467 0.942290
0.036175 0.603378
0.050016 0.637995
0.055261 0.863928
0.040120 0.777324
0.051521 0.807420
0.042394 0.538957
0.051636 0.715307
0.036415 0.603680
0.047275 0.950861
0.043323 1.131921
0.045964 1.016290
0.053576 1.179867
0.052680 1.314406
0.054429 1.334500
0.057563 1.453794
0.044906 1.120059
0.051446 1.323891
0.059479 1.496485
0.064383 1.462325
0.064351 1.599073
0.052361 1.517262
0.017914 0.424049
0.025320 0.344496
0.022921 0.333896
0.032566 0.605029
0.018292 0.280084
0.032383 0.743346
0.037626 0.814250
0.025589 0.691162
0.039161 0.821689
0.031659 0.729149
0.024356 0.608193
0.034782 0.702115
0.037774 0.851784
0.037481 0.885942
0.033765 0.734315
0.034862 0.812070
0.031090 0.687798
0.030018 0.849981
0.036241 0.859532
0.021841 0.510511
0.033965 0.876926
0.042014 1.019872
0.039801 1.042896
0.042454 1.060958
0.045002 1.158107
0.060973 1.486496
0.054672 1.355102
0.046717 1.194518
0.045107 0.730387
0.029018 0.856472
0.017743 0.664864
0.033608 0.978099
0.028564 0.858823
0.040112 1.077920
0.026573 0.734010
0.033409 0.863396
0.026478 0.793369
0.027422 0.541514
0.036870 1.028781
0.040843 1.138213
0.043223 1.146329
0.037918 1.050199
0.027891 1.311573
0.026369 0.814389
0.026724 0.828374
0.041012 1.150854
0.042073 1.187053
0.042423 1.148344
0.043640 1.114743
0.040922 1.064519
0.022904 0.529001
0.037768 0.881423
0.040173 0.948910
0.035478 0.791292
0.029482 0.662755
0.037071 0.830798
0.028330 0.729362
0.040008 0.898335
0.042027 1.178717
0.044787 1.064345
0.037747 0.919761
0.032338 0.771444
0.038739 0.957310
0.044548 1.077862
0.042340 1.039874
0.046060 1.158190
0.037923 0.948307
0.038875 0.898536
0.031684 0.810804
0.028366 0.798312
0.030296 0.784579
0.027704 0.748671
0.031931 0.721237
0.031706 0.791043
0.028630 0.711005
0.028545 0.579983
0.025518 0.639329
0.027497 0.604858
0.029466 0.673363
0.023719 0.568483
0.021240 0.454974
0.017430 0.357769
0.026895 0.578123
0.021551 0.382637
0.026391 0.377043
0.024423 0.514707
0.019689 0.202049
0.025308 0.390572
0.016676 0.279211
0.019812 0.280436
0.022075 0.558835
0.024025 0.652569
0.016337 0.403875
0.017517 0.553683
0.038540 1.105577
0.034111 0.985142
0.041317 1.136285
0.040129 1.117389
0.050416 1.286370
0.050944 1.334076
0.057858 1.400094
0.057385 1.387036
0.055081 1.375140
0.052811 1.300328
0.055757 1.345062
0.046671 1.071642
0.053767 1.087991
0.059482 1.349823
0.054572 1.113170
0.054143 1.133776
0.042331 0.743186
0.047633 0.910372
0.049570 0.991859
0.047357 0.958312
0.052283 1.163094
0.050483 1.056853
0.047957 1.106053
0.053048 1.269648
0.047506 1.183163
0.043954 1.236071
0.046591 1.300947
0.039445 1.278020
0.031622 1.082698
0.030809 1.102554
0.027356 1.076653
0.023654 0.937008
0.019272 0.828366
0.024888 0.910359
0.021326 0.811319
0.015433 0.579863
0.015980 0.753268
0.017295 0.591269
0.012030 0.419132
0.014555 0.647384
0.012137 0.587427
0.009388 0.562258
0.009925 0.459849
0.012724 0.656155
0.015694 0.489654
0.011201 0.470495
0.017373 0.488900
0.014215 0.467542
0.017259 0.546626
0.018359 0.413020
0.018920 0.389415
0.012777 0.323889
0.010116 0.320922
0.020995 0.499180
0.015053 0.468264
0.032280 0.871773
0.014692 0.617790
0.002487 0.663487
0.009436 0.443874
0.017819 0.804446
0.016047 0.590926
0.027619 0.715710
0.023628 0.630978
0.013696 0.504320
0.025292 1.006740
0.010199 0.342471
0.013134 0.372975
0.022610 0.896647
0.021930 0.495234
0.023510 0.747049
0.021569 0.573917
0.021160 0.679825
0.016565 0.618628
0.024949 0.712256
0.028685 0.723535
0.029293 0.884552
0.028999 0.810876
0.031753 0.837634
0.028557 0.900699
0.026195 0.652346
0.024337 0.688709
0.034587 0.952587
0.045180 0.798533
0.037574 1.109935
0.044686 1.132673
0.057095 1.316791
0.039730 0.964504
0.038399 0.892832
0.032864 0.800328
0.055751 1.264210
0.052720 1.199164
0.045268 1.090199
0.022365 0.657527
0.025022 0.465513
0.053343 1.039498
0.019253 0.411193
0.048652 0.817397
0.037870 0.527354
0.028965 0.383045
0.037061 0.453311
0.027734 0.471684
0.032540 0.905846
0.042227 0.524448
0.032280 0.441853
0.032055 0.639848
0.036186 0.948603
0.032840 0.612510
0.029824 0.527211
0.027033 0.385523
0.033019 0.653658
0.051363 1.693502
0.022060 0.329971
0.039773 1.128484
0.019241 0.579690
0.034639 0.689832
0.034431 0.790413
0.031689 0.428763
0.044454 0.872336
0.036298 0.848293
0.020453 0.561388
0.036032 0.919344
0.027821 1.266596
0.025465 0.849005
0.028687 0.744897
0.032127 0.923695
0.034748 0.887036
0.032507 0.889280
0.038003 0.968504
0.044385 1.200677
0.037072 0.929652
0.033624 0.789704
0.032658 0.827360
0.042189 1.046646
0.033622 0.824494
0.037372 0.886281
0.038481 0.850102
0.034755 0.905313
0.037300 0.955718
0.035911 0.917419
0.037549 1.015139
0.030331 0.954922
0.039415 1.053948
0.035423 0.837791
0.034192 0.886949
0.040827 0.997151
0.043444 1.011244
0.029308 0.969457
0.031375 0.869602
0.035557 0.970379
0.033627 0.972355
0.027229 0.879756
0.046024 1.208768
0.034516 0.777516
0.038086 1.016458
0.041121 1.100546
0.036073 0.963887
0.035489 0.938223
0.037972 1.094171
0.043088 1.290499
0.039892 1.076311
0.036814 1.205070
0.035887 1.051270
0.046022 1.192155
0.043795 1.236259
0.037289 1.032990
0.036930 1.089246
0.042894 1.162620
0.043810 1.132495
0.050429 1.284149
0.037590 1.034445
0.041098 1.097252
0.043508 1.126938
0.044552 1.155582
0.037834 1.038800
0.042115 1.151083
0.035928 1.038752
0.043187 1.209070
0.044912 1.273404
0.039105 1.130108
0.043905 1.334841
0.041690 1.260346
0.044263 1.280320
0.035369 1.038442
0.046564 1.277918
0.046927 1.289034
0.045192 1.246640
0.051641 1.534152
0.052521 1.535239
0.029651 0.915707
0.043225 1.383013
0.052507 1.509430
0.038339 1.171764
0.034604 1.164636
0.031264 1.010519
0.052452 1.543877
0.021659 0.882084
0.047880 1.495461
0.051425 1.497702
0.055939 1.592212
0.029190 1.018394
0.041274 1.264992
0.039965 1.303236
0.055239 1.604792
0.039282 1.275844
0.047889 1.394371
0.042974 1.377750
0.021138 0.831709
0.045227 1.391510
0.030017 1.083377
0.029712 0.941648
0.040950 1.317071
0.034706 1.105702
0.041947 1.338666
0.033726 1.225116
0.032905 1.115828
0.047826 1.646664
0.030494 1.146886
0.024016 0.933754
0.024820 0.949008
0.044716 1.537038
0.024705 0.979382
0.018258 0.658305
0.029659 1.055130
0.012338 0.567171
0.019458 0.770009
0.027139 0.920634
0.034751 1.226707
0.010770 0.732050
0.018295 0.690102
0.020779 0.638953
0.011332 0.495297
0.031356 1.089674
0.013223 0.671661
0.015947 0.746332
0.024734 0.911456
0.010152 0.974950
0.012440 0.777348
0.015592 0.739954
0.013629 0.521206
0.017742 0.805966
0.020094 1.009309
0.012295 0.528136
0.027082 0.977157
0.020386 0.986701
0.018769 0.833619
0.026661 1.104553
0.019745 0.944878
0.010814 0.563226
0.027417 1.005065
0.018680 0.825280
0.024008 0.812412
0.027693 0.956793
0.035660 1.382182
0.030365 0.988992
0.028762 0.959634
0.035142 0.845778
