0.016888 0.511150
0.016995 0.508262
0.016597 0.487159
0.014710 0.510083
0.016274 0.549140
0.017276 0.518484
0.019655 0.571133
0.021007 0.607422
0.014662 0.457871
0.020059 0.645077
0.011877 0.455259
0.017520 0.514951
0.013270 0.490823
0.007476 0.415692
0.010913 0.489068
0.010809 0.310438
0.002803 0.237517
0.006331 0.199688
0.031886 0.827043
0.026682 0.548409
0.026911 0.608091
0.010776 0.488278
0.019630 0.543879
0.017112 0.452213
0.014017 0.483954
0.017635 0.389274
0.016913 0.498077
0.023166 0.474701
0.029090 0.740489
0.021413 0.808777
0.018389 0.788317
0.025479 0.797866
0.016946 0.719936
0.015421 0.761187
0.032047 1.045930
0.023626 0.703636
0.024725 0.803179
0.020265 0.824928
0.020170 0.701864
0.024536 0.705067
0.016667 1.014225
0.015669 0.548822
0.024784 0.673814
0.034399 0.913950
0.030897 0.813502
0.018537 0.465967
0.020569 0.629489
0.029395 0.826293
0.029421 0.860730
0.013953 0.647712
0.013628 0.628365
0.010987 0.393356
0.024376 0.693751
0.024639 0.662542
0.014269 0.557250
0.009623 0.407586
0.005197 0.392287
0.009556 0.469653
0.009636 0.322929
0.009942 0.431304
0.011572 0.503547
0.008887 0.282970
0.007082 0.323407
0.011246 0.449208
0.008052 0.358162
0.010786 0.415856
0.011764 0.153326
0.011874 0.265396
0.007858 0.364430
0.008396 0.264183
0.013752 0.548000
0.013515 0.477192
0.014687 0.626264
0.014654 0.515853
0.012313 0.308739
0.014587 0.580099
0.023677 0.997894
0.021528 0.887742
0.018577 0.891713
0.020951 0.968765
0.023480 1.140653
0.021305 1.080284
0.016007 0.840056
0.005850 0.335807
0.010272 0.651023
0.010785 0.574734
0.005017 0.549162
0.004388 0.545573
0.012204 0.791633
0.006304 0.561736
0.013247 0.748968
0.007684 0.379696
0.009400 0.253684
0.011862 0.485621
0.012396 0.434800
0.013527 0.453554
0.004973 0.365355
0.023417 0.911757
0.019227 0.522682
0.004526 0.252092
0.007409 0.281039
0.025952 0.883302
0.011762 0.311493
0.018308 0.230040
0.007684 0.229138
0.010262 0.351005
0.011731 0.324244
0.008617 0.347461
0.007340 0.165314
0.008160 0.108232
0.024952 0.759064
0.025628 0.667122
0.022513 0.432107
0.013663 0.264782
0.005612 0.275370
0.011113 0.331737
0.012201 0.311211
0.017998 0.547697
0.013654 0.465372
0.016514 0.411773
0.020608 0.407169
0.021264 0.787175
0.021008 0.794943
0.015803 0.253857
0.018578 0.570780
0.018223 0.295310
0.012914 0.432474
0.010169 0.604382
0.011748 0.468266
0.010872 0.454646
0.010203 0.599217
0.012639 0.485624
0.018477 0.344832
0.012775 0.532781
0.016266 0.491067
0.017143 0.314392
0.015606 0.505000
0.019972 0.337525
0.021324 0.598773
0.029369 0.953941
0.027347 0.720555
0.031408 0.692513
0.025198 0.517060
0.023866 0.237621
0.027978 0.612005
0.026866 0.785312
0.021771 0.496586
0.029034 0.882260
0.023418 0.107209
0.028139 0.264054
0.023329 0.194894
0.027417 0.367189
0.037397 0.588577
0.031689 0.428957
0.037559 0.594459
0.030738 0.439387
0.028677 0.279618
0.023084 0.339069
0.026679 0.208058
0.024742 0.209963
0.023585 0.334490
0.022757 0.301909
0.023373 0.173367
0.013480 0.559713
0.014221 0.820121
0.015739 0.951872
0.025569 1.298836
0.014792 1.088707
0.028143 1.341312
0.026174 1.288828
0.018574 1.133394
0.018098 1.053367
0.027154 1.169397
0.021259 0.991527
0.023032 1.030132
0.028935 1.145245
0.020527 0.754143
0.051955 1.627292
0.042411 1.294555
0.042264 1.143917
0.044025 1.209593
0.044391 1.191076
0.037220 0.947972
0.023910 0.742031
0.035101 1.050002
0.016025 0.649386
0.045992 1.280033
0.020811 0.750958
0.024174 0.748245
0.030840 0.962262
0.036522 1.003343
0.029835 0.859121
0.037566 0.963203
0.031665 0.831730
0.039225 0.990440
0.045776 1.100455
0.047480 1.179026
0.058582 1.296297
0.056594 1.388377
0.046523 1.306835
0.065604 1.385309
0.060815 1.087352
0.054910 1.048766
0.058005 1.291569
0.043241 0.951993
0.032856 0.776926
0.029758 1.375265
0.005865 0.382286
0.018050 0.225661
0.010529 0.216425
0.016151 0.327590
0.016411 0.292979
0.022277 0.365374
0.013870 0.150282
0.026761 0.492163
0.026789 0.500159
0.018935 0.358127
0.021476 0.387628
0.024535 0.421331
0.029339 0.566447
0.027785 0.491329
0.030002 0.471311
0.030247 0.566282
0.032340 0.545578
0.027633 0.531230
0.028643 0.570384
0.032952 0.643091
0.024614 0.553483
0.033473 0.582952
0.034148 0.635756
0.028484 0.585522
0.020367 0.604286
0.018328 0.373270
0.012187 0.376412
0.021128 0.325143
0.019361 0.396599
0.017972 0.360475
0.025899 0.431067
0.031948 0.433109
0.014186 0.340404
0.014759 0.285169
0.018848 0.298754
0.023323 0.425865
0.015145 0.223260
0.015413 0.241052
0.022870 0.446347
0.017051 0.290844
0.015622 0.440085
0.026489 0.622852
0.024782 0.490585
0.023246 0.496736
0.021735 0.509436
0.021186 0.441405
0.029007 0.772926
0.026676 0.691965
0.019489 0.406646
0.015929 0.414955
0.020967 0.625262
0.021500 0.617663
0.014211 0.397644
0.012403 0.222312
0.018369 0.544463
0.014144 0.356028
0.009229 0.217910
0.013202 0.298888
0.015445 0.383680
0.012907 0.387952
0.013264 0.400695
0.013391 0.402428
0.015503 0.451380
0.011974 0.397075
0.012886 0.430235
0.020196 0.552328
0.018748 0.613918
0.013663 0.352492
0.016000 0.407939
0.017001 0.402198
0.013444 0.380976
0.012312 0.302143
0.008926 0.257529
0.007204 0.276054
0.012682 0.241696
0.005009 0.263478
0.011620 0.417183
0.011206 0.411929
0.009711 0.294994
0.007274 0.413952
0.013477 0.518293
0.019289 0.629165
0.013874 0.561987
0.022706 0.811281
0.028392 0.867850
0.027499 0.945588
0.030211 1.035364
0.030218 1.128592
0.032178 1.181733
0.039557 1.307554
0.038938 1.306642
0.031504 1.260279
0.028055 1.089424
0.026133 1.137372
0.027354 1.110355
0.026595 1.145058
0.030143 1.175228
0.016175 0.790669
0.021301 0.869027
0.023998 1.084433
0.033977 1.451876
0.035945 1.417592
0.023161 1.032645
0.026200 1.102571
0.032417 1.364153
0.014563 0.681121
0.029362 1.326429
0.023070 1.031144
0.024981 0.704239
0.040623 0.867529
0.032825 0.913427
0.035522 1.049685
0.022644 1.077906
0.030295 1.329264
0.028429 1.227954
0.025825 1.054055
0.023147 1.178494
0.017177 1.025584
0.015413 0.762706
0.032537 1.401757
0.019927 0.731589
0.017847 0.959042
0.027009 1.248899
0.015846 1.016812
0.006120 1.433704
0.005977 0.572408
0.010199 0.889698
0.013987 0.965825
0.005292 0.799727
0.027547 1.143895
0.001424 1.250785
0.008266 0.831860
0.004285 0.755827
0.010039 0.734174
0.011400 0.813258
0.006542 0.658266
0.008729 0.648175
0.015977 0.785993
0.018169 0.659530
0.015236 0.722938
0.024302 0.966486
0.014552 0.780012
0.008141 0.606040
0.006043 0.703177
0.014635 0.798968
0.010840 0.649953
0.013104 0.696799
0.012308 0.663263
0.005252 1.040207
0.016228 0.816641
0.017649 0.599282
0.008467 0.657783
0.001962 0.658706
0.012358 0.537067
0.010817 0.541517
0.010232 0.596861
0.006007 0.545480
0.003087 0.555403
0.005270 0.709848
0.004629 0.681658
0.013361 0.621223
0.018764 0.703764
0.011669 0.703414
0.013343 0.774631
0.007652 0.724242
0.021712 0.733235
0.007245 0.670150
0.009594 0.793390
0.008899 0.777319
0.014081 0.484943
0.008995 0.563829
0.010039 0.765147
0.021232 0.546250
0.010802 0.712618
0.017356 0.786500
0.027718 0.870449
0.027269 0.920782
0.023928 0.913517
0.020336 0.905710
0.034564 1.059321
0.020539 0.814414
0.015332 0.571276
0.020467 0.693362
0.017742 0.639960
0.008071 0.836369
0.008819 0.887523
0.008099 0.644003
0.019268 0.780759
0.012138 0.775194
0.010561 0.792791
0.023398 0.782291
0.017309 0.669055
0.020475 0.852787
0.018938 0.729302
0.024333 0.724961
0.020402 0.615668
0.014464 1.147348
0.018369 0.669312
0.025239 0.792041
0.032101 0.861336
0.022985 0.716964
0.023282 0.788950
0.020645 0.739075
0.019993 0.733830
0.021953 0.764330
0.018779 0.899656
0.011456 0.757070
0.015435 0.710481
0.018892 0.878322
0.018978 1.011283
0.021106 0.960097
0.014395 0.662974
0.015045 0.768268
0.011869 0.625414
0.016081 0.794050
0.021116 0.974260
0.020025 0.976252
0.016455 0.729142
0.010719 0.430427
0.009988 0.625428
0.012472 0.823254
0.012627 0.726031
0.011357 0.543230
0.007194 0.739486
0.014047 0.541728
0.010839 0.673517
0.013497 0.807266
0.015578 0.967298
0.015045 0.910700
0.012491 0.922454
0.014161 0.931839
0.013832 0.966383
0.012341 0.908281
0.011042 0.752682
0.008342 0.687307
0.007475 0.514827
0.003673 0.907106
0.008482 0.788044
0.016747 0.955680
0.011812 0.565375
0.010978 0.686827
0.011895 0.698212
0.008271 0.348961
0.009611 0.354518
0.009520 0.457129
0.011714 0.416375
0.010585 0.442508
0.013064 0.579855
0.011004 0.461465
0.008826 0.367772
0.013501 0.490654
0.015518 0.479231
0.013235 0.420583
0.015043 0.608241
0.014229 0.717775
0.019327 1.027820
0.023151 1.189827
0.010253 0.572924
0.012786 0.556160
0.014122 0.612131
0.019309 0.709440
0.021279 1.037345
0.024108 0.975101
0.019939 1.119978
0.019140 0.948915
0.023334 1.113255
0.021855 1.179829
0.020647 0.910397
0.021019 0.818250
0.019973 0.823343
0.019971 0.715012
0.012447 0.844701
0.022152 1.118827
0.024547 1.031186
0.024826 0.746463
0.028228 1.044399
0.031078 1.090944
0.026004 0.842951
0.021759 0.881762
0.029489 0.926512
0.031166 1.058635
0.033020 1.213964
0.026448 0.874136
0.028226 0.789960
0.024288 0.794344
0.013819 0.694560
0.018161 0.762167
0.031432 1.257441
0.026250 1.076505
0.021991 0.852606
0.023815 0.989534
0.022220 0.896235
0.018025 0.688041
0.012720 0.596063
0.018274 0.768135
0.022435 0.874957
0.028893 1.100588
0.034175 1.292896
0.029513 1.097495
0.017918 0.848112
0.027465 0.826797
0.041275 1.229800
0.033612 1.006148
0.020744 0.972928
0.034833 1.255798
0.029449 0.885187
0.017641 0.550354
0.026750 0.834937
0.023393 0.271529
0.027131 0.941886
0.023878 0.883991
0.019631 0.770512
0.019571 0.766284
0.018976 0.736775
0.024241 0.731755
0.028299 0.898317
0.023717 0.774014
0.024536 0.909024
0.020582 0.744389
0.019864 0.717900
0.018642 0.665680
0.026838 0.878670
0.017505 0.541048
0.017743 0.505972
0.027052 0.724182
0.027508 0.731690
0.033562 0.866836
0.036108 1.094771
0.027517 0.785820
0.028757 0.914114
0.023087 0.846291
0.012260 0.596926
0.005378 0.250516
0.006668 0.207076
0.007150 0.283344
0.009787 0.335311
0.004005 0.111336
0.009607 0.331477
0.010902 0.506048
0.005308 0.325271
0.009472 0.280505
0.017064 0.501233
0.007350 0.250002
0.005447 0.290843
0.010896 0.409441
0.010893 0.425281
0.011676 0.475813
0.013965 0.547729
0.008444 0.422143
0.012638 0.565764
0.015713 0.576985
0.016217 0.513770
0.014382 0.541604
0.014190 0.495063
0.018457 0.726733
0.022360 0.715310
0.026817 0.788605
0.023174 0.606734
0.021226 0.865246
0.026429 0.895917
0.056506 1.338160
0.043402 0.865999
0.039216 0.938404
0.037616 1.085951
0.070341 1.698899
0.045544 1.103419
0.041592 1.121035
0.026715 0.970725
0.011188 0.827195
0.024172 1.000567
0.028795 0.982622
0.032591 1.099558
0.024688 0.927758
0.026374 1.081510
0.026123 1.089766
0.026326 0.998768
0.026947 0.874964
0.024294 0.922800
0.043460 1.176214
0.026290 0.848858
0.026589 0.903022
0.032528 0.885670
0.045537 1.031028
0.040333 1.018797
0.053007 1.282422
0.035170 0.872258
0.017106 0.601201
0.031018 0.814992
0.033729 0.876955
0.029821 0.755787
0.028882 0.733957
0.019014 0.619006
0.022323 0.708557
0.014495 0.639653
0.017956 0.734248
0.023576 0.634142
0.034830 0.913269
0.034685 0.785057
0.030941 0.686723
0.037476 0.948333
0.033510 0.843593
0.045155 0.967893
0.045086 1.010384
0.040267 0.909856
0.039295 0.736145
0.032030 0.709193
0.027982 0.626768
0.036257 0.890954
0.039762 0.968051
0.037789 0.996866
0.028220 0.824627
0.026996 0.748379
0.031711 0.847733
0.035419 0.804409
0.036350 0.897182
0.028158 0.758206
0.023918 0.557558
0.025899 0.633442
0.026873 0.622756
0.029405 0.580287
0.023506 0.526036
0.029296 0.616164
0.025722 0.507238
0.025311 0.374469
0.027481 0.327845
0.027970 0.353841
0.035077 0.476020
0.041669 0.714871
0.038994 0.734978
0.042136 0.875577
0.030550 0.624344
0.032567 0.678513
0.029675 0.620835
0.039029 0.884225
0.025602 0.496339
0.014973 0.321526
0.010966 0.183683
0.018471 0.430742
0.013123 0.166830
0.014600 0.121488
0.008447 0.199694
0.011335 0.117225
0.012556 0.189821
0.018066 0.421671
0.021645 0.440154
0.018948 0.317114
0.018844 0.216916
0.009031 0.216681
0.026182 0.597165
0.009177 0.319732
0.008739 0.326385
0.008368 0.419613
0.029678 0.832259
0.052446 1.335110
0.030661 0.795641
0.029484 0.908127
0.049866 1.317150
0.015145 0.626965
0.023805 0.852098
0.035478 1.075315
0.030736 0.870899
0.028565 0.894771
0.042845 1.390788
0.018885 1.769492
0.020574 0.847041
0.019037 0.893138
0.029448 1.094728
0.029472 1.236482
0.032189 0.986282
0.031080 0.846357
0.046111 1.150929
0.024376 0.548655
0.026410 0.715025
0.029227 0.686768
0.029706 0.788539
0.032477 0.827426
0.039345 1.072471
0.048651 1.377557
0.048627 1.285413
0.036093 0.965926
0.023415 0.691881
0.038525 1.200772
0.024141 0.739100
0.022473 0.673788
0.018331 0.476220
0.016847 0.491162
0.024346 0.492786
0.044520 0.578900
0.024643 0.309189
0.022133 0.386430
0.037568 1.171675
0.024730 0.338120
0.016981 0.350964
0.022565 0.271650
0.026131 0.414186
0.042239 0.448987
0.019899 0.023453
0.024060 0.307689
0.037015 0.795141
0.028752 0.447841
0.020721 0.580412
0.030503 1.517406
0.036229 0.357116
0.020315 0.509707
0.040266 0.645115
0.052968 0.938368
0.073606 1.168244
0.062478 1.654437
0.034336 0.579685
0.062339 1.130680
0.042052 0.654865
0.040603 0.798779
0.025328 0.811431
0.043120 0.909626
0.060334 1.178218
0.053093 1.142570
0.042381 0.580168
0.048437 0.929032
0.077179 1.345772
0.076615 1.388162
0.022742 0.745984
0.061517 0.846236
0.046431 0.660596
0.072637 0.918985
0.079213 1.045022
0.087371 1.077584
0.073060 0.678848
0.061682 0.511853
0.070783 0.495120
0.062596 1.322570
0.075633 0.384745
0.072193 0.290391
0.034042 0.578683
0.034311 0.635447
0.045405 0.425231
0.030070 0.761114
0.035834 0.586491
0.041344 0.419841
0.033929 0.345937
0.030614 0.529883
0.039865 0.254227
0.040909 0.214801
0.058890 0.711327
0.062407 0.556449
0.038922 0.732451
0.035391 0.688541
0.046907 0.756709
0.028593 0.692347
0.027014 0.434673
0.045129 0.949713
0.027934 0.776517
0.040495 0.729315
0.028871 0.771685
0.041873 0.841715
0.047911 0.811723
0.038048 0.922153
0.046758 0.896361
0.040980 0.593241
0.033324 0.593823
0.010566 0.562319
0.038724 0.914607
0.037823 0.865676
0.020703 0.811138
0.020340 0.450257
0.022268 0.512800
0.037232 0.681463
0.041148 0.925057
0.024846 0.586673
0.039232 1.079528
0.019203 0.572524
0.026885 1.060848
0.028873 1.268885
0.020648 1.162693
0.021285 0.941624
0.010905 0.808733
0.017643 1.011036
0.010407 1.080876
0.026554 1.191738
0.024980 1.157647
0.012517 1.144416
0.016242 1.185284
0.017203 1.000633
0.017607 0.996722
0.025513 0.960882
0.024199 0.902526
0.018139 0.773296
0.018558 0.899604
0.020929 1.042407
0.025847 1.197393
0.016587 0.511179
0.014468 0.556552
0.022909 0.922421
0.019747 0.676899
0.022051 0.815801
0.019068 0.708227
0.016394 0.663616
0.013769 0.795471
0.013649 0.589505
0.015572 0.632425
0.014883 0.508938
0.008893 0.364536
0.024695 0.848239
0.009985 0.400245
0.009388 0.593294
0.004589 0.340543
0.010050 0.228246
0.015520 0.112514
0.016578 0.730137
0.024900 1.076716
0.013664 0.419769
0.022994 0.812477
0.036715 1.015969
0.016677 0.321564
0.035035 0.823205
0.053883 1.407718
0.028833 0.899291
0.039110 0.868851
0.036183 0.739167
0.045407 1.043172
0.076067 1.991670
0.058894 1.471402
0.050110 1.198791
0.112127 3.099346
0.082972 2.205555
0.083573 2.035554
0.080327 1.956107
0.065431 1.386522
0.078216 1.876963
0.082836 2.052511
0.095376 2.648954
0.049789 1.255268
0.049629 1.107434
0.045789 1.027344
0.049648 1.335975
0.047900 1.255464
0.053371 1.449937
0.050009 1.279232
0.049296 1.043647
0.047553 1.210815
0.061838 1.515390
0.037834 0.970200
0.034880 1.025071
0.046443 1.385873
0.059692 1.720801
0.041837 1.030888
0.034208 0.918734
0.041749 1.088745
0.035746 1.018960
0.060832 1.718983
0.054844 1.596477
0.049630 1.478236
0.040700 1.217747
0.055142 1.657916
0.047077 1.424830
0.037419 1.148626
0.044520 1.355117
0.054025 1.572339
0.038374 1.208816
0.027350 1.029305
0.044554 1.367147
0.037742 1.200284
0.036619 1.160374
0.040693 1.259423
0.031612 1.058286
0.044628 1.354667
0.031771 0.976229
0.038194 1.142673
0.028910 0.919632
0.029036 0.909982
0.039329 1.174600
0.039251 1.165917
0.038433 1.195678
0.027091 0.967195
0.037411 1.245632
0.037832 1.174170
0.032962 1.096180
0.028398 1.030741
0.029213 1.055791
0.024865 0.952605
0.024189 1.020660
0.028269 1.047066
0.020391 0.822401
0.018207 0.807298
0.031628 0.988152
0.028298 0.855190
0.039594 1.056349
0.040579 1.036038
0.050600 1.367334
0.036086 0.992145
0.052365 1.383102
0.069714 1.791739
0.074853 1.907630
0.065019 1.791491
0.064459 1.677558
0.038666 1.005491
0.048076 1.296324
0.027861 0.698742
0.031632 0.831354
0.032327 0.803265
0.037971 1.055443
0.033951 1.231197
0.032768 0.926681
0.028565 0.839686
0.038176 1.134592
0.030283 0.766308
0.034291 1.033358
0.034764 1.030273
0.041664 1.171173
0.028669 0.738237
0.027279 0.723546
0.021649 0.579507
0.033557 0.929861
0.020182 0.226022
0.022883 0.357927
0.020842 0.259047
0.018857 0.299220
0.017219 0.278495
0.028835 0.558633
0.025972 0.506043
0.022567 0.501273
0.005152 0.237428
0.024740 0.688048
0.016760 0.485146
0.032717 0.746610
0.037201 0.941811
0.024874 0.559660
0.029707 0.677209
0.027737 0.628960
0.021593 0.427963
0.021556 0.455076
0.033151 1.578996
0.023328 0.451118
0.022166 0.411948
0.023547 0.332637
0.021960 0.287766
0.018149 0.219902
0.012434 0.619686
0.028420 0.499183
0.023877 0.423405
0.026264 0.521873
0.020918 0.326236
0.010877 0.231903
0.034261 0.714288
0.030417 0.527716
0.025273 0.397483
0.017104 0.248578
0.014992 0.255826
0.015427 0.676177
0.019082 0.229317
0.008861 0.079950
0.009078 0.134034
0.021281 0.252579
0.017269 0.076547
0.014959 0.155780
0.013368 0.336500
0.008865 0.194307
0.006099 0.226741
0.011175 0.250550
0.017467 0.083361
0.013607 0.302993
0.007640 0.336792
0.008051 0.360749
0.006466 0.404534
0.004297 0.526323
0.002856 0.530692
0.008870 0.271700
0.010626 0.154521
0.009011 0.221362
0.006120 0.325536
0.014450 0.160983
0.007132 0.239459
0.013668 0.117656
0.008649 0.214235
0.030435 0.475333
0.025345 0.377976
0.023369 0.411186
0.026039 0.476088
0.028514 0.496136
0.025418 0.460839
0.013654 0.256548
0.026740 0.483606
0.039812 0.765976
0.031666 0.659772
0.039672 0.780702
0.035759 0.724899
0.030702 0.588671
0.028587 0.751986
0.028944 0.698722
0.024151 0.534521
0.032183 0.763430
0.022073 0.552984
0.023769 0.530348
0.022460 0.432723
0.014649 0.248401
0.013572 0.121056
0.012822 0.425825
0.014384 0.258907
0.016262 0.104109
0.018028 0.130641
0.014300 0.444576
0.017504 0.545455
0.015958 0.409563
0.011239 0.467519
0.018001 0.465238
0.014361 0.449557
0.022254 0.675168
0.015532 0.456708
0.017880 0.420075
0.019372 0.306328
0.027134 0.430888
0.021790 0.535134
0.030756 0.651021
0.026273 0.665820
0.022183 0.853318
0.020030 0.707960
0.024362 0.605295
0.027905 0.740714
0.022545 0.718372
0.019781 0.569000
0.015581 0.605482
0.018750 0.692885
0.017386 0.536766
0.014887 0.575394
0.008709 0.806156
0.008748 0.864840
0.008521 1.027485
0.005515 0.891876
0.009623 1.036879
0.017454 0.761161
0.009245 0.839508
0.010032 0.761896
0.021026 0.693202
0.028934 1.269990
0.030285 1.150136
0.037009 1.285143
0.008115 0.510222
0.018330 0.820017
0.015929 0.676722
0.013201 0.679030
0.012386 0.528776
0.014340 0.770107
0.010201 0.651546
0.010400 0.594336
0.016280 0.771956
0.014808 0.898825
0.007403 0.568516
0.007247 0.530997
0.010750 0.605915
0.011176 0.599951
0.016018 0.755516
0.017636 0.829379
0.014536 0.301714
0.015502 0.308245
0.014564 0.515261
0.011971 0.343502
0.019479 0.321181
0.014451 0.128914
0.010766 0.370752
0.013627 0.343123
0.012251 0.527111
0.021290 0.506050
0.010070 0.282850
0.012385 0.189217
0.020408 0.713180
0.012040 0.454196
0.014296 0.169922
0.017805 0.525666
0.013560 0.522110
0.012707 0.417718
0.010068 0.440391
0.011288 0.543125
0.023220 1.010774
0.017719 0.614495
0.016046 0.916487
0.012774 0.820685
0.022069 0.491568
0.016328 0.444691
0.005836 0.583259
0.011443 0.387061
0.009561 0.605368
0.012187 0.535787
0.015729 0.685497
0.024017 0.850494
0.022635 0.823419
0.021998 0.955037
0.028441 1.120722
0.025768 1.035938
0.023063 1.111674
0.038848 1.503006
0.041125 1.381122
0.029123 1.201402
0.032481 1.274384
0.026496 1.046692
0.025036 0.867091
0.045615 1.594402
0.028090 1.233486
0.009034 0.799186
0.003113 0.774213
0.006096 0.868960
0.009324 1.004347
0.003089 0.720198
0.010300 0.969161
0.011047 0.875903
0.020154 0.889464
0.020055 0.799619
0.021230 0.957167
0.020891 0.979757
0.023523 1.015655
0.014820 0.925403
0.023172 1.071189
0.026004 1.074892
0.023516 1.202514
0.026384 1.249987
0.025892 1.074185
0.028342 1.053582
0.028481 1.189146
0.025272 1.111907
0.030544 1.280425
0.040324 1.434478
0.030924 1.281609
0.030374 1.279954
0.031561 1.217311
0.041585 1.401585
0.031923 1.203314
0.034752 1.262960
0.030882 1.086421
0.033797 1.187469
0.035668 1.236721
0.040596 1.395839
0.033937 1.173818
0.030423 1.126415
0.025371 0.938429
0.022756 0.882277
0.016813 0.649997
0.018799 0.790226
0.015765 0.667032
0.032073 0.905431
0.023975 0.781920
0.024535 0.813622
0.029589 0.896974
0.026580 0.715177
0.023822 0.589716
0.029381 0.721283
0.027991 0.662019
0.028534 0.664613
0.021322 0.560200
0.023258 0.560580
0.017869 0.355169
0.030699 0.782272
0.034689 0.815917
0.020497 0.167890
0.039576 1.020627
0.021797 0.339401
0.010894 0.138824
0.032107 0.711927
0.031714 0.632621
0.030567 0.500217
0.029549 0.542713
0.026536 0.458086
0.031077 0.630963
0.030415 0.483795
0.032986 0.544229
0.030172 0.431208
0.031151 0.441161
0.011351 0.365586
0.018199 0.124631
0.008858 0.372928
0.013552 0.232381
0.018838 0.173318
0.014571 0.609455
0.007861 0.266082
0.021945 1.004569
0.015930 0.761174
0.013064 0.084902
0.024920 1.051122
0.022375 0.909119
0.020825 0.814770
0.017071 0.695886
0.018486 0.748627
0.015026 0.411289
0.013816 0.460013
0.021895 0.853631
0.020902 0.845279
0.019599 0.965312
0.026806 0.846236
0.021045 0.822940
0.015677 0.883375
0.012932 0.640929
0.012862 0.760390
0.020266 1.192975
0.009261 0.568978
0.014253 0.880802
0.023310 1.197080
0.016397 0.705063
0.010526 0.732093
0.011026 0.776578
0.013015 0.708952
0.017202 0.893852
0.018858 0.647155
0.014193 0.947682
0.013308 0.503225
0.025037 0.785841
0.024818 1.340428
0.011695 0.490096
0.028421 1.280306
0.024972 1.176756
0.016986 0.532581
0.012310 0.764183
0.010743 0.338572
0.040590 1.885312
0.013336 0.395365
0.019198 0.993982
0.030729 1.621442
0.022436 1.005492
0.005047 0.563075
0.029391 1.503325
0.007073 0.603385
0.016141 1.061926
0.014314 1.005988
0.017598 1.165831
0.019509 0.829784
0.003906 0.520761
0.032039 1.607279
0.012722 0.355602
0.020204 1.054069
0.025709 1.201695
0.006752 0.312934
0.038817 1.803538
0.029540 2.018614
0.023849 1.446910
0.017825 0.286210
0.030529 1.128221
0.018905 1.203148
0.013752 0.382427
0.034298 1.456794
0.028069 0.849839
0.027153 0.386838
0.033540 1.114408
0.014479 0.386862
0.019080 0.857104
0.007769 0.665489
0.030415 0.815292
0.028613 1.354145
0.022224 0.637847
0.027933 0.859495
0.028352 0.615879
0.027947 0.952947
0.025484 0.924844
0.035011 0.971465
0.027822 0.874978
0.027997 0.981004
0.027286 0.644579
0.048657 1.771476
0.020928 0.703265
0.019706 0.718965
0.034253 1.127329
0.021950 0.883202
0.031094 1.270199
0.043562 1.123618
0.025062 0.552497
0.024414 0.726098
0.028918 0.704581
0.042736 1.284459
0.052781 1.546738
0.040356 1.131794
0.025893 0.889419
0.028974 0.712318
0.062683 1.656347
0.030532 0.394581
0.035713 1.262157
0.033617 1.116476
0.053703 1.931100
0.040633 1.497579
0.049681 1.866097
0.044589 1.667795
0.032803 1.366513
0.039598 1.538002
0.041388 1.633510
0.038958 1.376383
0.046552 1.466008
0.037648 1.235595
0.037509 1.073658
0.040762 1.049998
0.045389 1.150067
0.040439 1.059217
0.040765 0.951052
0.033431 0.661682
0.034144 0.584269
0.033838 0.397695
0.023607 0.519167
0.026210 0.348439
0.022012 0.356737
0.023556 0.209436
0.025964 0.173415
0.024320 0.369260
0.026699 0.290767
0.024820 0.073801
0.040554 1.006146
0.024422 0.093264
0.022478 0.106695
0.021968 0.258903
0.032530 0.346023
0.027488 0.396516
0.021586 0.435467
0.021291 0.454569
0.027239 0.281422
0.026338 0.356967
0.021963 0.527637
0.020103 0.577539
0.019503 0.536538
0.025290 0.483397
0.031135 0.541175
0.029576 0.454745
0.036166 0.636308
0.036006 0.630045
0.032163 0.580037
0.028691 0.564730
0.021940 0.385138
0.022027 0.409532
0.025511 0.483675
0.028885 0.546158
0.018445 0.447136
0.017701 0.400112
0.015730 0.198549
0.018362 0.351471
0.018440 0.319044
0.017511 0.284933
0.018737 0.364347
0.014488 0.235570
0.014871 0.221317
0.015371 0.491729
0.019571 0.657515
0.016958 1.246851
0.013814 0.404793
0.015832 0.307018
0.015526 0.275238
0.020995 0.476246
0.018163 0.594865
0.016917 0.572457
0.021991 0.739397
0.018956 0.747210
0.015060 1.563371
0.013145 0.602555
0.005804 0.370575
0.011248 0.659087
0.013181 0.665056
0.001557 0.613419
0.019638 1.345002
0.006340 0.490247
0.011869 0.553093
0.008064 0.409717
0.008164 0.467486
0.004318 0.321299
0.005484 0.391165
0.006314 0.424320
0.002609 0.290502
0.005763 0.416544
0.007586 0.488185
0.011097 0.523255
0.007088 0.159277
0.016940 0.585306
0.010284 0.323720
0.011286 0.321178
0.011583 0.327655
0.008789 0.983795
0.019705 0.641641
0.022013 0.626669
0.018851 0.568349
0.015113 0.489611
0.018534 0.640876
0.022506 0.842822
0.029489 1.099807
0.029160 0.975496
0.028639 1.854587
0.033563 1.051524
0.028252 0.922871
0.027126 0.759103
0.025887 0.732194
0.018538 0.454717
0.017513 0.452636
0.026933 0.783969
0.015616 0.398790
0.025237 0.748825
0.024862 0.760668
0.025500 0.746981
0.027093 0.734306
0.024714 0.673702
0.011860 0.213754
0.018239 0.777953
0.021267 0.488182
0.015506 0.263576
0.012037 0.206252
0.013258 0.349916
0.020477 0.576196
0.013299 0.226336
0.011547 0.198761
0.021284 0.537040
0.014463 0.367117
0.011501 0.725018
0.019183 0.423765
0.017596 0.511822
0.024933 0.768188
0.023113 0.699621
0.028041 0.859567
0.025467 0.773200
0.033810 1.082576
0.029142 0.822687
0.028874 0.834923
0.036297 1.023901
0.025688 0.670998
0.040118 1.175519
0.027599 0.718749
0.029578 0.783265
0.033255 0.880623
0.028944 0.746725
0.031689 0.871881
0.026598 0.569102
0.035582 0.935728
0.029800 0.711198
0.022798 1.080211
0.028115 0.725163
0.033457 0.897193
0.031255 0.821297
0.029057 0.649778
0.024601 0.587574
0.022753 0.512953
0.020885 0.503679
0.023111 0.602379
0.035313 1.041097
0.035550 1.084238
0.032100 0.984484
0.037044 1.294972
0.036203 1.254079
0.039696 1.337043
0.036611 1.307892
0.043267 1.570768
0.031384 1.021902
0.037827 1.274764
0.034178 1.128731
0.025994 0.943266
0.040652 1.576528
0.032262 1.105012
0.039458 1.233797
0.037209 1.212337
0.039688 1.365571
0.036488 1.273165
0.041323 1.510620
0.031040 1.176113
0.032399 1.258048
0.031445 1.060020
0.024162 0.869969
0.033901 1.178697
0.032103 1.231762
0.042940 1.847159
0.032900 1.394741
0.027130 1.175892
0.040779 1.451542
0.033243 1.707362
0.053367 2.090110
0.043000 1.930117
0.038705 1.376255
0.034908 1.323772
0.032935 1.272336
0.030494 1.112297
0.036430 1.053879
0.037526 1.149778
0.037065 1.125261
0.032387 1.150031
0.041207 1.407416
0.045853 1.629071
0.041286 1.417080
0.056001 1.735758
0.037035 1.015550
0.039966 0.980112
0.032332 0.839122
0.032388 0.829638
0.029360 0.924693
0.031198 1.057986
0.041399 1.499184
0.023376 0.907197
0.040932 1.698198
0.029198 1.196562
0.034572 1.297376
0.036239 1.355073
0.017777 0.179380
0.019369 0.510868
0.021041 0.831849
0.019363 0.488758
0.020824 0.657097
0.015112 0.416010
0.014977 0.476841
0.026670 1.003213
0.020398 1.129921
0.033773 1.242234
0.036007 0.836717
0.027130 1.269561
0.015254 0.787077
0.051694 1.646797
0.029649 1.380254
0.041712 1.367926
0.021091 0.734920
0.067196 2.386689
0.075718 2.747890
0.076815 3.241385
0.067477 2.630449
0.052763 2.113509
0.052585 2.130003
0.061052 2.198821
0.039739 1.473565
0.039524 1.538153
0.066689 2.916215
0.060830 2.293729
0.025901 1.181093
0.051432 1.923476
0.028921 0.552390
0.033715 1.332066
0.028101 0.973612
0.015769 1.179650
0.044545 2.321670
0.044162 2.162872
0.051081 2.393190
0.036747 1.859858
0.049884 2.363097
0.048276 2.338362
0.050748 2.552474
0.060437 3.064311
0.059629 3.270841
0.058110 2.915611
0.049834 3.092347
0.066033 3.599119
0.056130 3.367905
0.077758 3.873794
0.064276 3.427937
0.067894 2.423118
0.043247 1.186079
0.037037 0.961007
0.039223 1.183802
0.049492 1.184157
0.048809 1.019120
0.051205 1.243342
0.053522 1.741674
0.077279 2.262803
0.070776 1.631361
0.077151 1.958806
0.059034 1.295232
0.053017 1.070698
0.057557 1.269646
0.062034 1.497331
0.043135 1.166359
0.038527 0.930256
0.043761 1.557119
0.041970 1.383893
0.031925 1.450327
0.051208 1.882503
0.054790 1.516965
0.059732 2.006906
0.036802 0.988806
0.060100 1.629845
0.048539 1.516376
0.043942 1.468683
0.048685 1.158420
0.050213 1.988019
0.039619 1.129761
0.053045 1.445527
0.036766 0.762982
0.043379 1.880981
0.041054 0.885597
0.051441 1.502679
0.017907 0.551841
0.045895 1.142637
0.051107 1.156417
0.032825 0.797763
0.038319 0.875773
0.022173 0.563276
0.016416 0.535283
0.041636 0.896147
0.065121 1.382083
0.043372 1.141934
0.046383 1.188081
0.021890 0.678220
0.020943 0.781531
0.046184 1.784841
0.006896 0.482832
0.033605 1.186471
0.025301 1.015371
0.030014 0.842294
0.018778 1.076245
0.031522 0.779534
0.022305 1.265537
0.027611 1.308915
0.008874 1.075827
0.022498 0.946247
0.026584 0.967200
0.034357 1.384683
0.036630 1.552518
0.030986 1.256485
0.051263 1.615183
0.038484 1.619660
0.062449 1.545511
0.051812 1.614178
0.053154 1.554990
0.072296 1.746641
0.051045 1.263124
0.055177 1.233651
0.065527 1.406834
0.054344 1.356611
0.069871 1.516398
0.071230 1.627677
0.074062 1.602999
0.080998 1.618129
0.085789 1.784383
0.082857 1.652635
0.082549 1.777174
0.082493 1.792509
0.085231 1.647808
0.109522 2.197864
0.086871 1.846288
0.071969 1.570176
0.060797 1.389481
0.078046 1.610812
0.083871 1.769349
0.088981 1.934899
0.091663 2.014038
0.088077 1.942468
0.068434 1.600489
0.072885 1.724365
0.098170 2.140511
0.078771 1.839631
0.080052 1.774072
0.071829 1.571790
0.069764 1.667348
0.066322 1.626208
0.088797 1.972032
0.073109 1.634933
0.072288 1.593277
0.080997 1.766644
0.075965 1.878710
0.067282 1.816882
0.058128 1.674933
0.084746 1.910552
0.070645 1.748450
0.100721 1.868249
0.092106 1.924142
0.079063 2.124995
0.092896 1.873812
0.101317 1.819013
0.050624 1.532194
0.110252 2.022771
0.096238 1.857552
0.072360 1.698191
0.080752 1.606627
0.080187 1.610508
0.084144 1.718770
0.084823 1.921477
0.090680 2.026776
0.079458 1.677302
0.088701 1.695002
0.071115 1.567661
0.074767 1.591840
0.069493 1.456524
0.065474 1.250329
0.068469 1.405094
0.075226 1.678480
0.075425 1.681273
0.060221 1.557662
0.084217 1.912378
0.072056 1.624463
0.059496 1.247921
0.049156 1.288791
0.073139 1.773087
0.066917 1.632927
0.037864 1.229298
0.075281 2.060169
0.038678 1.383980
0.060017 1.412198
0.046305 1.558162
0.051648 1.605191
0.056951 0.930686
0.037538 0.766609
0.026373 0.577301
0.078363 1.881739
0.042182 0.993792
0.035459 0.420390
0.027490 0.355673
0.017536 0.488700
0.020255 0.383614
0.024623 0.629823
0.028293 0.337447
0.033591 0.521804
0.022982 0.417745
0.016154 0.306490
0.019141 0.375870
0.014964 0.532894
0.043547 0.840120
0.052393 0.934645
0.034640 0.861646
0.037736 1.063600
0.034693 0.816620
0.053002 1.085109
0.048515 0.962577
0.064559 1.316965
0.051971 1.076347
0.045699 1.163732
0.070966 1.637065
0.055635 1.163116
0.064193 1.353529
0.050134 1.074472
0.047510 1.137114
0.058467 1.242090
0.050048 0.918977
0.035464 0.562184
0.030058 0.743807
0.047687 1.015706
0.052599 0.972741
0.048819 0.912007
0.030414 0.683691
0.032027 0.489236
0.034377 0.457752
0.027474 0.404845
0.031638 0.386249
0.034018 0.398687
0.030671 0.318263
0.032069 0.291469
0.044394 0.569679
0.037513 0.393257
0.031424 0.446774
0.035964 0.313135
0.039274 0.418330
0.032348 0.577354
0.036282 0.550704
0.039957 0.737244
0.037887 0.760792
0.027179 0.564554
0.029064 0.515382
0.032918 0.517917
0.031297 0.659950
0.028359 0.484383
0.033504 0.551472
0.037290 0.664737
0.035449 0.550092
0.028182 0.480000
0.030581 0.602151
0.024617 0.511603
0.023535 0.497618
0.032766 0.590106
0.031382 0.551894
0.025026 0.616007
0.019035 0.552283
0.025370 0.608546
0.027897 0.585529
0.018384 0.492160
0.020783 0.442808
0.023850 0.530386
0.030906 0.658377
0.019377 0.466479
0.031118 0.688831
0.031054 0.689234
0.018693 0.442252
0.019022 0.526805
0.021600 0.549106
0.029714 0.715198
0.019992 0.509641
0.017752 0.499753
0.020081 0.518365
0.019901 0.556000
0.016569 0.505246
0.023013 0.649677
0.017638 0.589960
0.023308 0.785389
0.020436 0.722776
0.029742 0.960258
0.027608 0.883064
0.024173 0.766561
0.023546 0.842731
0.029314 0.988335
0.024707 0.796052
0.028121 0.916333
0.030420 0.907928
0.032476 0.869174
0.030584 0.739989
0.030900 0.712910
0.027077 0.659747
0.025188 0.632932
0.014280 0.340465
0.025245 0.685954
0.025099 0.698992
0.025349 0.658089
0.022423 0.576532
0.029386 0.794803
0.022792 0.440370
0.030173 0.741563
0.032883 0.759490
0.030258 0.661015
0.032774 0.649035
0.033589 0.530616
0.035161 0.916814
0.027430 0.644409
0.029293 0.656963
0.021841 0.586663
0.022821 0.737697
0.021760 0.673303
0.025573 0.778877
0.012527 0.421201
0.031631 0.841422
0.019238 0.514812
0.034127 1.039177
0.022801 0.423524
0.017799 0.506718
0.015436 0.587350
0.015993 0.561250
0.019570 0.922095
0.013333 0.568709
0.013515 0.600691
0.013691 0.721582
0.015173 0.839089
0.027533 0.955324
0.028501 0.981948
0.013164 0.722765
0.031022 1.145512
0.006741 0.657192
0.010968 0.689461
0.013912 0.519212
0.018264 0.681888
0.013270 0.545996
0.022561 0.664820
0.021515 0.637139
0.012935 0.656090
0.014015 0.619117
0.014492 0.637453
0.019899 0.548858
0.022495 0.795260
0.017968 0.435084
0.019087 0.440690
0.024030 0.410981
0.019779 0.523198
0.022563 0.647503
0.023612 0.609560
0.014967 0.351605
0.020858 0.531431
0.017787 0.578048
0.016580 0.392172
0.016495 0.442585
0.021585 0.688624
0.017198 0.510110
0.022755 0.584461
0.024629 0.600819
0.030629 0.944154
0.027254 0.482247
0.026359 0.473336
0.022785 0.514534
0.015906 0.403332
0.015125 0.376956
0.015092 0.412088
0.016659 0.678758
0.020674 0.577061
0.022132 1.284281
0.017128 0.700101
0.018794 0.534965
0.018871 0.652756
0.019927 0.651943
0.021376 0.760574
0.019457 0.776116
0.014244 0.584536
0.015025 0.682240
0.015469 0.627130
0.019475 0.625379
0.011933 0.678999
0.011759 0.883221
0.011842 0.814573
0.017511 1.040980
0.018950 0.939752
0.014350 0.996508
0.017130 0.566632
0.021856 1.191028
0.020086 0.983381
0.014994 0.882448
0.021771 1.117546
0.027038 1.361997
0.028534 1.406290
0.021412 1.087046
0.012100 0.674146
0.016435 0.858690
0.019248 0.936814
0.027520 1.059915
0.012494 0.528378
0.014750 0.758835
0.016772 0.940717
0.013577 0.706470
0.009758 0.568997
0.007243 0.537237
0.015963 0.893567
0.009950 0.545482
0.021096 1.004426
0.012006 0.809559
0.019408 0.988528
0.018382 0.966396
0.020222 0.993189
0.014849 0.780257
0.011607 0.678720
0.010916 0.601458
0.012172 0.687775
0.012425 0.647704
0.016587 0.573503
0.012634 0.578682
0.017155 0.652187
0.012140 0.472083
0.017277 0.548351
0.012829 0.491763
0.021318 0.734265
0.018812 0.620795
0.021664 0.724580
0.015432 0.625633
0.011461 0.587216
0.018861 0.672469
0.019042 0.576874
0.011097 0.483374
0.014789 0.613922
0.015669 0.632504
0.017360 0.493649
0.014921 0.617290
0.017592 0.626915
0.023104 0.880124
0.024183 0.948516
0.024270 0.936465
0.021436 0.821363
0.019762 0.780474
0.022011 0.886775
0.022128 0.882442
0.017349 0.681909
0.025756 0.943467
0.027787 1.047609
0.024442 0.889003
0.032692 1.256591
0.029338 1.132217
0.026667 1.105568
0.022903 0.834070
0.030606 1.007165
0.020024 0.770020
0.021487 0.894925
0.025788 0.867790
0.020196 0.814170
0.022431 0.826637
0.018601 0.567695
0.021498 0.648251
0.020008 0.766276
0.017775 0.671516
0.017856 0.730144
0.016171 0.744623
0.018475 0.849220
0.018849 0.596284
0.014730 0.425264
0.013061 0.664931
0.019187 0.786324
0.009880 0.438244
0.012457 0.317330
0.008076 0.469665
0.007861 0.438464
0.012252 0.293283
0.012686 0.336754
0.015304 0.267347
0.018686 0.582271
0.014028 0.434570
0.017096 0.536497
0.029373 1.172135
0.015910 0.457886
0.016882 0.532808
0.015559 0.447285
0.014880 0.462340
0.035254 1.423954
0.019402 0.546130
0.018995 0.551431
0.020169 0.569761
0.020954 0.534601
0.021081 0.565364
0.020706 0.635344
0.020077 0.643767
0.020295 0.469123
0.021229 0.473007
0.019814 0.528480
0.020346 0.575761
0.019740 0.547565
0.019104 0.563901
0.018386 0.506975
0.019407 0.603257
0.020429 0.662862
0.015295 0.498662
0.018407 0.566026
0.024422 0.722698
0.024150 0.620316
0.024139 0.627316
0.026297 0.690077
0.022145 0.577490
0.016441 0.488051
0.026701 0.878240
0.029152 0.879885
0.027630 0.902444
0.028748 0.908766
0.030591 0.975766
0.023797 0.861579
0.021484 0.653876
0.032813 0.809861
0.027728 0.891689
0.030738 1.014575
0.028993 1.132299
0.036045 1.287534
0.055309 1.196809
0.050730 0.950774
0.042839 1.081031
0.057296 1.180779
0.036278 0.872654
0.056031 1.141648
0.033303 1.076974
0.043931 1.028817
0.031667 0.776777
0.041454 1.157700
0.030173 0.944522
0.033342 1.000699
0.018504 0.729176
0.031093 0.852753
0.034831 0.919732
0.034415 0.915165
0.026028 0.768521
0.026307 0.786846
0.031181 0.861117
0.035449 0.976270
0.026280 0.763690
0.040085 1.002240
0.029195 0.804528
0.042497 1.055657
0.035435 0.828574
0.042884 1.018006
0.030421 0.817067
0.022470 0.604385
0.039152 0.982279
0.030375 0.812873
0.028263 0.728821
0.020576 0.450893
0.013844 0.458299
0.017408 0.610346
0.015428 0.531863
0.017843 0.571737
0.033190 0.915838
0.018131 0.358842
0.018266 0.546805
0.021414 0.693359
0.019359 0.649385
0.017759 0.550826
0.027408 0.864642
0.020576 0.616149
0.019247 0.455545
0.021204 0.582845
0.011058 0.385989
0.018056 0.578461
0.016772 0.480812
0.015600 0.487713
0.022392 0.577291
0.023553 0.763683
0.016738 0.564271
0.018623 0.561813
0.016141 0.259656
0.026645 0.509436
0.020000 0.572513
0.028056 0.734151
0.032842 0.783710
0.036693 0.777691
0.029913 0.662891
0.016354 0.501258
0.017092 0.494050
0.012392 0.341162
0.014458 0.341829
0.013096 0.367151
0.017612 0.468714
0.025519 0.634752
0.022890 0.365229
0.020274 0.287788
0.024411 0.684277
0.025816 0.587175
0.025315 0.308106
0.027563 0.473685
0.028210 0.484643
0.035727 0.767654
0.025761 0.431499
0.026512 0.253226
0.025182 0.304764
0.028283 0.626201
0.033588 0.620780
0.027747 0.362821
0.028165 0.517123
0.024333 0.319135
0.029245 0.623187
0.028375 0.684713
0.034428 0.830421
0.028411 0.603785
0.040923 0.423596
0.040659 0.652173
0.039687 1.106729
0.042258 1.168004
0.042883 1.138407
0.045467 1.096944
0.042054 0.961902
0.047096 1.190655
0.051207 1.329971
0.055055 1.529336
0.056033 1.552597
0.049170 1.513579
0.060570 1.725907
0.055755 1.397347
0.054822 1.352142
0.051413 1.360185
0.055184 1.520224
0.046933 1.258537
0.056294 1.490785
0.058781 1.547753
0.082612 2.034276
0.072695 1.911924
0.062245 1.603404
0.060358 1.559230
0.059666 1.648326
0.088668 2.276966
0.069484 1.809646
0.072434 1.861646
0.081679 2.104315
0.060364 1.605628
0.062665 1.710089
0.048392 1.369387
0.037620 1.046447
0.047408 1.364547
0.059217 1.539932
0.034807 1.044401
0.032872 1.023219
0.025122 0.933406
0.034738 1.144338
0.022611 1.011035
0.035398 1.127701
0.040993 1.222099
0.018648 0.759816
0.015422 0.700168
0.029399 0.982540
0.027971 0.962585
0.021675 0.859815
0.024000 0.941416
0.026747 0.941728
0.036128 1.222890
0.037606 1.243876
0.032481 1.147807
0.037051 1.224222
0.032093 1.180965
0.036166 1.236273
0.037421 1.215925
0.048353 1.569186
0.054441 1.623281
0.066633 1.952357
0.052264 1.635326
0.060536 1.855755
0.071695 2.093862
0.052514 1.625305
0.067727 1.934906
0.075392 2.100603
0.089008 2.319423
0.079945 2.057435
0.083338 2.216260
0.077711 2.055402
0.090867 2.227722
0.102280 2.564362
0.089971 2.360081
0.098507 2.534549
0.094238 2.434860
0.098303 2.542041
0.104667 2.616526
0.115363 2.875759
0.114881 2.824556
0.115378 2.783340
0.084177 2.142840
0.101481 2.592852
0.098103 2.503715
0.093708 2.337041
0.079983 2.038874
0.082613 2.372633
0.091012 2.223096
0.072233 1.936158
0.063371 1.738347
0.056602 1.281869
0.049119 1.264091
0.054038 1.341891
0.063401 1.488041
0.063252 1.547695
0.071969 1.687823
0.035754 1.076152
0.033718 0.860685
0.031752 1.143559
0.039132 1.218199
0.037947 1.199075
0.036404 1.062149
0.040904 0.983638
0.068032 1.729024
0.056659 1.651557
0.045674 1.331517
0.039415 1.048663
0.043166 1.094849
0.045903 1.238260
0.037187 0.918424
0.038034 1.119512
0.043288 1.054917
0.051859 1.467470
0.047168 1.370714
0.030125 0.890667
0.028301 0.903365
0.041305 1.144192
0.032715 0.965524
0.032865 1.041485
0.032889 1.072513
0.035962 1.016982
0.036484 0.929841
0.029251 0.890407
0.029748 0.788873
0.032140 0.792676
0.032336 0.720778
0.025871 0.542494
0.028388 0.645375
0.022583 0.450159
0.014481 0.665291
0.024457 1.468993
0.022936 0.710064
0.018610 0.393072
0.016469 0.473819
0.015254 0.386419
0.018887 0.378127
0.021885 0.382496
0.021405 0.416260
0.021148 0.291842
0.015318 0.132584
0.014012 0.212209
0.017311 0.336637
0.012408 0.199418
0.020814 0.466516
0.044434 1.017306
0.031326 0.537553
0.039890 0.770752
0.018603 0.368739
0.010087 0.229404
0.021685 0.334937
0.031240 0.319601
0.030119 0.444151
0.026700 0.487218
0.010745 0.136930
0.040628 0.542897
0.022606 0.326023
0.027596 0.494854
0.024912 0.431121
0.036362 0.687334
0.034666 0.669342
0.052736 0.959480
0.047626 0.842897
0.046193 0.835500
0.039400 0.758529
0.025229 0.395406
0.023409 0.371489
0.025774 0.178054
0.021481 0.714741
0.019149 0.183129
0.018147 0.171384
0.018484 0.191582
0.022127 0.383139
0.009114 0.404886
0.025940 0.524740
0.020260 0.575166
0.021613 0.766024
0.040596 0.699194
0.018441 0.697927
0.025385 0.746573
0.018082 0.610926
0.030319 0.680833
0.024236 0.641643
0.021472 0.345290
0.039142 0.608244
0.030512 0.495294
0.033687 0.439795
0.032759 0.544172
0.043226 0.974263
0.044643 1.036841
0.044079 0.867041
0.055503 1.144097
0.033650 0.754380
0.049824 0.993259
0.068865 1.540165
0.076687 1.626903
0.086659 1.532942
0.060854 2.239514
0.060012 1.479033
0.077854 2.103279
0.057008 1.583216
0.086569 2.003640
0.085796 1.752270
0.093096 2.022983
0.097010 1.974232
0.110884 1.868677
0.121293 1.848411
0.155196 2.134464
0.174790 2.413007
0.185973 2.640060
0.191702 2.407164
0.217093 2.695244
0.212061 2.365836
0.227039 2.582188
0.221284 2.606855
0.190037 2.336366
0.171043 2.772744
0.130761 2.307333
0.109400 2.144433
0.158913 2.333978
0.120684 1.740925
0.084148 1.343072
0.087063 1.424596
0.064601 1.135538
0.071261 1.426808
0.058733 1.390142
0.062975 0.881616
0.059744 1.081018
0.074655 1.214291
0.055183 1.075028
0.064925 1.108033
0.098999 1.245406
0.060182 0.724231
0.077303 0.895864
0.048478 0.350344
0.063837 0.702483
0.108740 1.617265
0.096407 1.413340
0.097867 1.508951
0.048937 0.651784
0.086971 1.297458
0.053846 0.687785
0.061272 0.486459
0.076815 1.061040
0.049321 0.472643
0.071020 1.116784
0.045752 0.555809
0.045847 0.567936
0.036683 0.666210
0.031161 0.400047
0.056859 0.727421
0.065817 0.892488
0.062957 0.937520
0.055665 0.746416
0.055131 0.737143
0.069193 0.864976
0.066891 1.487068
0.060382 0.681388
0.061491 0.787605
0.076076 0.448500
0.064432 0.811285
0.045356 0.605569
0.076623 1.149181
0.060881 0.394873
0.050155 0.622232
0.054780 0.818918
0.062344 1.051840
0.052269 0.767206
0.049339 0.802104
0.044854 0.746580
0.071075 1.249380
0.041833 0.738948
0.045183 0.706423
0.052873 0.745100
0.052239 0.672997
0.064365 0.887905
0.051327 0.686286
0.047466 0.586495
0.046061 0.573258
0.028007 0.374045
0.028143 0.467339
0.033144 0.483802
0.026334 0.553122
0.017923 0.640922
0.018242 0.672621
0.026121 0.876102
0.022484 0.692140
0.020502 0.770731
0.027398 0.918395
0.020321 0.784833
0.039473 1.134879
0.038776 1.128010
0.018232 0.759486
0.018116 0.718545
0.026239 0.797491
0.031559 0.835340
0.024161 0.795449
0.026824 0.837148
0.030469 0.790905
0.032546 0.678366
0.027941 0.967831
0.020732 0.554305
0.022198 0.710196
0.036417 0.582687
0.022591 0.942816
0.019577 0.675325
0.019305 0.751495
0.026169 0.715574
0.021964 0.637058
0.025742 0.543986
0.023885 0.515972
0.021764 0.492368
0.025830 0.424994
0.011992 0.634192
0.023814 0.599940
0.016257 0.487095
0.028777 0.435563
0.035835 0.496818
0.020345 0.509995
0.012387 0.462624
0.021764 0.242093
0.011047 0.454482
0.024446 0.245704
0.032918 0.310281
0.011535 0.700160
0.007950 0.666961
0.009530 0.497284
0.009229 0.306932
0.009392 0.407054
0.023679 0.242658
0.008730 0.469233
0.002227 0.513746
0.023303 0.825725
0.037156 1.050388
0.048709 1.167861
0.014377 0.656089
0.016742 0.711113
0.017547 0.502036
0.035221 0.557700
0.015831 0.763726
0.013376 0.374935
0.033705 0.816976
0.040327 0.986600
0.032230 0.727745
0.025158 0.822399
0.021531 0.628625
0.017148 0.776228
0.030044 1.069220
0.031072 0.651768
0.040337 0.730057
0.043075 1.073551
0.038720 1.131857
0.041078 0.975104
0.044873 1.039789
0.015705 0.723833
0.013967 0.898060
0.043882 1.014764
0.028756 0.742168
0.019324 0.901076
0.027922 0.719026
0.016743 0.372928
0.012530 0.289935
0.018183 0.544400
0.027416 0.471598
0.032594 0.437372
0.014131 0.416839
0.015988 0.141799
0.032291 0.281613
0.020212 0.304854
0.022968 0.152847
0.029374 0.207402
0.017933 0.238664
0.032482 0.359657
0.028969 0.253367
0.018215 0.175227
0.026753 0.485377
0.016745 0.371620
0.020385 0.527716
0.029280 0.401314
0.020462 0.488692
0.025740 0.382740
0.037842 0.687118
0.034850 0.533058
0.032634 0.333158
0.037628 0.544008
0.036631 0.719227
0.036668 0.955661
0.025501 0.850901
0.024116 0.325900
0.020549 0.577937
0.017201 0.399590
0.022041 0.393087
0.036132 0.560349
0.032313 0.738603
0.023516 0.533931
0.021774 0.705948
0.017102 0.348753
0.027233 0.702585
0.022839 0.464464
0.011680 0.912648
0.010280 0.400207
0.013447 0.430666
0.016797 0.475309
0.025462 0.284074
0.014398 0.252071
0.016213 0.325423
0.017889 0.601534
0.023804 0.831692
0.015873 0.590375
0.020392 0.406293
0.021128 0.512050
0.015498 0.403748
0.014063 0.403523
0.015889 0.553160
0.011158 0.584527
0.015855 0.681931
0.013761 0.599598
0.013448 0.424182
0.015602 0.135800
0.011886 0.456305
0.015393 0.539682
0.016289 0.618235
0.015894 0.401105
0.014511 0.612899
0.013797 0.594472
0.014714 0.727801
0.012663 0.638887
0.020598 0.876347
0.025443 1.180588
0.029946 1.189593
0.029886 1.339444
0.014195 0.907229
0.034565 0.933816
0.013622 0.672450
0.008719 0.568176
0.008311 0.490210
0.014189 0.631833
0.011518 0.553599
0.022422 0.809618
0.019601 0.717787
0.027737 0.948378
0.029210 0.962142
0.019541 0.686574
0.018619 0.523755
0.021788 0.464864
0.018606 0.418260
0.030238 0.634082
0.041592 0.801519
0.021909 0.475463
0.040379 1.032814
0.033099 0.770913
0.029317 0.674456
0.040551 0.971731
0.029130 0.641863
0.032404 0.926531
0.042524 1.159566
0.032720 0.903590
0.037213 1.020720
0.035864 1.005703
0.034085 0.904372
0.028854 0.744876
0.031036 0.806063
0.032729 0.822850
0.036407 0.987007
0.035128 0.940970
0.026046 0.698737
0.023555 0.666021
0.035458 0.883214
0.025713 0.677293
0.023375 0.644456
0.020566 0.426022
0.026215 0.624208
0.026540 0.640758
0.024970 0.586753
0.030620 0.611316
0.026917 0.590835
0.026160 0.670547
0.040109 0.929369
0.028189 0.696981
0.027303 0.596030
0.019646 0.386080
0.022542 0.306240
0.029105 0.383187
0.020306 0.319500
0.022647 0.248327
0.021577 0.177801
0.020296 0.247041
0.019287 0.170682
0.019411 0.171073
0.019731 0.149792
0.019952 0.201091
0.019031 0.191564
0.019578 0.169596
0.020157 0.321984
0.016804 0.168794
0.016513 0.194325
0.018900 0.433990
0.021502 0.243172
0.017926 0.285060
0.018112 0.279005
0.018253 0.343859
0.017569 0.480045
0.020758 0.487483
0.019283 0.447034
0.025359 0.493189
0.025933 0.527928
0.018359 0.567569
0.015166 0.634421
0.022055 0.998361
0.035419 0.961836
0.030340 0.933968
0.028588 0.923256
0.022074 0.741561
0.029568 0.956018
0.028162 0.894246
0.026358 0.553721
0.029536 0.561497
0.021433 0.408838
0.028344 0.398655
0.034831 0.666644
0.035306 0.620464
0.035183 0.534680
0.024625 0.479088
0.035221 0.552181
0.014907 0.510179
0.036111 0.763532
0.023341 0.472585
0.026184 0.892244
0.037658 0.862172
0.023503 0.722039
0.023722 0.928158
0.026052 0.768854
0.021429 0.766719
0.023981 0.922549
0.025832 0.954147
0.020496 0.799013
0.026090 1.052886
0.023281 1.043961
0.018866 0.916192
0.020055 0.913048
0.020331 0.979431
0.022274 0.946981
0.019306 0.821866
0.018533 0.642307
0.020695 0.659725
0.013853 0.551733
0.015074 0.562303
0.015178 0.642783
0.017167 0.651836
0.016090 0.509001
0.014517 0.557855
0.015229 0.563736
0.012958 0.580822
0.013432 0.549922
0.007929 0.371207
0.006910 0.347989
0.013220 0.462833
0.008342 0.242643
0.019743 0.561545
0.021385 0.622493
0.011811 0.202742
0.017068 0.303010
0.014388 0.249740
0.016599 0.261019
0.015722 0.425263
0.016735 0.549814
0.017034 0.593241
0.027755 0.739135
0.022589 0.606058
0.022247 0.675727
0.021012 0.583231
0.017614 0.472222
0.021565 0.641813
0.020530 0.457031
0.020265 0.455199
0.025812 0.387193
0.022381 0.552095
0.023571 0.575974
0.025049 0.551613
0.024246 0.392714
0.019967 0.384598
0.021151 0.298934
0.027670 0.590815
0.027978 0.570704
0.034927 0.704738
0.030431 0.709331
0.031109 0.745292
0.022701 0.538763
0.023638 0.564023
0.025433 0.593221
0.023576 0.499228
0.014388 0.184671
0.022302 0.433919
0.022209 0.428179
0.027979 0.467113
0.025352 0.578393
0.023534 0.555807
0.021649 0.540488
0.019179 0.472235
0.017456 0.485797
0.016504 0.430645
0.008874 0.532822
0.013523 0.513546
0.015228 0.511603
0.018843 0.524556
0.014598 0.515213
0.015344 1.381887
0.014895 0.567477
0.009906 0.441029
0.016188 0.531391
0.013295 0.522641
0.011290 0.502702
0.010276 0.525096
0.011287 0.563325
0.010017 0.456385
0.008662 0.479308
0.010174 0.481878
0.015017 0.464124
0.010834 0.431634
0.016434 0.602436
0.009295 0.490468
0.008374 0.538582
0.012918 0.551306
0.019129 0.594581
0.011394 0.486427
0.013797 0.585772
0.008436 0.498412
0.008640 0.504758
0.010478 0.444118
0.011758 0.452403
0.012055 0.481428
0.012825 0.457393
0.018912 0.600308
0.014144 0.467094
0.016547 0.479900
0.015474 0.492751
0.013331 0.394251
0.018234 0.506793
0.027087 0.530941
0.015690 0.540339
0.013897 0.532606
0.024778 0.463679
0.016477 0.549360
0.016742 0.520733
0.015357 0.535019
0.017119 0.561391
0.010663 0.669517
0.015893 0.745514
0.013915 0.603807
0.010252 0.607575
0.010680 0.521893
0.009216 0.600380
0.003874 0.554059
0.008616 0.487263
0.018914 0.645429
0.020608 0.613166
0.016264 0.638302
0.012876 0.563990
0.016406 0.655871
0.030234 0.712453
0.030865 0.757398
0.024603 1.388244
0.014520 0.666107
0.016745 0.743362
0.019813 0.758921
0.040792 0.925377
0.035883 0.902278
0.027454 0.885656
0.014476 0.500964
0.020421 0.622154
0.022811 0.511880
0.017351 0.474143
0.016953 0.373530
0.026978 0.653094
0.015016 0.231578
0.005317 0.272567
0.003773 0.209341
0.009529 0.249101
0.018716 0.623462
0.021476 0.597186
0.006703 0.179154
0.024559 0.473774
0.008283 0.185598
0.029990 0.689536
0.017200 0.445927
0.008142 0.456731
0.020901 0.552641
0.029765 0.647181
0.032243 0.664602
0.026655 0.583805
0.031450 0.646890
0.023653 0.556008
0.033300 0.751843
0.040004 0.660582
0.028943 0.527428
0.018041 0.414109
0.013614 0.411901
0.019292 0.492257
0.014464 0.414472
0.024134 0.578678
0.017472 0.430315
0.017222 0.433761
0.019554 0.500814
0.019554 0.484424
0.015192 0.325351
0.029079 0.666442
0.023078 0.624479
0.017958 0.416491
0.014317 0.430250
0.023231 0.579993
0.016820 0.436554
0.015738 0.452234
0.013422 0.433631
0.014746 0.477940
0.017779 0.442735
0.009899 0.351386
0.004584 0.248114
0.009135 0.332887
0.010680 0.431357
0.011274 0.350844
0.011837 0.326175
0.021919 0.809821
0.013095 0.671755
0.009347 0.462027
0.006802 0.426727
0.005965 0.390410
0.003984 0.452073
0.005616 0.520509
0.006979 0.627690
0.010094 0.768860
0.008018 0.709152
0.011204 0.771920
0.013009 0.887818
0.007469 0.675014
0.010540 0.854894
0.010883 0.664300
0.010936 0.489030
0.021361 0.587085
0.016858 0.932727
0.008319 0.786054
0.018799 0.643370
0.011205 0.552236
0.017883 0.668729
0.024476 0.667200
0.029402 0.635774
0.039949 0.862606
0.012808 0.784874
0.007575 0.323989
0.012334 0.474771
0.016689 0.628214
0.034637 0.839749
0.053277 1.504212
0.051302 1.176044
0.047764 0.922932
0.023975 0.649415
0.026403 0.761651
0.013549 0.956419
0.019969 0.746005
0.036711 1.005987
0.043414 1.206942
0.021888 0.730211
0.028472 0.849670
0.018588 0.785916
0.037817 0.979811
0.031531 0.745946
0.022361 0.668257
0.021301 0.708418
0.029270 0.718001
0.036584 0.833480
0.040933 1.090782
0.035765 0.801777
0.029956 0.673512
0.027985 0.870110
0.021133 0.682908
0.023879 0.780960
0.036461 1.211588
0.031220 1.001532
0.025535 0.814390
0.046191 1.534478
0.033147 1.112767
0.021240 0.704126
0.035228 1.062303
0.033885 1.181693
0.029807 0.938205
0.036124 1.024162
0.039208 1.194434
0.029224 0.908869
0.034002 0.935602
0.033022 1.081236
0.025834 0.881307
0.029319 0.942582
0.039567 1.188183
0.035703 1.163934
0.034909 1.059143
0.030967 1.012554
0.038192 1.068999
0.037113 1.153654
0.033879 1.062641
0.035642 1.250790
0.031119 1.008311
0.032980 1.010498
0.027141 0.886692
0.029221 0.897123
0.032952 1.069783
0.032892 1.029506
0.030120 0.986731
0.031521 1.033511
0.028682 0.821107
0.032812 0.940943
0.049010 1.107370
0.047167 1.187231
0.051279 1.152546
0.045732 1.101578
0.047419 1.000505
0.035695 0.753972
0.033948 0.917019
0.035148 1.030128
0.040023 1.460096
0.034095 1.069513
0.042776 1.303073
0.040162 1.179956
0.043166 1.202386
0.042260 1.021322
0.046453 1.100630
0.059393 1.491740
0.057186 1.458133
0.054886 1.588476
0.065016 1.711423
0.060187 1.801302
0.048936 1.464812
0.062813 1.845358
0.067348 1.903200
0.058498 1.374820
0.055027 1.048738
0.037718 1.298408
0.047788 1.473103
0.041607 1.263513
0.022639 0.956263
0.028968 0.966616
0.037369 1.124930
0.030433 1.113486
0.026599 0.975185
0.031094 1.092464
0.034642 1.097388
0.033181 1.048397
0.035908 1.073363
0.027127 1.006684
0.031585 0.998064
0.037678 1.111192
0.046010 1.296671
0.030434 0.838577
0.044049 1.059931
0.029374 0.832023
0.030039 0.655704
0.036234 0.850108
0.045811 1.044077
0.037556 0.927502
0.028735 0.634174
0.041815 0.995008
0.030478 0.757578
0.028992 0.675378
0.031326 0.712026
0.034136 0.741341
0.035681 0.773533
0.028306 0.545265
0.030777 0.621171
0.031544 0.649606
0.028250 0.540537
0.026066 0.569642
0.032402 0.305737
0.033910 0.469297
0.024450 0.456560
0.022918 0.442225
0.025906 0.559944
0.018102 0.417390
0.014863 0.531132
0.014398 0.424919
0.013138 0.466151
0.008011 0.345533
0.012878 0.372552
0.008764 0.244773
0.010675 0.173414
0.011739 0.445094
0.008466 0.390286
0.017557 0.344668
0.014425 0.412348
0.014265 0.335031
0.011666 0.400181
0.009160 0.107045
0.008948 0.372130
0.005672 0.182993
0.008031 0.042944
0.011740 0.253857
0.004484 0.145932
0.005150 0.055171
0.004511 0.262503
0.006062 0.225227
0.005232 0.128390
0.008396 0.048322
0.011620 0.172225
0.011704 0.187872
0.012214 0.175413
0.007002 0.112276
0.042348 1.129019
0.045031 1.239577
0.042706 1.156563
0.039861 1.084256
0.036147 1.054175
0.061417 1.626556
0.030933 0.909468
0.025735 0.875250
0.027287 0.894410
0.029484 0.938327
0.015010 0.647212
0.018641 0.576078
0.011904 0.607423
0.013586 0.552794
0.005043 0.462286
0.006772 0.338757
0.008299 0.298144
0.019689 0.215186
0.011363 0.681893
0.012173 0.534409
0.014184 0.185700
0.015876 0.091994
0.020399 0.097096
0.014993 0.219754
0.027932 0.236848
0.042878 0.447439
0.047778 0.292702
0.037999 0.388545
0.042218 0.453725
0.033469 0.314735
0.047175 0.640133
0.055354 0.799826
0.041926 0.452816
0.042641 0.556604
0.038597 0.429102
0.048975 0.766873
0.048524 0.703997
0.051691 0.734663
0.042973 0.492274
0.049106 0.668734
0.049695 0.767784
0.039787 0.632383
0.046771 0.785832
0.054005 0.976409
0.050996 0.769531
0.035377 0.505807
0.028733 0.246112
0.033754 0.304832
0.038925 0.488276
0.033004 0.561562
0.035886 0.465832
0.032936 0.297755
0.031306 0.327963
0.035455 0.434072
0.027369 0.207557
0.039839 0.718668
0.024425 0.183888
0.023841 0.249871
0.023824 0.235577
0.036494 0.129229
0.021018 0.485866
0.027577 0.767999
0.015493 0.355493
0.023234 0.871473
0.022421 1.016053
0.027620 0.635268
0.024814 0.691212
0.030457 0.941469
0.018335 0.549445
0.007230 0.515153
0.015129 0.827693
0.026882 1.044358
0.026523 0.831060
0.021502 0.723681
0.013867 0.719692
0.027044 0.838548
0.010354 0.706186
0.007576 0.773197
0.020476 0.770016
0.020077 0.228696
0.014452 0.458540
0.012966 0.287866
0.010849 0.507037
0.018385 1.052399
0.023376 0.963330
0.013992 0.520258
0.017774 0.601583
0.015304 0.660978
0.017661 0.646007
0.016937 0.591061
0.022990 0.856553
0.023078 0.676231
0.027706 0.892666
0.025758 0.901800
0.025344 0.887181
0.019206 1.371587
0.024628 1.005907
0.024192 1.044619
0.014703 0.651873
0.026108 1.004978
0.021635 0.808009
0.014881 0.863685
0.015748 0.718073
0.021018 0.762584
0.015982 0.683252
0.022578 0.792893
0.035743 0.879757
0.037748 0.757381
0.038277 0.885571
0.023526 0.664589
0.041830 0.849330
0.033449 0.611271
0.013506 0.613384
0.023462 0.460257
0.051249 0.599750
0.022870 0.299339
0.009910 0.427780
0.030946 0.656743
0.005771 0.390889
0.008732 0.328443
0.021581 0.440715
0.027924 0.541990
0.009702 0.108533
0.027948 0.522858
0.017624 0.306561
0.011018 0.447125
0.015328 0.305756
0.017398 0.509251
0.017004 0.508524
0.019884 0.938497
0.023383 0.617429
0.036193 1.091730
0.013779 0.319182
0.025662 0.625287
0.024823 0.551873
0.023485 0.543908
0.020902 0.441232
0.014637 0.197884
0.019971 0.521523
0.030370 1.058836
0.020326 1.027367
0.027199 0.611011
0.026546 0.809212
0.022611 0.678309
0.024584 1.470682
0.022036 0.890738
0.023018 1.011786
0.023475 1.115458
0.018277 0.751456
0.018138 1.063361
0.016127 1.250363
0.017574 1.410343
0.014891 0.688666
0.011780 0.392889
0.025727 0.460951
0.025370 0.472253
0.025841 1.052412
0.028864 1.586302
0.024813 2.417598
0.029898 0.550914
0.016518 0.556793
0.025982 0.889886
0.020438 0.619387
0.033311 1.001440
0.033089 0.947907
0.041915 1.299616
0.042588 1.203241
0.033320 1.298348
0.036241 1.109557
0.043691 1.318086
0.032996 0.900116
0.043327 1.282178
0.040915 1.254386
0.034733 0.957707
0.041376 1.237889
0.038791 1.130572
0.037151 1.103733
0.021694 0.520604
0.021618 0.695863
0.023252 0.865910
0.015348 0.399121
0.025305 0.684263
0.027003 0.660168
0.027447 0.853944
0.025571 0.787185
0.026341 0.805504
0.018417 0.582703
0.022332 0.747488
0.021208 0.657228
0.025912 0.803788
0.016926 0.521156
0.009029 0.197010
0.017024 0.445761
0.017442 0.496728
0.008497 0.281689
0.021517 0.363252
0.010368 0.149417
0.007884 0.143172
0.006322 0.338241
0.006983 0.336071
0.010769 0.420353
0.016497 0.429577
0.016677 0.481519
0.015739 0.514185
0.006943 0.451921
0.022823 0.529031
0.023536 0.529003
0.024067 0.482352
0.036544 0.622453
0.021482 0.506851
0.030438 0.711237
0.017385 0.418587
0.010686 0.486984
0.009261 0.539396
0.011042 0.445220
0.011046 0.407498
0.015106 0.293146
0.009831 0.333215
0.010388 0.396432
0.014059 0.583123
0.007565 0.578435
0.016105 0.522257
0.022350 0.544012
0.017415 0.569694
0.020170 0.611944
0.010696 0.519552
0.013528 0.333282
0.033279 0.838568
0.025959 0.464130
0.009336 0.258949
0.025481 0.628588
0.028716 0.794588
0.016952 0.544372
0.013628 0.300411
0.014348 0.469669
0.037448 0.979529
0.026050 0.792560
0.036400 0.964176
0.040735 1.045242
0.040168 1.105256
0.046149 1.280287
0.050489 1.402228
0.058235 1.592210
0.051241 1.471356
0.049368 1.414016
0.068851 1.920990
0.068637 2.059082
0.074987 2.327186
0.052950 1.880103
0.076050 2.368579
0.072829 2.148318
0.078901 2.033860
0.088660 2.236003
0.086450 2.432991
0.092940 2.553350
0.092016 2.629946
0.118936 3.258992
0.050358 1.430772
0.040902 1.091782
0.042559 0.996180
0.083696 2.176787
0.104791 2.783242
0.071745 2.050881
0.040781 1.298855
0.057426 1.703687
0.052207 1.472179
0.072995 2.182010
0.025823 0.883227
0.111766 2.962544
0.051175 1.522705
0.098403 2.536660
0.079215 2.090271
0.090104 2.401614
0.046935 1.231260
0.040580 0.807655
0.050838 1.357422
0.044567 1.156481
0.046061 1.068875
0.034311 0.886637
0.036877 0.887199
0.039073 0.968675
0.039874 0.865695
0.044023 0.970150
0.045331 1.093478
0.041998 0.931114
0.051480 1.212911
0.045443 0.994935
0.042307 1.022154
0.060142 1.517859
0.059166 1.121072
0.062523 1.480845
0.071762 1.272288
0.070067 1.373049
0.097442 1.836139
0.089809 1.572058
0.090122 1.534177
0.089013 1.416071
0.081614 1.143074
0.091572 1.493019
0.082172 1.298965
0.071856 0.953914
0.066093 0.795988
0.073527 1.428726
0.070578 1.273037
0.069339 1.283390
0.071761 1.590844
0.070762 1.681385
0.059846 1.494064
0.059181 1.516245
0.051124 1.228449
0.050308 1.301415
0.059714 1.510236
0.058616 1.672420
0.061090 1.764216
0.042578 1.440457
0.054750 1.666377
0.044091 1.542946
0.046749 1.609500
0.043587 1.485592
0.038654 1.368648
0.037723 1.380684
0.031920 1.230096
0.032057 1.147156
0.025989 1.019507
0.025158 0.960836
0.027708 0.996456
0.031457 1.127587
0.030325 1.035444
0.030129 1.005254
0.026521 0.904078
0.028178 1.008339
0.023221 0.832680
0.028446 0.911123
0.025461 0.817743
0.027876 0.869479
0.026761 0.859773
0.023635 0.949647
0.028044 0.977139
0.033217 1.129997
0.029682 1.020636
0.028957 0.962398
0.029699 1.018142
0.028584 0.905363
0.029920 0.968729
0.027774 0.927990
0.028017 2.033086
0.028788 1.110336
0.025626 0.972131
0.019609 0.937035
0.017667 0.968318
0.019794 1.053353
0.014609 0.936894
0.007214 0.835042
0.010286 0.886783
0.012093 1.049218
0.009720 1.670678
0.010535 0.803065
0.019368 0.916957
0.014720 0.834969
0.019650 0.788222
0.017963 0.999333
0.011997 0.874621
0.017931 0.864107
0.022393 0.779057
0.024028 0.668530
0.023031 0.727771
0.021598 0.687948
0.020817 0.822070
0.021784 0.725145
0.033696 1.014306
0.029770 0.737644
0.026977 0.688991
0.019232 0.550883
0.021090 0.820008
0.018251 0.719200
0.013640 0.537428
0.014135 0.748666
0.045510 0.438894
0.089023 1.015266
0.023917 1.113019
0.010266 0.746686
0.005518 0.463155
0.020972 1.155388
0.021286 0.964964
0.021308 0.650355
0.020453 1.254245
0.028068 1.303975
0.041460 1.673631
0.014047 1.264824
0.030563 1.590595
0.028604 1.502829
0.034262 2.026693
0.029279 1.733069
0.030429 2.060397
0.403994 13.857195
0.061251 2.991572
0.026891 2.450847
0.034515 2.165315
0.043671 2.602947
0.023858 1.968210
0.029388 2.189964
0.031401 1.826089
0.041272 1.923051
0.027487 1.151315
0.019773 1.912729
0.049519 2.108432
0.043635 2.206870
0.055437 1.692242
0.032233 1.775065
0.022331 1.204573
0.037050 1.870936
0.046539 2.921616
0.047845 2.768249
0.075798 2.039581
0.026730 2.007643
0.044755 2.548412
0.021688 2.509817
0.028811 1.150257
0.015433 0.895861
0.015046 1.829287
0.079066 2.549531
0.022037 0.708909
0.023098 0.265278
0.015751 0.429958
0.042425 1.083042
0.015968 1.216318
0.030383 1.463445
0.070919 1.803187
0.033393 0.743447
0.004554 1.325986
0.038320 0.994777
0.026967 1.188813
0.013549 1.361515
0.032425 1.171210
0.039949 1.030844
0.033668 0.661559
0.013778 0.696551
0.025241 0.439358
0.091949 3.160186
0.024773 0.656194
0.013153 1.214042
0.018891 0.415592
0.023584 0.612587
0.023796 0.338753
0.011757 0.601181
0.011166 0.648949
0.021749 0.262129
0.011273 0.720444
0.132240 3.152160
0.022626 0.895558
0.075969 3.094134
0.054873 1.054079
0.019122 1.413209
0.048173 3.028272
0.014216 0.812392
0.082906 2.604248
0.022803 1.008638
0.021300 0.838729
0.012480 0.538945
0.017408 0.639326
0.034683 1.228447
0.019821 1.359532
0.023844 0.853346
0.033165 1.515879
0.033414 1.034342
0.034567 1.194822
0.039633 0.101810
0.038009 0.677228
0.033234 0.372128
0.040164 0.359404
0.027075 0.656787
0.037900 0.332433
0.033381 0.293002
0.020652 0.651917
0.031844 0.526078
0.027157 0.537353
0.027859 1.201871
0.017189 0.783677
0.020448 0.444632
0.014764 0.465906
0.019436 0.720354
0.018208 0.613074
0.022703 0.822454
0.022156 0.581083
0.020208 0.663975
0.016754 0.755860
0.022079 0.660581
0.012355 0.411758
0.010427 0.516681
0.016770 0.551767
0.013542 0.683110
0.027958 0.857749
0.031436 0.846497
0.025779 0.645884
0.016780 0.626342
0.014886 0.441398
0.021030 0.515982
0.017233 0.510717
0.028797 0.728546
0.038052 1.104422
0.028782 0.735571
0.038728 1.074747
0.020177 0.575866
0.025499 0.738454
0.016194 0.414870
0.018454 0.423459
0.027173 0.765128
0.009158 0.340526
0.018575 0.417254
0.035198 0.906942
0.019285 0.604813
0.018339 0.662151
0.024781 0.717816
0.017656 0.404963
0.021552 0.500194
0.016735 0.396606
0.009254 0.318481
0.017283 0.131447
0.026591 0.364445
0.032861 0.938039
0.012639 0.202130
0.026626 0.543720
0.021332 0.445971
0.022365 0.477659
0.044601 1.235876
0.022128 0.718784
0.058391 1.617967
0.036427 0.913425
0.020362 0.480514
0.019192 0.366323
0.030243 0.690995
0.029274 0.680698
0.050613 1.365252
0.026447 0.647299
0.017196 0.225029
0.030965 0.796288
0.028940 0.559768
0.026694 0.536185
0.034026 0.724789
0.030372 0.722858
0.023177 0.634951
0.036029 0.961773
0.026259 0.604456
0.029097 0.631271
0.019461 0.581303
0.020080 0.728201
0.033828 1.124988
0.020390 0.737853
0.036124 1.146437
0.024086 0.986109
0.029453 1.074050
0.046262 1.374887
0.032743 1.057098
0.040985 1.191698
0.034613 1.248668
0.039033 1.108213
0.030350 1.019050
0.031374 0.984883
0.029555 0.994270
0.034012 1.239414
0.021662 0.930636
0.031609 1.257605
0.033100 1.055308
0.033210 1.074838
0.028729 1.000171
0.020202 1.060456
0.023194 1.266296
0.034713 1.207263
0.021815 1.001227
0.028604 1.266771
0.025091 1.107765
0.028357 1.297716
0.025693 1.335788
0.021742 1.268490
0.021316 1.116420
0.031985 1.121669
0.029898 1.113858
0.041700 1.354064
0.040190 1.358441
0.020236 1.028349
0.032230 1.275943
0.026781 1.081161
0.015372 0.798317
0.024654 0.918435
0.013815 1.144820
0.020952 0.931969
0.023767 1.038442
0.006195 1.464418
0.028193 0.948348
0.019746 1.080306
0.037181 1.182466
0.029273 0.837615
0.027704 0.699127
0.048619 1.069208
0.031659 0.967154
0.025254 0.808738
0.020353 1.024345
0.027735 0.974828
0.024581 0.911205
0.028097 0.894409
0.055438 1.113764
0.022747 0.509580
0.033431 0.739653
0.049782 0.900563
0.065539 1.310525
0.044666 0.788774
0.069440 1.237500
0.064653 1.141632
0.066666 1.207982
0.058495 0.728725
0.070597 1.291813
0.046781 0.691849
0.061985 1.146568
0.045772 0.680063
0.049835 0.682889
0.036845 0.702502
0.051041 0.817869
0.065220 1.321358
0.054087 0.704756
0.048710 0.625714
0.046644 0.628064
0.040656 0.620416
0.041253 0.533099
0.041187 0.661702
0.055343 0.469515
0.048889 0.543353
0.053136 0.525859
0.032399 0.558237
0.048006 0.481365
0.046888 0.613395
0.043800 0.246098
0.040778 0.484852
0.035709 0.656432
0.031201 0.662372
0.039956 0.741482
0.040972 0.867042
0.059762 1.314538
0.045787 0.898903
0.042528 1.117545
0.030103 0.780493
0.034893 0.913866
0.054198 1.578806
0.052248 1.602400
0.030424 0.927518
0.033952 1.020293
0.033144 0.952991
0.028134 1.091819
0.045549 1.527556
0.040126 1.410648
0.060433 2.043345
0.088397 2.790962
0.113796 3.459206
0.091714 2.876093
0.047676 1.760957
0.058896 1.929570
0.053121 2.016401
0.082406 2.391428
0.055813 1.660651
0.077096 2.281367
0.069029 2.175986
0.066812 2.160006
0.077869 2.419966
0.060631 2.016541
0.058075 1.887959
0.083515 2.585588
0.088208 2.679364
0.071370 2.233748
0.060929 1.906311
0.054732 1.653305
0.061369 1.966109
0.074191 2.259206
0.064154 1.866381
0.058209 2.007342
0.063627 2.204538
0.049948 1.795934
0.038555 1.693153
0.039740 1.542043
0.042227 1.526396
0.030374 1.079062
0.035578 1.231692
0.041615 1.440059
0.031806 1.226468
0.015389 0.864046
0.021296 0.882521
0.020674 0.972627
0.019123 0.634291
0.025897 0.870049
0.009533 0.402693
0.019165 0.437391
0.023038 0.737086
0.026631 0.771507
0.025170 0.630267
0.010325 0.375778
0.011142 0.412025
0.014313 0.464003
0.020394 0.472244
0.012136 0.345256
0.016537 0.500754
0.006924 0.278659
0.006504 0.258621
0.012403 0.217991
0.010034 0.306167
0.007011 0.325183
0.009805 0.351369
0.010729 0.429004
0.018087 0.657089
0.003029 0.407917
0.001474 0.176991
0.016747 0.645119
0.015355 0.657424
0.006130 0.218256
0.017141 0.506556
0.017480 0.635594
0.013078 0.350899
0.019443 0.434352
0.019690 0.295703
0.023107 0.435633
0.027431 0.353982
0.027374 0.369142
0.029656 0.521158
0.026075 0.355445
0.027690 0.358896
0.026452 0.619215
0.031244 0.815443
0.031886 0.749434
0.029635 1.088020
0.029611 0.613571
0.033229 0.631406
0.025279 0.562882
0.023826 0.737256
0.015312 0.658959
0.016706 0.587124
0.017992 0.644353
0.016855 1.258515
0.041260 0.821094
0.030923 0.661618
0.025225 0.529196
0.025747 0.572766
0.014894 0.471002
0.025190 0.453398
0.023735 0.745834
0.022514 0.581547
0.018901 0.583317
0.010299 0.272315
0.017407 0.416282
0.026342 0.417907
0.027267 0.663410
0.024516 0.616341
0.028794 0.616223
0.028797 0.539288
0.022129 0.568335
0.019287 0.482449
0.030271 0.858252
0.031876 0.985662
0.030111 1.045388
0.023188 0.878348
0.023541 0.628691
0.015741 0.600575
0.014332 0.559241
0.018148 0.684410
0.021241 0.595192
0.020933 0.436772
0.018642 0.684563
0.028079 0.490257
0.016626 0.710453
0.027704 0.857001
0.066714 2.140123
0.043095 0.914720
0.046067 0.791565
0.042699 0.097807
0.047072 0.807681
0.046843 0.732562
0.043770 0.770516
0.037846 0.652623
0.038097 0.553097
0.030964 0.623506
0.041256 0.853302
0.030839 0.758829
0.046535 1.008085
0.049261 0.947169
0.037387 0.680557
0.066995 1.402603
0.059978 1.124688
0.019316 0.204396
0.050115 0.948455
0.013605 0.358457
0.017413 0.456554
0.015532 0.354786
0.032857 0.814948
0.026273 0.739182
0.021441 0.770339
0.026469 0.861241
0.024874 0.809469
0.012500 0.854012
0.013302 0.849405
0.020774 0.652714
0.066121 1.399958
0.027463 0.902570
0.029242 1.041369
0.027607 0.921534
0.037036 1.191768
0.035816 1.248636
0.035911 1.077033
0.042887 1.139201
0.040940 0.932139
0.036737 0.910240
0.025882 1.350761
0.033557 1.042547
0.027514 0.836979
0.033157 0.850713
0.032039 0.885029
0.033359 0.930886
0.035492 1.047690
0.026773 0.874318
0.043823 0.878695
0.044254 0.813644
0.027783 0.842841
0.036489 0.595547
0.022262 0.714867
0.057962 1.339913
0.037192 0.709616
0.038111 1.034786
0.015317 0.462892
0.015284 0.547455
0.019201 0.436192
0.013383 0.585425
0.017205 0.650511
0.014415 0.634120
0.009675 0.349512
0.015054 0.639038
0.019711 0.468305
0.045296 1.131303
0.040344 0.970602
0.050632 1.170995
0.051572 1.072574
0.050436 1.040598
0.055461 1.168486
0.055062 1.169392
0.069868 1.429521
0.065625 1.414407
0.045692 0.995483
0.049102 1.061825
0.062110 1.235193
0.049279 1.074329
0.064868 1.186523
0.056963 1.165251
0.058438 1.154423
0.049441 1.070409
0.057387 1.202049
0.049575 1.059040
0.044618 1.051692
0.043552 1.043720
0.061764 1.228518
0.054107 1.043042
0.063578 1.467837
0.042889 1.059379
0.038763 0.921939
0.039211 1.010887
0.038288 1.412277
0.031072 0.952557
0.032819 0.974073
0.051632 1.192023
0.061046 1.238131
0.029203 0.778798
0.037777 0.924813
0.041197 1.071923
0.042885 1.092662
0.034864 0.853842
0.041372 0.954986
0.037050 0.782706
0.042912 0.935798
0.044818 1.038698
0.044978 0.938851
0.041684 0.891114
0.042556 0.888446
0.041827 0.867698
0.044036 0.966778
0.042288 0.971192
0.043547 1.036034
0.038451 0.886607
0.041817 0.884321
0.045353 0.944157
0.038036 0.747297
0.040049 0.946728
0.041516 1.025067
0.040860 0.954836
0.041805 1.024576
0.048044 1.176120
0.047499 1.016661
0.050090 1.092634
0.050571 1.093364
0.046303 1.213844
0.049850 1.014142
0.043734 1.012457
0.042739 1.020667
0.046317 1.154026
0.048997 1.152360
0.048787 1.145153
0.048729 1.159155
0.048222 1.132727
0.045485 1.152464
0.047915 1.186829
0.051797 1.198447
0.050142 1.282645
0.049292 1.322083
0.049941 1.355303
0.049269 1.298197
0.045267 1.576426
0.051915 1.489094
0.048395 1.408143
0.048448 1.408392
0.050131 1.440302
0.044476 1.382038
0.047405 1.446480
0.046029 1.449188
0.044725 1.450312
0.042269 1.339646
0.041594 1.308875
0.041274 1.349652
0.045615 1.438605
0.041632 1.346328
0.041154 1.306662
0.044628 1.388634
0.046350 1.422587
0.040110 1.260911
0.033948 1.131940
0.040410 1.335765
0.039164 1.275601
0.038149 1.299642
0.037917 1.287482
0.039439 1.281437
0.039303 1.343594
0.047341 1.443832
0.042555 1.426295
0.037953 1.253982
0.047570 1.466803
0.032986 0.873458
0.042498 1.159364
0.040261 1.079429
0.044759 1.182420
0.046982 1.280558
0.038326 1.006450
0.036359 0.974008
0.040324 0.867832
0.040522 0.863699
0.036336 0.741357
0.039052 0.928469
0.034093 0.777477
0.041670 0.963384
0.036775 0.869816
0.035235 0.741374
0.033374 0.619606
0.032304 0.702496
0.027559 0.558755
0.032840 0.936027
0.025502 0.425956
0.033759 0.758811
0.026899 0.531578
0.027396 0.585366
0.025327 0.578167
0.026351 0.609255
0.024255 0.462932
0.025771 0.612830
0.015680 0.441028
0.020645 0.462819
0.021792 0.271107
0.019832 0.553012
0.030606 0.984047
0.035157 1.165516
0.030406 1.003648
0.036082 1.204475
0.028248 0.724671
0.026759 0.547109
0.021140 0.511418
0.020726 0.634421
0.024231 0.659451
0.019630 0.776057
0.011813 0.326646
0.013362 0.297068
0.029533 1.049678
0.020421 0.618122
0.018638 0.469409
0.013914 0.514888
0.011468 0.436315
0.012398 0.432957
0.017208 0.452547
0.018840 0.603216
0.022960 0.753045
0.007924 0.270043
0.006589 0.155929
0.009994 0.324754
0.002885 0.250724
0.007743 0.198831
0.016866 0.982149
0.008942 0.126630
0.013359 0.332592
0.021026 0.369963
0.018547 0.523402
0.015917 0.495166
0.023235 0.540892
