0.048637 1.026238
0.051214 1.108752
0.051665 1.075650
0.040097 0.876385
0.043432 0.929513
0.045145 0.984655
0.035852 0.837856
0.034021 0.834593
0.042302 0.941411
0.038777 0.887663
0.030269 0.743826
0.044479 0.993819
0.046530 1.032329
0.037805 0.878021
0.045599 0.971270
0.040102 0.898302
0.044446 0.935731
0.038405 0.879947
0.044764 1.015397
0.046408 1.091454
0.040465 0.901087
0.032666 0.794621
0.033406 0.818480
0.031086 0.819168
0.027519 0.766071
0.030705 0.816437
0.040621 1.083833
0.037526 0.869787
0.047382 1.155443
0.042006 1.014447
0.044504 1.110097
0.051924 1.229565
0.054462 1.311488
0.053385 1.319531
0.058620 1.324132
0.051425 1.250470
0.068502 1.542647
0.068521 1.657705
0.061895 1.538285
0.055121 1.419025
0.063644 1.537741
0.064554 1.606984
0.066129 1.582498
0.063288 1.527043
0.057334 1.487129
0.061976 1.509215
0.065217 1.576962
0.062708 1.487351
0.061181 1.470675
0.067604 1.578256
0.046795 1.193506
0.044089 1.137037
0.051223 1.203685
0.056298 1.384920
0.064736 1.598911
0.055176 1.328641
0.058376 1.442429
0.063548 1.539139
0.054992 1.336889
0.056356 1.316426
0.049918 1.149195
0.054603 1.207025
0.042223 0.883893
0.049533 0.983157
0.045369 0.919656
0.045149 0.859511
0.054566 0.978131
0.056024 1.110057
0.047386 0.884217
0.040046 0.716503
0.046145 0.903005
0.035618 0.626010
0.039559 0.737230
0.042183 0.842872
0.034275 0.632068
0.032432 0.657758
0.032486 0.771235
0.024701 0.474062
0.033597 0.646360
0.018723 0.454126
0.022687 0.518244
0.017210 0.415851
0.026232 0.589386
0.028609 0.578543
0.025826 0.583641
0.019506 0.458961
0.014061 0.316797
0.020707 0.428000
0.021575 0.482070
0.025512 0.519789
0.021871 0.393136
0.018860 0.325466
0.014759 0.487540
0.014174 0.210221
0.010034 0.239862
0.013543 0.250496
0.013476 0.272364
0.019751 0.397820
0.021289 0.385577
0.013088 0.224407
0.016382 0.272102
0.020996 0.396322
0.017045 0.308993
0.015741 0.264655
0.019996 0.262721
0.010307 0.105864
0.004235 0.023771
0.014145 0.208062
0.019314 0.309846
0.008716 0.109325
0.011576 0.299415
0.013499 0.158418
0.015337 0.159318
0.014050 0.151103
0.013008 0.145198
0.022642 0.245288
0.025533 0.347281
0.034315 0.522986
0.033977 0.414309
0.033480 0.532909
0.039609 0.691386
0.032402 0.382566
0.031650 0.492922
0.028331 0.481984
0.023468 0.301132
0.023063 0.377090
0.020356 0.325721
0.013574 0.268717
0.013981 0.239477
0.028216 0.616745
0.028222 0.518791
0.024474 0.493253
0.021306 0.418564
0.020815 0.527803
0.020575 0.475449
0.016072 0.354570
0.017994 0.389802
0.020086 0.563860
0.016890 0.382899
0.015765 0.346542
0.015294 0.395551
0.019203 0.395141
0.021144 0.490356
0.019504 0.391652
0.023322 0.586683
0.016759 0.426111
0.010484 0.242634
0.012521 0.297286
0.010387 0.295957
0.011850 0.311938
0.010315 0.282459
0.010891 0.319195
0.011097 0.268468
0.013357 0.376654
0.008372 0.107154
0.010427 0.266152
0.008251 0.235979
0.007010 0.147511
0.008805 0.354461
0.008981 0.199575
0.011906 0.306385
0.007026 0.338565
0.008962 0.102077
0.007751 0.112435
0.009256 0.314240
0.016051 0.543641
0.010839 0.342458
0.008292 0.295549
0.005339 0.136374
0.004891 0.288382
0.003819 0.320690
0.011861 0.299462
0.005668 0.251136
0.008105 0.223730
0.013532 0.193394
0.009020 0.117310
0.011511 0.186041
0.021554 0.485277
0.021142 0.393788
0.014657 0.444834
0.014870 0.438234
0.030239 0.773963
0.026463 0.706064
0.021397 0.485862
0.018188 0.518895
0.021084 0.520821
0.019735 0.621948
0.023101 0.674016
0.021494 0.517158
0.022743 0.628502
0.017320 0.562224
0.017524 0.656624
0.009798 0.475635
0.014778 0.416970
0.008840 0.463992
0.016587 0.434324
0.008601 0.442728
0.009822 0.501633
0.014014 0.496427
0.010889 0.244669
0.011495 0.491879
0.004169 0.273209
0.013847 0.534695
0.028020 0.858352
0.016400 0.536978
0.009253 0.356461
0.021889 0.884354
0.036132 1.237511
0.014301 0.603443
0.029393 0.886432
0.023814 0.753112
0.037922 1.332362
0.037489 1.308737
0.041897 1.284958
0.034296 1.107282
0.030219 1.069205
0.032294 1.170464
0.048498 1.583571
0.051050 1.710864
0.051326 1.730524
0.035555 1.411628
0.037567 1.383396
0.044619 1.624062
0.053635 1.826411
0.037429 1.417000
0.047019 1.672811
0.047188 1.730097
0.049544 1.653110
0.059932 2.025121
0.041865 1.543982
0.041477 1.630209
0.037843 1.453846
0.039369 1.549013
0.038713 1.496262
0.037759 1.330822
0.041411 1.473636
0.038573 1.376017
0.048706 1.610688
0.044784 1.713250
0.025018 0.975395
0.046422 1.600001
0.042277 1.756633
0.052870 1.752369
0.050009 1.661642
0.056372 1.831570
0.048083 1.631081
0.048641 1.658215
0.044604 1.585347
0.033716 1.204113
0.041692 1.503430
0.040527 1.434308
0.040149 1.287601
0.038162 1.364647
0.034776 1.250433
0.022862 0.926120
0.028562 1.065906
0.032015 0.990763
0.037271 1.238410
0.041805 1.418721
0.034209 1.243987
0.028473 1.081949
0.031593 1.162151
0.041623 1.372607
0.029378 1.265177
0.038935 1.519273
0.039710 1.666016
0.036687 1.465029
0.034339 1.378823
0.034820 1.707687
0.032229 1.416305
0.039762 1.600529
0.042684 1.456596
0.030546 1.239062
0.026082 1.175583
0.036061 1.092693
0.033365 1.284730
0.021370 0.964814
0.024893 1.068318
0.026778 0.937313
0.026284 0.807980
0.025675 0.668832
0.035231 1.204257
0.018748 0.917746
0.030300 1.136151
0.035527 1.247962
0.032829 1.174451
0.037984 1.349705
0.041093 1.249595
0.038195 1.248137
0.033365 1.049733
0.041549 0.991782
0.044384 1.157151
0.042819 1.015183
0.034310 0.886232
0.030284 0.806253
0.034896 0.878467
0.040475 0.895106
0.049848 1.038235
0.049371 0.833182
0.059154 1.239364
0.067504 1.716890
0.075027 1.824526
0.068195 1.502863
0.068973 1.472473
0.078958 1.953180
0.106653 2.965118
0.109233 3.098303
0.118274 3.273709
0.110730 3.021722
0.128983 3.539784
0.119112 3.037023
0.104525 2.546085
0.104400 2.607934
0.106368 2.595443
0.094378 2.069123
0.092351 1.977383
0.078569 1.826167
0.021845 0.296545
0.015871 0.522646
0.014118 0.508938
0.016462 0.654782
0.021876 0.593701
0.020741 0.643007
0.021653 0.668439
0.021413 0.623781
0.023467 0.661441
0.021824 0.484780
0.023673 0.584126
0.016903 0.411171
0.013147 0.315197
0.016646 0.424423
0.027459 0.685383
0.014445 0.341009
0.016116 0.478276
0.017346 0.467779
0.021722 0.556563
0.023144 0.589743
0.031695 0.750416
0.039639 0.894654
0.046861 1.031089
0.044513 0.955019
0.054948 1.228552
0.064138 1.390336
0.055280 1.302917
0.063311 1.295814
0.050077 1.200134
0.081678 1.675124
0.077662 1.616911
0.063255 1.546860
0.059135 1.569816
0.082670 2.030348
0.098235 2.232177
0.104201 2.293043
0.102182 2.258624
0.094387 2.231489
0.101335 2.238752
0.090348 2.047463
0.091837 2.209354
0.092160 2.053606
0.114044 1.492516
0.126207 2.476544
0.140061 2.701595
0.084649 1.409632
0.134552 2.685351
0.125590 2.662878
0.097432 2.028437
0.109874 2.122739
0.067426 1.327944
0.092984 2.195320
0.034276 1.207135
0.088882 2.159896
0.078035 1.922398
0.090874 2.003418
0.091443 2.193283
0.077504 1.965948
0.086509 2.284685
0.090114 2.451893
0.123447 3.187399
0.108752 2.873520
0.131965 3.433484
0.142194 3.635783
0.172477 4.298711
0.172576 4.284751
0.156085 3.960339
0.176786 4.335177
0.172529 4.209551
0.189434 4.704955
0.184114 4.645175
0.213583 5.226313
0.201790 4.963277
0.200264 4.934814
0.189135 4.767713
0.207743 5.119899
0.205932 5.024305
0.209291 5.165375
0.205288 5.018859
0.210960 5.122761
0.222280 5.441721
0.205821 5.042781
0.198374 4.877776
0.187868 4.763815
0.196405 4.927352
0.211292 5.691220
0.195429 4.988742
0.192139 4.801354
0.195954 4.792526
0.190174 4.775725
0.182898 4.666449
0.177666 4.350961
0.197451 4.802061
0.184673 4.408937
0.157954 3.918521
0.186351 4.391751
0.181172 4.362873
0.182875 4.377410
0.179054 4.270649
0.204235 4.743577
0.211761 4.898151
0.208445 4.802640
0.207275 4.759410
0.206942 4.841152
0.195654 4.636857
0.203647 4.740719
0.194923 4.533630
0.195563 4.544858
0.201356 4.522809
0.193145 4.419853
0.193440 4.497340
0.182207 4.218262
0.156533 3.435513
0.152524 3.672417
0.160303 3.710662
0.151097 3.650502
0.134369 3.225531
0.116500 2.879416
0.108942 2.613933
0.090196 2.186458
0.084449 2.120226
0.072251 1.772474
0.069361 1.865542
0.056297 1.690065
0.055494 1.530200
0.046292 1.406416
0.040902 1.185774
0.044552 1.180035
0.038645 1.064476
0.034901 0.900422
0.035771 0.560246
0.020784 0.684869
0.023602 0.666348
0.015235 0.509984
0.026497 0.677549
0.031195 0.736521
0.018424 0.431568
0.027541 0.657572
0.017109 0.444460
0.048529 0.961975
0.019087 0.238273
0.020826 0.315198
0.022381 0.346470
0.026405 0.415311
0.023112 0.368200
0.016720 0.168698
0.012447 0.544994
0.019693 0.272375
0.013362 0.230050
0.012940 0.230279
0.014670 0.241123
0.014769 0.317282
0.020843 0.262125
0.014127 0.216582
0.011268 0.180926
0.020320 0.322575
0.021433 0.384989
0.018859 0.278585
0.021218 0.368143
0.024261 0.427892
0.023481 0.455178
0.032766 0.499971
0.035115 0.561415
0.027153 0.353588
0.027135 0.429808
0.038070 0.689474
0.027732 0.352896
0.025904 0.394077
0.026437 0.518710
0.023469 0.406116
0.026272 0.443518
0.027934 0.417317
0.032677 0.572646
0.040525 0.717909
0.026830 0.499054
0.020893 0.431052
0.027190 0.467456
0.028122 0.472342
0.028287 0.424991
0.043925 0.709847
0.039409 0.625190
0.042959 0.794380
0.042444 0.638814
0.037937 0.594785
0.046838 0.725055
0.040014 0.698601
0.039552 0.415039
0.042305 0.698694
0.041355 0.757286
0.046817 0.946011
0.037668 0.804812
0.029078 0.588761
0.035969 0.768292
0.037405 0.797020
0.031019 0.670605
0.036859 0.790303
0.026400 0.762632
0.035779 0.750954
0.025702 0.569751
0.031496 0.708016
0.028243 0.675141
0.023803 0.596697
0.026401 0.600209
0.024061 0.550497
0.016761 0.379555
0.014649 0.405124
0.016526 0.267888
0.020054 0.328683
0.018090 0.463798
0.019834 0.424715
0.017142 0.469046
0.015248 0.501241
0.011890 0.446957
0.016403 0.422185
0.016591 0.379260
0.019302 0.465755
0.013170 0.324319
0.010506 0.287909
0.012042 0.160493
0.009232 0.252395
0.012200 0.209742
0.014933 0.181962
0.011797 0.237391
0.011175 0.252325
0.017519 0.243501
0.012828 0.269020
0.008200 0.334136
0.012982 0.465022
0.008089 0.448255
0.008635 0.416590
0.009801 0.298802
0.009446 0.143611
0.012054 0.214278
0.007776 0.209213
0.010664 0.273123
0.012704 0.393987
0.017300 0.326579
0.014560 0.305873
0.013679 0.224303
0.010882 0.265101
0.021502 0.282483
0.013005 0.224586
0.015647 0.167085
0.013931 0.287135
0.010338 0.172842
0.020024 0.267695
0.018356 0.271826
0.016244 0.194120
0.014588 0.335485
0.023119 0.329101
0.011338 0.321908
0.022890 0.333006
0.018563 0.285424
0.029951 0.496143
0.024591 0.393607
0.029118 0.469024
0.031738 0.459767
0.031930 0.484960
0.035221 0.519007
0.029499 0.557853
0.034175 0.580339
0.030660 0.548832
0.039385 0.624510
0.041087 0.672872
0.033148 0.528522
0.037646 0.715988
0.040212 0.734542
0.043391 0.785790
0.044686 0.818410
0.040553 0.745260
0.037611 0.798232
0.044849 0.916249
0.043947 0.924145
0.048692 1.010437
0.051046 1.020780
0.044406 0.895953
0.049412 0.915116
0.053740 1.097973
0.049233 0.984039
0.043143 0.806558
0.043991 0.838019
0.048721 1.016359
0.036123 0.723963
0.039409 0.792448
0.029579 0.809244
0.029233 0.625366
0.040259 0.685878
0.037689 0.780163
0.051651 0.943308
0.043901 0.678946
0.027342 0.778096
0.039055 0.631546
0.054787 1.138110
0.032267 0.491238
0.050033 1.042582
0.039939 0.868797
0.037624 0.750024
0.037691 0.784572
0.043371 0.803094
0.035041 0.934117
0.037169 0.691359
0.064917 1.515864
0.042639 0.714431
0.042850 0.738562
0.040671 0.850366
0.053824 0.982743
0.051867 0.893248
0.041504 0.629248
0.046905 0.742162
0.048585 0.735022
0.039367 0.602798
0.042516 0.592512
0.035929 0.693281
0.036292 0.693755
0.030376 0.708194
0.030898 0.793330
0.042888 0.849193
0.026596 0.598003
0.025897 0.706455
0.018676 0.436450
0.023156 0.667131
0.021180 0.682153
0.034286 0.921165
0.016126 0.564883
0.019436 0.455752
0.026162 0.604173
0.033083 0.802050
0.032361 0.744420
0.028578 0.828274
0.019231 0.798062
0.016526 0.799110
0.014481 0.648772
0.016326 0.440182
0.017361 1.017456
0.015327 1.001126
0.015595 1.171495
0.014854 1.109869
0.017137 0.939044
0.013437 1.071109
0.017358 1.020873
0.018063 1.085045
0.026038 1.099452
0.027214 1.054185
0.019541 0.902756
0.019214 0.947466
0.024685 1.186326
0.018577 1.097860
0.019435 0.978976
0.023004 1.191962
0.010497 0.970290
0.020736 1.184776
0.029431 1.387534
0.018870 1.022235
0.033416 1.105762
0.032490 0.940044
0.049596 1.423555
0.035116 0.832364
0.053695 1.212140
0.043231 0.861633
0.047288 1.076832
0.031300 0.937443
0.036361 1.361772
0.022354 0.933001
0.029514 0.921909
0.015991 0.765992
0.012550 0.603471
0.015877 1.160536
0.014557 0.892852
0.021588 0.812720
0.011592 0.381265
0.024322 0.839460
0.019026 0.772738
0.019054 1.203773
0.016063 0.985503
0.009223 0.819319
0.012760 0.985781
0.015189 1.502182
0.019581 1.535592
0.014801 1.944398
0.019440 1.895314
0.016875 1.875837
0.009036 1.508811
0.014506 1.038454
0.006482 1.322031
0.014941 1.549194
0.014023 2.053024
0.012110 2.271514
0.010503 2.418836
0.007944 2.537566
0.022396 2.851530
0.015850 2.769844
0.012821 2.663090
0.018336 3.093916
0.026131 2.907099
0.026376 2.776890
0.055019 2.945174
0.059139 2.866254
0.050769 2.075296
0.071651 2.753554
0.045057 1.850923
0.052772 1.726849
0.060533 1.837697
0.054639 1.670630
0.050591 1.488155
0.054944 1.648882
0.051491 1.393722
0.049794 1.393732
0.043583 1.177108
0.049772 1.236865
0.038352 0.850400
0.036244 0.780854
0.035997 0.761947
0.040325 0.791352
0.029757 0.599439
0.030073 0.672864
0.031992 0.737635
0.031603 0.708136
0.029970 0.761497
0.016516 0.629528
0.028930 0.845241
0.025911 0.706929
0.031658 0.790506
0.038076 0.915620
0.035634 0.885478
0.040548 0.881666
0.031941 0.794426
0.025682 0.531701
0.034835 0.936403
0.029897 0.701618
0.042096 0.945050
0.042554 0.922069
0.052037 0.795272
0.047979 0.966574
0.048799 0.894401
0.062268 1.193527
0.051012 0.695390
0.067329 0.903241
0.063988 0.716286
0.080267 1.113894
0.066968 0.597245
0.058502 0.713333
0.068762 0.708383
0.061580 0.926526
0.067015 0.983682
0.064946 0.665772
0.068387 1.045101
0.058865 0.874002
0.065807 1.043424
0.068801 1.067976
0.067682 1.105895
0.061070 0.929592
0.048730 0.795488
0.048834 0.866883
0.056049 0.986867
0.045068 0.805046
0.055070 0.951625
0.041358 0.710078
0.050409 0.959616
0.037614 0.695173
0.032900 0.816808
0.040404 0.893141
0.041159 0.893233
0.031234 0.974842
0.039206 0.947709
0.045894 0.990067
0.027752 0.893989
0.042440 1.100176
0.030093 0.950444
0.023094 0.862068
0.036146 1.074744
0.033396 1.005410
0.038865 1.031829
0.022645 1.403350
0.040925 1.093223
0.035645 0.796484
0.029522 0.907089
0.035520 0.874628
0.039006 1.071023
0.036965 1.276690
0.035712 1.337784
0.042226 1.321788
0.043709 1.418782
0.045903 1.379255
0.043442 1.505973
0.043515 1.512425
0.039770 1.402328
0.037807 1.600430
0.045490 1.412345
0.036246 1.349119
0.045480 1.260777
0.052678 1.492010
0.056952 1.549679
0.050680 1.476210
0.050634 1.496146
0.063773 1.471781
0.049655 1.283000
0.065636 1.528563
0.071382 1.536361
0.063675 1.675686
0.064420 1.628485
0.054811 1.580584
0.063678 1.567406
0.067489 1.723525
0.062295 1.708743
0.054766 1.722458
0.051277 1.813936
0.052797 1.778576
0.071184 2.046574
0.054592 1.938524
0.072399 2.072463
0.061812 2.159665
0.056846 1.914136
0.060459 2.150439
0.087627 2.586500
0.051974 2.157722
0.062359 2.188008
0.060294 2.200375
0.036457 2.067340
0.063903 2.264230
0.073392 2.377264
0.062734 2.319296
0.077289 2.325575
0.055687 2.313699
0.070288 2.549227
0.050295 2.427338
0.082016 2.682251
0.088373 2.989890
0.066093 2.371098
0.068287 2.379385
0.074961 2.719304
0.076989 2.621003
0.083295 2.558352
0.097913 2.615849
0.100492 2.807991
0.096788 2.683780
0.098455 3.007128
0.115060 2.390122
0.119161 3.136707
0.127658 2.586364
0.140841 2.718769
0.129212 2.522384
0.131743 2.866989
0.129649 3.714679
0.158230 3.123383
0.209065 2.943949
0.210746 2.684314
0.358302 3.032331
0.421541 3.129808
0.483598 2.883274
0.568731 2.384980
0.627137 2.451585
0.635967 1.947742
0.587265 2.779124
0.623810 2.361740
0.643617 2.466073
0.636441 2.591871
0.605622 2.615428
0.569635 2.826606
0.581771 2.144240
0.587642 2.266337
0.572968 2.139161
0.561147 2.724280
0.529390 3.120980
0.534095 3.286668
0.556372 2.590540
0.554420 2.437913
0.516184 2.593617
0.562818 2.241078
0.527216 2.699926
0.547606 2.331491
0.511514 2.408575
0.528241 2.006860
0.517020 2.353858
0.501879 2.615091
0.523971 2.164474
0.561413 2.079220
0.559870 1.994130
0.484659 2.829462
0.528562 2.493565
0.507853 2.176461
0.498059 2.292220
0.509092 2.168221
0.484090 2.143569
0.475180 2.246619
0.450930 2.155032
0.451841 2.700475
0.451566 2.186576
0.491962 2.100457
0.458345 1.945323
0.471291 1.725428
0.475309 1.787182
0.462776 1.990790
0.486617 1.891557
0.460522 1.900597
0.464897 2.026230
0.494203 1.468351
0.443912 1.721401
0.413973 1.701338
0.453594 2.054296
0.450590 1.777962
0.454038 1.897977
0.434775 2.282028
0.429123 1.935987
0.438260 2.055341
0.419377 2.164900
0.416322 1.533754
0.388153 2.478288
0.446787 0.978315
0.368980 1.888332
0.349046 2.277827
0.397340 1.755401
0.398906 1.888209
0.407859 1.830711
0.366269 1.926220
0.330091 1.771707
0.328803 1.751464
0.324780 2.056629
0.278055 1.863163
0.283482 1.918830
0.272701 1.898061
0.291507 2.416634
0.305275 1.832909
0.306242 1.263233
0.248952 1.845107
0.237848 1.994128
0.172152 1.896437
0.159736 1.719206
0.135230 1.902261
0.144131 1.426405
0.125414 1.553250
0.095289 1.470633
0.082456 1.910018
0.154011 1.775723
0.089506 1.490966
0.115104 1.214249
0.088958 1.254015
0.105240 1.378084
0.111716 1.428515
0.164740 0.668401
0.092630 1.293374
0.091676 1.119972
0.098327 1.381430
0.104160 0.946603
0.113581 1.138473
0.107513 0.935087
0.129548 0.940852
0.087246 1.388524
0.058461 1.770847
0.071254 1.399780
0.090328 1.193328
0.083323 1.746321
0.061458 1.635325
0.085628 1.150355
0.065731 1.616192
0.095198 1.442443
0.091469 1.723020
0.098821 1.975576
0.065693 1.311450
0.067964 1.485854
0.086174 1.132633
0.099193 0.778401
0.094097 1.954000
0.085159 1.172729
0.067697 0.956192
0.082322 1.423389
0.077685 1.768312
0.055718 1.270853
0.077076 1.798157
0.064833 1.554697
0.065914 1.525183
0.077240 1.864250
0.069931 1.605172
0.065630 1.727104
0.062867 1.434770
0.064841 1.079705
0.074424 1.828927
0.070606 2.169511
0.072419 1.926054
0.063095 1.539609
0.061749 1.532347
0.063544 1.683234
0.055371 1.575363
0.069713 1.174327
0.060484 1.771330
0.068089 1.943822
0.057714 1.742749
0.059984 1.719936
0.061198 1.752477
0.061079 1.769353
0.053971 1.599361
0.065155 1.871790
0.056649 1.692351
0.056590 1.683417
0.042311 1.266350
0.039635 1.239772
0.043437 1.322979
0.031163 0.956121
0.031162 1.010089
0.038539 1.190283
0.040789 1.187742
0.036251 1.086796
0.046358 1.358339
0.043397 1.215134
0.034681 0.982492
0.043342 1.189476
0.039475 1.095858
0.036160 0.984126
0.045198 1.240856
0.048546 1.244563
0.042353 0.432461
0.046433 1.215275
0.048355 1.294534
0.046849 1.267167
0.050824 1.338961
0.051619 1.435364
0.057110 1.533715
0.036259 1.185333
0.043540 0.938588
0.033054 1.109900
0.025408 0.887144
0.033641 1.136626
0.027670 0.973122
0.023405 0.909851
0.025932 0.952572
0.028686 1.068254
0.027073 1.093221
0.028538 1.062362
0.027180 1.426185
0.035675 1.250089
0.037450 1.362092
0.036886 1.406533
0.045267 1.698102
0.044186 1.662822
0.053371 2.036790
0.053139 1.962390
0.063420 2.386552
0.061643 2.257281
0.069322 2.511800
0.074454 2.609370
0.084321 2.843576
0.067145 2.889067
0.072159 2.394821
0.068480 2.412220
0.074486 2.469576
0.075998 2.617251
0.075355 2.370120
0.074537 2.293977
0.071556 2.401485
0.071806 2.327756
0.072494 2.374574
0.067818 2.244485
0.065993 2.227488
0.067281 2.089903
0.056526 2.249443
0.069239 2.598794
0.064418 3.038294
0.056274 2.931709
0.083829 3.192822
0.080880 3.186103
0.080819 3.368945
0.078345 3.382039
0.083134 2.939259
0.082013 3.200917
0.071511 2.986583
0.066530 2.597718
0.101143 2.593884
0.096666 3.011828
0.089407 2.944476
0.076313 3.073284
0.053860 3.353678
0.055886 3.859230
0.099974 3.403412
0.085612 3.773245
0.082363 2.801749
0.076888 3.220141
0.074590 3.946694
0.061522 3.895119
0.062424 3.700990
0.105673 3.806892
0.091930 3.427343
0.078371 3.607372
0.097585 4.150389
0.063273 3.694347
0.094962 3.636011
0.085220 3.748789
0.100955 3.499519
0.071538 3.277174
0.088082 3.728950
0.099014 3.319110
0.097692 3.260009
0.060493 3.143274
0.062774 3.134389
0.052884 2.517185
0.084426 3.249892
0.039443 3.247185
0.031585 3.128702
0.041885 3.420627
0.030695 3.408087
0.050534 2.976791
0.035123 2.849846
0.028033 2.448344
0.029047 2.550166
0.029813 2.703798
0.040191 2.474179
0.041756 2.608278
0.036151 2.359033
0.037136 2.318270
0.044463 2.624283
0.067329 3.110863
0.052652 2.784917
0.053215 2.832346
0.044593 2.339890
0.031958 3.094825
0.053577 3.228862
0.046413 3.148167
0.055777 2.843882
0.070646 2.799178
0.050375 2.353793
0.065346 2.777372
0.029978 2.248689
0.031431 2.075117
0.027703 2.182132
0.035383 2.158921
0.046005 3.235825
0.051603 2.269707
0.031943 2.589510
0.045858 2.332239
0.037236 2.871554
0.044275 2.356160
0.031856 2.428597
0.043090 2.175193
0.048451 2.503625
0.057948 2.678365
0.047794 2.159685
0.061318 1.831311
0.076706 2.219871
0.081390 2.892646
0.075568 2.488561
0.085794 2.264350
0.089896 2.350185
0.084464 2.130024
0.088890 2.269546
0.079859 2.195960
0.080115 2.096550
0.081045 2.016726
0.071603 1.679773
0.066030 1.551570
0.054782 1.647192
0.066181 1.776071
0.070375 1.727717
0.075220 1.557907
0.077060 1.909878
0.072665 1.521148
0.063820 1.619272
0.072693 1.617867
0.066703 1.376393
0.058553 1.720704
0.041623 1.497480
0.024738 2.384556
0.031314 2.288482
0.039508 2.532826
0.032110 1.898359
0.009911 2.569929
0.015791 2.814239
0.018191 2.546788
0.034114 0.891966
0.046605 1.155440
0.051189 1.297638
0.028156 0.656370
0.036095 0.809948
0.048571 1.054647
0.034942 0.613463
0.029499 0.493890
0.025440 0.580073
0.031209 0.769267
0.036893 0.825757
0.030711 0.701069
0.026468 0.768146
0.020143 0.817340
0.029490 1.027812
0.022339 0.778394
0.021192 0.524527
0.016936 0.535438
0.017482 0.700963
0.019625 0.832560
0.017865 0.471079
0.011364 0.701666
0.010727 0.655063
0.012206 0.859060
0.022063 0.645411
0.011601 0.688800
0.008674 0.676037
0.012371 0.720783
0.021047 1.014599
0.020244 0.847581
0.018146 0.718562
0.013196 0.481307
0.018243 0.514177
0.010209 0.746980
0.014915 0.954407
0.015694 0.740171
0.020173 0.797835
0.020531 0.787549
0.019269 0.719655
0.003510 0.165832
0.007960 0.296310
0.010884 0.484078
0.013162 0.477032
0.012003 0.841742
0.015344 0.716621
0.016725 0.547822
0.024157 0.756821
0.015375 0.725590
0.014017 0.436687
0.017615 0.453787
0.018996 0.452857
0.021578 0.449294
0.024702 0.645430
0.025628 0.701484
0.019965 0.430276
0.020203 0.476959
0.019977 0.471065
0.019363 0.518293
0.021013 0.560976
0.018441 0.393732
0.014941 0.370502
0.015266 0.434102
0.018447 0.328210
0.019728 0.415151
0.024914 0.592797
0.021755 0.495101
0.017923 0.459113
0.016871 0.310547
0.013446 0.189078
0.017923 0.397798
0.015999 0.388320
0.012775 0.294576
0.010714 0.341854
0.017840 0.481059
0.014105 0.504753
0.013019 0.499098
0.019487 0.573530
0.017129 0.459138
0.009562 0.492541
0.007550 0.602081
0.005978 0.548272
0.005937 0.635514
0.003356 0.502953
0.005652 0.462330
0.017242 0.545304
0.007848 0.489114
0.008912 0.685490
0.011114 0.633701
0.003902 0.304208
0.003942 0.346254
0.007359 0.385626
0.010609 0.543107
0.011867 0.543429
0.008286 0.302604
0.007519 0.170709
0.007947 0.062180
0.014531 0.313193
0.013843 0.172066
0.013746 0.231682
0.012530 0.264994
0.015880 0.391155
0.015026 0.238126
0.015839 0.206131
0.017418 0.391155
0.012562 0.265612
0.016074 0.375859
0.013664 0.200882
0.013704 0.239435
0.016403 0.323653
0.025452 0.562002
0.022254 0.441516
0.019075 0.420395
0.019830 0.557997
0.032350 0.732119
0.026565 0.630490
0.034016 0.793978
0.012563 0.376858
0.011405 0.320923
0.010135 0.266323
0.010574 0.189387
0.036132 0.846748
0.012247 0.382330
0.011542 0.305171
0.015886 0.552887
0.030255 0.918715
0.016429 0.523675
0.019451 0.599728
0.064971 1.619659
0.058722 1.295146
0.020020 0.597454
0.013227 0.426364
0.014919 0.468418
0.024086 0.526026
0.050695 1.174087
0.039421 1.092742
0.014397 0.451534
0.011998 0.227312
0.039575 1.041286
0.040304 1.130633
0.018602 0.472053
0.032171 0.853868
0.015466 0.413275
0.018908 0.536554
0.025171 0.801101
0.036251 1.165479
0.019795 0.634245
0.034939 0.960428
0.027780 0.815644
0.032177 0.892294
0.030734 0.748823
0.036580 0.927055
0.035957 0.922474
0.036710 0.885058
0.040812 0.924630
0.046438 1.052240
0.036330 0.610436
0.031463 0.735471
0.039492 0.860261
0.037521 0.736663
0.040169 0.691084
0.054189 1.084040
0.043989 0.799744
0.060205 1.165525
0.067010 1.268682
0.063139 1.123573
0.059526 1.060939
0.064906 1.153280
0.061051 1.091866
0.062099 1.103163
0.070696 1.264982
0.075457 1.381045
0.080210 1.492071
0.090103 1.703801
0.080134 1.438877
0.083950 1.407418
0.101071 1.753949
0.087450 1.425133
0.084839 1.556820
0.082004 1.634582
0.079728 1.381541
0.075943 1.589230
0.070098 1.287077
0.098393 1.492958
0.092828 1.621580
0.104431 1.853938
0.088329 1.573320
0.095535 1.762210
0.071983 1.373012
0.072545 1.259320
0.088079 1.563476
0.049732 0.531282
0.063067 0.899520
0.069957 0.818981
0.064584 1.113082
0.064544 1.009162
0.071707 1.021467
0.054519 0.651980
0.078509 1.196747
0.082374 1.417188
0.067254 0.915057
0.049902 0.608903
0.063463 0.815049
0.079503 1.146005
0.067211 0.929214
0.078802 1.074845
0.081477 1.159445
0.064514 0.965792
0.088902 1.189251
0.070093 1.047226
0.074806 1.057001
0.077260 1.113436
0.074334 1.129712
0.070748 1.186799
0.070429 1.210139
0.068452 1.059542
0.073007 1.245127
0.073467 1.028536
0.065961 1.057296
0.058831 0.833767
0.068032 1.040524
0.061862 0.902547
0.048454 0.889753
0.060824 0.811309
0.064674 0.816414
0.043092 0.683193
0.044919 0.484430
0.051940 0.704321
0.065607 1.023321
0.063081 0.951054
0.062854 0.849704
0.060506 0.799312
0.058441 1.250340
0.062696 1.050987
0.055103 0.925860
0.066178 1.053284
0.037246 0.524311
0.058710 1.217814
0.075036 1.236035
0.099058 1.918753
0.135791 2.787347
0.158781 2.860897
0.136068 2.546474
0.116053 2.274511
0.101248 2.088135
0.083887 1.675330
0.087773 1.291846
0.084457 1.198873
0.058793 1.013551
0.048277 0.631316
0.046012 0.672214
0.028144 0.638264
0.046207 0.814488
0.029342 0.533421
0.031209 0.638613
0.053571 0.776855
0.036499 0.482905
0.026640 0.406228
0.027774 0.694588
0.041755 0.758464
0.036303 0.697502
0.026867 0.750386
0.035570 0.739495
0.028039 0.511069
0.032903 0.779108
0.016643 0.651953
0.020696 0.663179
0.040272 0.862107
0.027516 0.688662
0.031119 0.874209
0.017649 0.666927
0.026529 0.567163
0.040539 0.742034
0.030863 0.528967
0.026875 0.473745
0.034468 0.644920
0.018243 0.566187
0.022219 0.479829
0.021445 0.799432
0.030229 0.744852
0.044191 0.897722
0.034505 0.818498
0.035367 0.860238
0.032264 0.833125
0.027196 0.661030
0.033436 0.781334
0.032810 0.908566
0.043590 1.142550
0.026721 0.942507
0.036220 1.110427
0.033971 0.915412
0.038746 0.894911
0.033694 0.984574
0.024921 0.882760
0.044626 0.910620
0.024378 0.919956
0.025748 0.860040
0.031661 1.029052
0.024959 0.878755
0.032736 0.748077
0.027335 0.870053
0.040930 0.704231
0.045316 0.753098
0.046919 1.201233
0.023335 0.495521
0.021148 0.560778
0.035005 0.576243
0.031701 0.351442
0.028988 0.341222
0.029878 0.514000
0.032974 0.493373
0.025305 0.353896
0.026733 0.380093
0.031727 0.422530
0.029320 0.452209
0.031096 0.544992
0.027113 0.350562
0.042210 0.528359
0.038092 0.561312
0.039073 0.482539
0.043752 0.712474
0.030974 0.724468
0.010511 0.802389
0.029716 0.344379
0.014783 0.690572
0.018289 0.733378
0.012451 0.685536
0.014634 0.444442
0.013572 0.392060
0.015440 0.515339
0.012075 0.242514
0.016756 0.291659
0.016482 0.526561
0.006656 0.264990
0.003278 0.304331
0.016537 0.369019
0.018061 0.293409
0.011856 0.373448
0.010420 0.410596
0.014229 0.402603
0.014439 0.327035
0.007765 0.367342
0.014883 0.537095
0.006961 0.304166
0.005254 0.392415
0.013886 0.392245
0.002514 0.473466
0.007192 0.507352
0.009114 0.697058
0.007116 0.632146
0.015469 0.845245
0.006499 0.653791
0.008092 0.636711
0.008165 0.707803
0.006395 0.648101
0.005096 0.552824
0.009070 0.879466
0.007950 0.574308
0.015313 0.437787
0.007892 0.458899
0.008463 0.531746
0.014391 0.565618
0.012410 0.479092
0.011462 0.564347
0.011476 0.582094
0.024756 0.577506
0.012499 0.609652
0.025444 0.548178
0.014270 0.562293
0.011414 0.542945
0.009030 0.430222
0.016305 0.469036
0.012587 0.814165
0.013969 0.604245
0.014811 0.631515
0.017568 0.679166
0.014650 0.622587
0.016464 0.701544
0.024569 1.003600
0.020357 0.816590
0.030473 1.058095
0.016997 0.667131
0.015702 0.478717
0.007628 0.177900
0.004207 0.221782
0.007233 0.248534
0.014659 0.387663
0.011559 0.211533
0.018056 0.403964
0.014077 0.431911
0.010571 0.344623
0.008516 0.474410
0.012047 0.349976
0.007700 0.341865
0.008306 0.457602
0.006470 0.486900
0.014045 0.559263
0.014340 0.620226
0.019383 0.701433
0.023876 0.849362
0.013483 0.677522
0.012691 0.669597
0.026976 0.874012
0.021835 0.773502
0.032147 0.671376
0.028552 0.937107
0.016820 0.662865
0.021806 0.865287
0.022786 0.330019
0.028121 1.038883
0.019306 0.426421
0.014140 0.844376
0.009842 0.731250
0.012648 0.784888
0.007557 0.537111
0.009577 0.538599
0.012184 0.588782
0.010711 0.551290
0.014121 0.652005
0.011748 0.505179
0.015091 0.576801
0.011138 0.383295
0.012387 0.346260
0.014047 0.472559
0.016524 0.586740
0.014526 0.675239
0.009048 0.480214
0.017490 0.802851
0.015904 0.750283
0.017906 0.799361
0.029324 1.109387
0.039185 1.264617
0.035577 1.238196
0.038913 1.503118
0.042962 1.516910
0.040811 1.488035
0.044128 1.675520
0.047500 1.673690
0.034750 1.236802
0.049784 2.173678
0.042797 1.705950
0.044522 2.022688
0.061834 2.212854
0.056756 2.119443
0.055145 2.087356
0.059951 2.080476
0.060060 1.872874
0.058899 2.084371
0.056506 2.215287
0.039680 1.505285
0.031614 1.351804
0.040646 1.503145
0.038534 1.433232
0.035807 1.406964
0.044707 1.879457
0.034459 1.793466
0.036408 2.036263
0.043055 2.175914
0.025378 2.131762
0.040819 2.227133
0.049841 1.885386
0.036934 2.260700
0.040377 1.561259
0.034081 1.767399
0.056984 2.105965
0.075786 2.364505
0.074472 2.565387
0.092860 2.261321
0.066298 2.218107
0.058570 1.990206
0.072839 1.934118
0.074085 2.520102
0.073258 2.114665
0.075224 2.319166
0.062020 2.169401
0.066509 2.686341
0.074983 2.919860
0.052199 2.554911
0.100683 2.839383
0.081556 3.212829
0.072465 2.785735
0.081749 2.680844
0.086177 2.339277
0.088569 1.898800
0.077912 1.831225
0.086162 1.371836
0.094262 1.468317
0.072387 1.014837
0.082041 1.652711
0.089454 1.241575
0.090491 1.285870
0.090833 1.534636
0.080441 1.471804
0.091340 1.110540
0.066226 1.215760
0.077464 0.943686
0.071386 1.319931
0.066265 1.292832
0.077659 1.178545
0.069553 1.554372
0.118111 1.641764
0.090829 1.052654
0.130363 1.838001
0.059234 1.250230
0.090288 1.321096
0.089541 1.538637
0.075717 1.372150
0.126547 2.726598
0.141715 1.828850
0.173762 2.468423
0.101100 2.133374
0.177861 2.390813
0.106889 1.878026
0.099690 1.723431
0.139086 1.833576
0.066642 1.253233
0.074075 1.148169
0.085764 1.591637
0.048218 1.397103
0.049863 1.190890
0.083280 0.779748
0.063749 1.272128
0.054964 1.408058
0.049939 1.379801
0.093034 2.044142
0.052707 1.196955
0.055033 1.643026
0.060608 1.803753
0.060317 1.885726
0.073937 1.460954
0.053344 1.980965
0.065321 1.542847
0.056361 1.853903
0.053152 1.494302
0.062086 1.721356
0.045245 1.985346
0.061608 1.500580
0.052855 2.049134
0.047672 1.931223
0.047105 1.958330
0.053471 1.375810
0.052326 1.652018
0.045914 2.024225
0.049819 1.600956
0.056818 1.454299
0.058335 1.604080
0.081484 1.165492
0.068265 1.303292
0.069469 1.479219
0.077823 1.621852
0.066292 1.672065
0.080588 1.406074
0.073213 1.492404
0.059378 1.590525
0.052384 1.547353
0.062218 1.381630
0.060639 1.535284
0.060058 1.420380
0.063871 1.488956
0.058142 1.636995
0.074681 1.373686
0.076983 1.316596
0.078520 1.118941
0.069963 1.216390
0.073452 1.046096
0.069112 1.299227
0.074115 1.226099
0.088688 1.018644
0.082515 2.202776
0.078197 2.403240
0.071288 2.680884
0.068257 2.030540
0.064503 1.024545
0.058441 0.965448
0.055055 0.959138
0.048677 0.827468
0.037121 0.882599
0.041154 0.990854
0.033762 0.756108
0.042518 0.854409
0.038297 0.850842
0.033273 0.795274
0.030076 0.876849
0.034502 0.538122
0.025564 0.483711
0.034549 0.641023
0.025097 0.692682
0.035483 0.970960
0.036967 1.073830
0.030108 0.515126
0.029486 0.503770
0.024023 0.721665
0.027126 0.422295
0.025863 0.424795
0.038547 0.542398
0.052860 0.438525
0.049529 0.416961
0.032026 0.768588
0.034243 1.201803
0.060468 1.017236
0.050860 0.842863
0.034792 1.064457
0.035631 1.405599
0.050859 0.558801
0.033824 0.746871
0.022203 0.901346
0.028500 0.848858
0.026298 0.989511
0.020055 0.692929
0.019374 0.830297
0.018928 0.960662
0.018034 0.738945
0.018905 0.817914
0.027694 0.641039
0.021399 0.588798
0.045448 0.783807
0.013830 0.593667
0.028809 0.646641
0.036864 0.745286
0.027265 0.647956
0.032639 0.783829
0.013428 0.532296
0.022243 0.718513
0.021695 0.763299
0.014955 1.011264
0.017137 0.982760
0.015725 0.898804
0.009164 0.888233
0.026309 0.916504
0.021515 0.774141
0.009267 0.795296
0.007454 0.636832
0.026878 0.653290
0.016356 0.388925
0.035594 0.722588
0.052977 1.247792
0.014897 0.271140
0.026770 0.696900
0.039014 0.914154
0.039328 1.003696
0.045216 1.030520
0.044028 1.019183
0.043354 0.985251
0.055767 1.241997
0.035712 0.803165
0.047112 1.036734
0.029399 0.672655
0.039058 0.973860
0.068473 1.701044
0.054127 1.375192
0.051037 1.338267
0.053015 1.339753
0.038030 0.966250
0.030030 0.686697
0.015035 0.568371
0.030071 0.809857
0.042187 1.447321
0.029490 0.948353
0.046886 1.144356
0.054491 1.311494
0.047843 1.085765
0.035226 0.886430
0.033980 0.947285
0.019210 0.793772
0.033909 0.842649
0.041123 0.992214
0.034600 0.920278
0.016635 0.618257
0.040116 1.019353
0.042716 1.009990
0.032671 0.887541
0.012999 0.499460
0.030673 0.824595
0.042328 1.089046
0.054128 1.336136
0.059605 1.307148
0.053793 1.436385
0.046316 1.156486
0.027547 0.876455
0.033103 0.920097
0.039539 1.034644
0.035022 0.989152
0.028829 0.800502
0.035477 1.044184
0.028153 0.883475
0.063402 0.879833
0.047208 1.419434
0.042076 1.357394
0.027994 1.027377
0.022970 0.731558
0.029266 1.000680
0.046198 1.321195
0.049890 1.430999
0.045117 1.298927
0.049661 1.350356
0.049589 1.253754
0.049926 1.303310
0.051002 1.350018
0.051852 1.436147
0.053764 1.589384
0.059856 1.822735
0.047512 1.470947
0.049058 1.494314
0.051771 1.532755
0.064392 1.859381
0.056371 1.649307
0.055982 1.655036
0.058607 1.751615
0.056036 1.692814
0.057185 1.740486
0.062210 1.837121
0.061599 1.765324
0.051828 1.485694
0.052292 1.547845
0.052705 1.547458
0.050752 1.446475
0.049645 1.419855
0.054582 1.515554
0.059102 1.640671
0.063970 1.805003
0.063228 1.720757
0.062554 1.625511
0.061532 1.574095
0.064390 1.628535
0.062422 1.556743
0.068222 1.728259
0.069824 1.818637
0.071339 1.780131
0.072533 1.793871
0.081687 2.056601
0.086019 2.118741
0.076193 1.931989
0.078530 1.945723
0.077931 1.877184
0.080301 2.002334
0.072408 1.704120
0.066989 1.604657
0.054649 1.200961
0.061179 1.351563
0.056465 1.193977
0.052934 1.320831
0.040657 0.850229
0.070821 1.814691
0.069507 1.827833
0.085750 2.208519
0.081101 2.153430
0.078309 2.135573
0.074672 2.026524
0.084254 2.453531
0.066490 1.861149
0.097623 2.895159
0.113059 3.403079
0.079445 2.155783
0.082278 2.359282
0.080771 2.271153
0.076350 2.181094
0.086916 2.494205
0.099878 2.829395
0.078424 2.268861
0.102765 3.035734
0.065645 1.856760
0.058452 1.805728
0.048997 1.557275
0.050489 1.685986
0.042794 1.503519
0.058601 1.919839
0.037762 1.397483
0.057765 1.908831
0.018522 0.576966
0.066020 2.027872
0.037172 1.246748
0.053551 1.341494
0.032705 0.563873
0.023951 0.344391
0.051822 0.914890
0.040666 0.570502
0.036672 0.458414
0.025770 0.195909
0.037721 0.575925
0.036446 0.392057
0.041952 0.556168
0.048995 0.785799
0.047340 1.085209
0.049912 0.821415
0.038054 0.684989
0.033700 0.743731
0.046689 1.037656
0.046607 1.095857
0.042436 1.017548
0.039232 1.133897
0.054968 1.519229
0.040128 1.080725
0.041881 1.254036
0.040664 1.251050
0.044338 1.552596
0.070908 2.032914
0.073685 2.097861
0.059799 1.833776
0.057813 1.851852
0.070777 2.058225
0.062569 1.903649
0.071021 2.041328
0.068531 1.978934
0.075523 2.059984
0.067757 1.881578
0.074654 2.021090
0.065186 1.827573
0.051585 1.372204
0.029610 1.260402
0.058214 1.796099
0.056310 1.409234
0.045259 1.248107
0.048761 1.224913
0.048199 1.403865
0.063712 1.600893
0.051312 1.283241
0.069901 1.313140
0.054881 1.108971
0.062301 1.241613
