0.008058 0.442919
0.005151 0.375298
0.006291 0.421776
0.006255 0.389509
0.008255 0.397755
0.006362 0.386766
0.005101 0.365871
0.004682 0.332577
0.005703 0.370347
0.004349 0.402055
0.003585 0.367807
0.009844 0.460011
0.007581 0.374530
0.006736 0.347130
0.005443 0.429213
0.005094 0.325537
0.003728 0.324994
0.002506 0.339283
0.007818 0.378409
0.006525 0.382640
0.004587 0.352685
0.006045 0.382365
0.004929 0.415302
0.008176 0.415771
0.005096 0.373316
0.004513 0.319694
0.006551 0.421145
0.004163 0.368900
0.006736 0.431906
0.011007 0.492989
0.012531 0.530569
0.017831 0.379272
0.016348 0.639148
0.011868 0.539159
0.014847 0.677609
0.015451 0.757675
0.014939 0.676735
0.018039 0.796957
0.023363 0.927763
0.026709 1.139126
0.025671 1.105767
0.027186 1.190317
0.023949 1.043762
0.025642 1.161768
0.029478 1.375004
0.033754 1.463529
0.036480 1.609000
0.033137 1.628125
0.030463 1.525644
0.031824 1.570135
0.036441 1.761997
0.033975 1.580170
0.035818 1.529376
0.037075 1.689748
0.045093 2.035658
0.038533 1.808766
0.037975 1.760946
0.039148 1.797152
0.039601 1.858207
0.043180 1.928562
0.046704 2.077877
0.043064 1.971290
0.042627 1.967765
0.040199 1.845385
0.042087 1.949165
0.040561 1.853874
0.038672 1.758053
0.039166 1.805740
0.041640 1.951538
0.043799 2.046054
0.041826 1.906677
0.037252 1.744350
0.035838 1.704451
0.036162 1.702230
0.037747 1.734452
0.039000 1.749407
0.043696 1.907815
0.041953 1.824464
0.040291 1.799939
0.045523 1.876872
0.043446 1.796190
0.043238 1.810199
0.040145 1.672809
0.041875 1.799395
0.038425 1.584236
0.039268 1.629955
0.042684 1.738557
0.042510 1.670946
0.048320 1.857703
0.053485 1.971769
0.052087 1.959381
0.039934 1.732568
0.047929 1.824848
0.047847 1.795414
0.048470 1.860315
0.050140 2.047222
0.051412 2.044049
0.049259 1.957736
0.052313 2.067193
0.053059 2.087005
0.053096 2.090363
0.057033 2.188987
0.056968 2.158486
0.060581 2.300993
0.061696 2.361219
0.073992 2.391165
0.058115 2.318420
0.064682 2.286901
0.071047 2.460084
0.071060 2.439844
0.078993 2.651884
0.074581 2.477472
0.073659 2.573243
0.066258 2.765716
0.077014 2.637679
0.078355 2.705673
0.076109 2.541449
0.075397 2.674782
0.081909 2.610503
0.081421 2.668404
0.081216 2.709509
0.082041 2.529438
0.080907 2.297737
0.087712 2.084455
0.085837 2.123073
0.097666 2.328448
0.087220 2.103124
0.094067 2.201897
0.107261 2.786209
0.091993 2.125440
0.088637 2.078441
0.077226 2.076909
0.076141 2.274094
0.077000 2.088449
0.077980 2.255759
0.065995 1.952392
0.066897 1.969203
0.071112 2.109166
0.070897 2.020036
0.067175 2.042146
0.064323 2.090744
0.058160 1.884274
0.059905 2.008335
0.060033 2.026352
0.059456 1.893525
0.060711 1.937572
0.066449 2.041678
0.066526 2.029073
0.053362 1.717786
0.059818 1.852270
0.065596 1.889839
0.066613 1.848401
0.062700 2.035492
0.074175 2.388385
0.068353 2.081598
0.057178 1.655731
0.062501 1.918178
0.071983 2.474633
0.064585 2.133482
0.048480 1.568988
0.048224 1.574893
0.046692 1.454240
0.051609 1.737146
0.045669 1.614559
0.045840 1.432715
0.044025 1.373426
0.046517 1.359574
0.046204 1.506375
0.042098 1.423853
0.039669 1.327162
0.042238 1.661706
0.036456 1.468437
0.032630 1.305541
0.038032 1.706281
0.032614 1.521492
0.029780 1.381553
0.032894 1.549328
0.028181 1.479614
0.030865 1.499526
0.027949 1.298183
0.025460 1.146160
0.027875 1.368602
0.035487 1.746145
0.037222 1.851509
0.034045 1.694622
0.028436 1.381593
0.030081 1.366725
0.030646 1.471202
0.026840 1.305309
0.029508 1.469716
0.024839 1.187274
0.024615 1.172180
0.027092 1.349846
0.034598 1.829028
0.028209 1.636363
0.020543 1.152995
0.023879 1.175286
0.025938 1.215653
0.021420 1.305782
0.020606 1.401634
0.023972 1.420733
0.021101 1.276142
0.021149 1.191549
0.018563 1.094311
0.018054 1.064539
0.017386 0.985206
0.018672 1.185398
0.022488 1.140831
0.016967 1.005180
0.019062 1.217297
0.023655 1.259240
0.021327 1.232603
0.023196 1.245916
0.026670 1.326451
0.023647 1.303038
0.025998 1.377245
0.023359 1.191172
0.016020 0.928812
0.021600 1.089640
0.023542 1.115004
0.017645 0.948595
0.018791 1.003921
0.018161 0.913180
0.018269 0.933321
0.026650 1.353131
0.029611 1.137911
0.015448 0.665913
0.014911 0.660978
0.011964 0.526114
0.012675 0.525183
0.009674 0.369295
0.014324 0.491967
0.011242 0.368757
0.020060 0.638996
0.015339 0.495930
0.014138 0.429822
0.017963 0.505889
0.019273 0.634530
0.019713 0.717330
0.018704 0.592129
0.015769 0.559718
0.016456 0.601322
0.023634 0.826411
0.025625 0.972963
0.019297 0.700028
0.020294 0.744115
0.020178 0.746281
0.017852 0.638145
0.019483 0.671644
0.014169 0.490327
0.021880 0.807734
0.021846 0.839056
0.018262 0.720474
0.012608 0.513836
0.020775 0.774861
0.023541 0.953938
0.013453 0.565269
0.023230 0.786349
0.013027 0.586673
0.013195 0.635666
0.010760 0.464936
0.014814 0.713759
0.014221 0.606876
0.013342 0.543546
0.011433 0.456527
0.014422 0.537032
0.009535 0.313649
0.010059 0.292241
0.007714 0.213480
0.006831 0.270661
0.011673 0.450670
0.009754 0.428496
0.009685 0.440259
0.011870 0.199146
0.015863 0.700563
0.015586 0.630027
0.012682 0.328600
0.015671 0.606390
0.015006 0.467807
0.020792 0.667037
0.022605 0.914196
0.017279 0.426498
0.016116 0.557240
0.021209 0.871685
0.019323 0.617202
0.019601 0.824700
0.019394 0.815509
0.023969 1.063415
0.022479 0.892653
0.021617 0.881267
0.016575 0.693909
0.029677 1.191577
0.031093 1.273347
0.020508 0.786136
0.018240 0.712331
0.015539 0.643194
0.010764 0.857063
0.011262 0.173123
0.013334 0.519957
0.015001 0.235147
0.014918 0.232423
0.011472 0.297213
0.012019 0.373425
0.016592 0.524555
0.013353 0.230838
0.011992 0.554072
0.012911 0.642173
0.013256 0.404809
0.015299 0.790448
0.011600 0.687830
0.008508 0.396736
0.011045 0.850415
0.005593 0.486766
0.009993 0.744852
0.009420 0.707917
0.011998 0.913887
0.017775 1.182095
0.013768 0.903334
0.009633 0.862635
0.011526 1.040874
0.015406 1.093446
0.010376 0.960848
0.009101 0.919424
0.012556 0.976497
0.013522 1.089648
0.023374 1.395863
0.020334 1.346225
0.011404 1.187576
0.015593 1.271319
0.008275 0.740319
0.015173 1.095738
0.010733 0.957887
0.008785 0.916114
0.005724 0.861348
0.011608 0.744868
0.012296 0.568347
0.014477 0.584210
0.006973 0.811436
0.013019 0.896432
0.005193 0.752802
0.008125 0.953831
0.010346 1.034490
0.009737 1.030253
0.006333 0.756323
0.007031 0.963556
0.007448 1.149300
0.006277 0.974979
0.009753 0.902570
0.010963 0.935295
0.009829 0.839064
0.018571 1.046240
0.014648 0.815606
0.021984 0.938313
0.019218 0.935519
0.014017 0.790629
0.016528 0.935748
0.011298 0.805254
0.009424 0.803078
0.009375 0.733775
0.010006 0.716078
0.014209 0.701922
0.018587 0.939729
0.014106 0.557193
0.014584 0.595769
0.011575 0.409698
0.020121 0.787153
0.012691 0.682460
0.012938 0.711489
0.009197 0.706217
0.015156 0.689182
0.017385 0.607807
0.009075 0.459981
0.018301 0.762642
0.016276 0.646600
0.013146 0.511208
0.021651 0.846819
0.009812 0.545746
0.015276 0.233703
0.015629 0.243977
0.017029 0.429516
0.011900 0.437108
0.019680 0.780753
0.018791 0.592522
0.019568 0.622574
0.017114 0.509185
0.017565 0.525570
0.017257 0.631971
0.016760 0.291968
0.023185 0.685547
0.020864 0.733848
0.020004 0.622118
0.020001 0.598040
0.015478 0.535918
0.010306 0.494521
0.016389 0.589641
0.015632 0.507997
0.012505 0.503350
0.011655 0.336649
0.010095 0.436552
0.021062 0.526936
0.022244 0.544272
0.027610 0.745123
0.024960 0.743900
0.027861 0.747897
0.020031 0.408209
0.016458 0.444419
0.021247 0.739727
0.019176 0.781304
0.030365 1.043821
0.026261 0.894389
0.025720 0.882373
0.020593 0.703744
0.019357 0.829743
0.028010 1.059999
0.032864 1.110621
0.030173 0.999839
0.020199 0.596488
0.010430 0.612025
0.018893 0.655202
0.024547 0.852220
0.024569 0.667062
0.035705 1.118880
0.020863 0.826395
0.019197 0.746795
0.019642 0.664349
0.024126 0.926839
0.031652 1.158394
0.030470 0.996285
0.031895 1.059985
0.020850 0.716193
0.013082 0.595640
0.027828 0.897465
0.030429 1.004501
0.018227 0.697677
0.024334 0.851748
0.029373 0.929439
0.026394 0.917104
0.038854 1.275991
0.022502 0.933125
0.022914 0.730858
0.040763 1.328938
0.035935 1.231895
0.021798 0.954180
0.026776 0.988775
0.029758 1.023086
0.028264 0.989370
0.036750 1.264977
0.029542 1.044717
0.027629 0.982152
0.019502 0.811189
0.021990 0.884891
0.015164 0.742015
0.020037 0.758713
0.018876 0.706957
0.021246 0.897853
0.020762 0.866595
0.016271 0.756866
0.019934 0.814506
0.015738 0.703424
0.017555 0.685522
0.018045 0.712835
0.014618 0.744092
0.011016 0.653283
0.009459 0.540729
0.013608 0.698567
0.009036 0.613921
0.010660 0.625094
0.012733 0.705554
0.014503 0.633046
0.011002 0.632393
0.011602 0.640659
0.008709 0.525256
0.017065 0.668080
0.015837 0.672729
0.016235 0.654197
0.014377 0.569843
0.016028 0.576144
0.015193 0.647301
0.015226 0.613399
0.023153 0.769354
0.029503 0.895399
0.028396 0.892354
0.021890 0.675004
0.025347 0.760128
0.029140 0.831602
0.035769 1.017929
0.030328 0.852947
0.025511 0.686488
0.027027 0.767558
0.027495 0.780103
0.026214 0.777512
0.026034 0.734991
0.027757 0.764758
0.033107 0.918185
0.021076 0.482248
0.023087 0.499136
0.020232 0.528699
0.019366 0.502132
0.016868 0.515496
0.020113 0.518381
0.023786 0.658889
0.032095 0.920712
0.021895 0.704293
0.030200 0.845507
0.027915 0.763379
0.016826 0.522559
0.030027 0.928195
0.029399 0.881004
0.038508 1.103389
0.034978 0.986443
0.031136 0.979031
0.023500 0.775143
0.028094 0.921526
0.028079 0.933060
0.032104 1.229624
0.031912 1.120259
0.040790 1.318888
0.036011 1.215617
0.033635 1.257075
0.033995 1.297644
0.036803 1.364753
0.037402 1.390668
0.040207 1.566639
0.047816 1.721112
0.048476 1.732045
0.040654 1.617785
0.041802 1.637274
0.042792 1.710869
0.040201 1.582225
0.027543 1.158807
0.037159 1.595527
0.034521 1.530481
0.048372 1.845424
0.049743 2.054606
0.047416 1.876316
0.040299 1.586358
0.025097 1.279935
0.035191 1.543222
0.031451 1.396268
0.033289 1.417608
0.027301 1.294661
0.032498 1.214798
0.032643 1.301273
0.026895 1.196790
0.025674 1.128856
0.031812 1.244661
0.036477 1.329549
0.038364 1.317149
0.031729 1.286718
0.036833 1.356455
0.041017 1.362180
0.035883 1.225758
0.042369 1.312947
0.048567 1.418349
0.044011 1.345230
0.045627 1.389692
0.047911 1.327410
0.047116 1.392880
0.050965 1.526910
0.050907 1.374465
0.042024 1.276556
0.026550 0.985841
0.043854 1.289215
0.045144 1.286446
0.035978 1.159123
0.034400 1.185430
0.040869 1.331581
0.045292 1.272925
0.044273 1.215101
0.033948 1.146232
0.034098 1.139594
0.034906 1.119564
0.032955 1.243094
0.041863 1.326137
0.057539 1.620534
0.049075 1.496826
0.040317 1.396494
0.042919 1.346478
0.044862 1.292854
0.037883 1.271926
0.037311 1.447160
0.042589 1.540335
0.049232 1.643368
0.038551 1.598120
0.041212 1.621715
0.041348 1.635531
0.035282 1.581538
0.038483 1.624881
0.042641 1.580393
0.035795 1.500693
0.049404 2.028249
0.066474 2.438219
0.052267 1.915797
0.053595 1.927096
0.043829 1.767158
0.047546 1.895868
0.044998 1.773936
0.035842 1.589625
0.042341 1.629639
0.039163 1.524662
0.038135 1.359486
0.035416 1.290602
0.040666 1.424895
0.043913 1.633754
0.033949 1.295922
0.039302 1.256212
0.039336 1.068422
0.033859 0.980414
0.031600 0.931177
0.027780 1.134949
0.032163 1.088694
0.034288 1.145594
0.041861 1.275628
0.048558 1.224763
0.049649 1.526754
0.040577 1.600602
0.030066 1.375675
0.031748 1.361001
0.026958 1.148606
0.034562 1.294649
0.023499 0.986692
0.020231 0.967011
0.025314 1.025788
0.019915 0.836079
0.041702 1.680487
0.033162 1.460612
0.020398 1.020671
0.024404 1.148451
0.027188 1.277414
0.024727 1.140014
0.017243 0.597288
0.017762 0.513397
0.017733 0.711004
0.031693 1.157990
0.047864 2.129222
0.036398 1.192312
0.029552 1.350479
0.028281 1.308463
0.028996 1.237903
0.036624 1.306460
0.034307 1.299655
0.028458 1.028521
0.037605 1.781128
0.028503 1.432489
0.027807 1.382771
0.031899 1.024275
0.033242 1.280464
0.032165 1.352193
0.033187 1.245003
0.035158 1.595980
0.036539 1.817222
0.037032 1.764047
0.040633 2.053420
0.033779 1.582145
0.044821 2.306801
0.035762 1.876350
0.035603 1.829048
0.027522 1.458601
0.028073 1.471187
0.031062 1.321720
0.026956 1.300751
0.032631 1.754444
0.025659 1.495142
0.020446 1.156149
0.023266 1.371218
0.018553 0.989954
0.011917 0.796829
0.012561 0.896528
0.011596 0.891597
0.013795 0.891209
0.005384 0.784639
0.006045 1.014871
0.013757 0.791395
0.008486 1.034024
0.009870 0.511956
0.009101 0.436171
0.006934 0.723966
0.002888 0.911164
0.005705 1.124058
0.004157 0.820050
0.009714 0.722883
0.009097 0.983166
0.011509 0.819429
0.009684 0.707382
0.006785 0.800800
0.005892 0.862358
0.006919 0.812699
0.005090 0.782873
0.005551 0.809553
0.012586 1.055280
0.013355 0.985605
0.010844 1.014107
0.011402 1.067591
0.011900 0.975380
0.011556 0.943438
0.013951 1.132298
0.011881 1.094069
0.008450 0.873737
0.013364 1.122528
0.015652 1.235000
0.016594 1.270443
0.017076 1.293788
0.019167 1.298580
0.025990 1.761163
0.024611 1.676364
0.026618 1.789903
0.010960 1.089096
0.016034 1.249357
0.012469 1.065851
0.019409 1.391323
0.013552 1.152074
0.014368 1.140669
0.021515 1.438617
0.012339 0.810765
0.014896 0.887669
0.016993 0.955685
0.020197 1.439944
0.010391 0.756785
0.012553 0.957394
0.012084 0.707250
0.016558 0.777746
0.010806 0.519978
0.018332 1.213792
0.014408 1.107388
0.004231 0.374244
0.010024 0.197632
0.006221 0.169016
0.007243 0.270742
0.006977 0.443341
0.010769 0.628874
0.002326 0.201883
0.005034 0.388528
0.007467 0.354345
0.008216 0.385914
0.007972 0.307299
0.011381 0.399518
0.015727 0.685504
0.013957 0.583436
0.013520 0.509000
0.008839 0.261670
0.009110 0.324878
0.010258 0.287751
0.010331 0.377489
0.009088 0.195673
0.004611 0.088023
0.010244 0.439434
0.012515 0.411750
0.015453 0.610228
0.010639 0.281357
0.013723 0.635227
0.009937 0.432732
0.007758 0.305997
0.013406 0.147757
0.007234 0.293482
0.012804 0.185354
0.012847 0.467966
0.013699 0.591555
0.013418 0.117132
0.010224 0.268462
0.011580 0.357598
0.019494 0.344079
0.015570 0.364644
0.022525 0.365516
0.018814 0.238037
0.019096 0.353996
0.028467 0.483283
0.018908 0.295806
0.008296 0.623154
0.006979 0.168619
0.014711 0.582695
0.008575 0.235858
0.010669 0.556002
0.012120 0.141027
0.014049 0.363817
0.013175 0.466107
0.013195 0.838091
0.009187 0.461699
0.003157 0.320253
0.004809 0.254744
0.012794 0.782343
0.012745 0.648101
0.019107 0.791264
0.005448 0.152647
0.011769 0.840956
0.007480 0.384658
0.007175 0.555406
0.017056 0.842428
0.012641 0.769592
0.007332 0.631030
0.015178 1.038062
0.019818 1.333660
0.018230 1.022488
0.018860 0.862077
0.026504 1.489781
0.033005 2.042617
0.021131 1.444914
0.017509 1.204606
0.027103 1.718329
0.026587 1.551860
0.038723 2.277079
0.038063 2.348655
0.027141 1.607332
0.044325 2.587103
0.039187 2.335429
0.036491 2.270210
0.023545 1.282560
0.027961 1.516435
0.041411 2.335809
0.028874 1.525037
0.037269 2.185137
0.023940 1.389608
0.055404 3.130620
0.027640 1.528220
0.047327 2.635919
0.024855 1.413491
0.021481 1.277050
0.056549 3.389929
0.037030 2.061811
0.019906 1.206188
0.025552 1.539254
0.026200 1.657008
0.034524 1.977889
0.020880 1.285127
0.017080 0.871651
0.023374 1.231480
0.024307 1.065855
0.023449 1.111924
0.027577 1.425176
0.018885 0.738465
0.022564 0.843286
0.015375 0.587289
0.017564 0.948576
0.012276 0.527849
0.017758 0.502713
0.026471 1.143989
0.028995 1.285240
0.032348 1.526255
0.026568 1.007507
0.023294 1.031669
0.019347 0.569110
0.016750 0.450133
0.023252 0.918818
0.022677 0.804711
0.002226 0.208387
0.012809 0.788133
0.006634 0.433506
0.009659 0.533099
0.016169 0.493848
0.020553 0.627841
0.017901 0.553088
0.029242 0.923916
0.018869 0.921490
0.013312 0.742678
0.008177 0.423980
0.009802 0.571682
0.020387 0.830840
0.019993 0.665667
0.024792 1.199197
0.028866 1.645206
0.009312 0.728810
0.011981 0.735654
0.023324 1.345573
0.011214 0.577477
0.018283 1.132928
0.020339 1.128232
0.015967 0.894213
0.023681 1.317781
0.024631 0.805733
0.017340 0.633511
0.018203 0.621078
0.025805 0.872578
0.020394 0.978339
0.022533 0.866224
0.022634 0.780019
0.023578 1.128576
0.020024 0.737439
0.021391 1.057683
0.022866 0.803932
0.023770 0.926881
0.011690 0.621452
0.016671 0.721860
0.027472 1.317952
0.035036 1.297411
0.031453 1.116071
0.030767 1.313267
0.025477 1.510576
0.027409 1.344136
0.024904 1.110012
0.017749 0.902199
0.018450 1.059654
0.020749 1.050867
0.022559 1.191533
0.019868 0.987809
0.025273 1.068503
0.018385 0.951573
0.023000 1.175342
0.024087 1.223216
0.023298 1.236428
0.024069 1.235639
0.028481 1.470245
0.024088 1.232253
0.021942 1.138768
0.025281 1.313288
0.024379 1.273781
0.023709 1.206186
0.025199 1.259346
0.027233 1.370196
0.026423 1.338517
0.028699 1.404156
0.032090 1.598620
0.021935 1.206425
0.024793 1.259628
0.023970 1.248374
0.020442 1.149433
0.022257 1.178764
0.020452 1.070722
0.024490 1.266011
0.016830 1.011222
0.022551 1.146024
0.015970 0.986154
0.017837 1.022271
0.017918 1.004650
0.015589 0.947687
0.016120 0.981980
0.014210 0.904742
0.016067 1.176351
0.012110 0.904058
0.012329 0.913329
0.013424 1.040289
0.014491 1.113605
0.013553 1.070106
0.018556 1.131600
0.012125 1.079224
0.008137 0.722179
0.010440 0.992898
0.010814 1.200973
0.011296 1.213318
0.015573 1.131010
0.012454 0.926660
0.010234 0.957540
0.015607 1.143395
0.016296 1.457512
0.016211 1.170233
0.008122 1.018470
0.009545 0.969711
0.012530 1.004566
0.011456 1.434541
0.015317 1.122781
0.016620 1.099684
0.013583 1.121530
0.013806 1.438520
0.016500 1.446066
0.018191 1.198087
0.019123 1.357642
0.015059 1.143322
0.014483 1.186984
0.017541 1.339370
0.017852 1.200513
0.018598 1.305139
0.018578 1.154458
0.018839 1.022042
0.014597 1.078708
0.019411 0.612108
0.017792 1.104602
0.019263 1.075504
0.014687 0.934831
0.022301 1.081149
0.024646 1.150497
0.025188 1.205019
0.021094 0.938045
0.026808 1.092257
0.025033 0.980884
0.018439 1.013643
0.023433 1.024723
0.026298 1.027075
0.026125 1.286017
0.027305 1.145722
0.029587 1.121369
0.032575 1.167339
0.030057 1.065082
0.031553 1.121343
0.033956 1.128771
0.036216 1.225962
0.037238 1.258007
0.031365 1.004445
0.040680 1.394656
0.038461 1.306477
0.034931 1.151058
0.031656 0.948177
0.031382 0.924057
0.037489 1.199842
0.035187 1.141868
0.035228 1.080644
0.023309 1.273753
0.026708 0.779286
0.033645 1.034273
0.031280 0.969166
0.032196 1.026124
0.029502 0.911767
0.035570 1.109199
0.018939 0.509262
0.017772 0.482863
0.017815 0.465984
0.014587 0.381032
0.012944 0.347706
0.014522 0.474060
0.013408 0.426254
0.011242 0.360846
0.011421 0.453408
0.009997 0.451385
0.011205 0.371176
0.009671 0.347315
0.008882 0.249632
0.013007 0.344536
0.012797 0.330125
0.009844 0.323770
0.009176 0.348070
0.010086 0.300670
0.018711 1.370741
0.012658 0.402951
0.009685 0.341740
0.008676 0.300884
0.009281 0.327279
0.004710 0.233772
0.004835 0.145256
0.006102 0.258997
0.004662 0.186367
0.007442 0.409037
0.008907 0.410296
0.008328 0.423858
0.017714 0.636147
0.009874 0.410522
0.008667 0.459426
0.010348 0.406497
0.014836 0.358047
0.007030 0.329803
0.009918 0.312467
0.012241 0.363807
0.008283 0.355755
0.007347 0.364190
0.006473 0.302620
0.005782 0.363742
0.005654 0.293138
0.008825 0.332282
0.006736 0.324941
0.005935 0.319118
0.009227 0.378076
0.008378 0.340780
0.009020 0.405142
0.012315 0.459931
0.012704 0.456751
0.012355 0.458966
0.021258 0.511063
0.018103 0.474593
0.015252 0.468357
0.014658 0.406621
0.015151 0.431323
0.013240 0.464079
0.017406 0.461176
0.014750 0.452097
0.014356 0.445410
0.013795 0.419438
0.009245 0.414227
0.012255 0.485008
0.012995 0.484999
0.010420 0.459862
0.010392 0.497736
0.013521 0.604251
0.017651 0.646505
0.011603 0.504760
0.020585 0.680383
0.034353 1.236602
0.018729 0.588616
0.019188 0.496148
0.021728 1.264082
0.012343 0.485222
0.014247 0.482574
0.018936 0.614159
0.012012 0.478830
0.011983 0.519473
0.013370 0.438749
0.012492 0.456016
0.009732 0.505865
0.022293 0.430906
0.015023 0.716475
0.014659 0.703095
0.010098 0.595302
0.014297 0.631366
0.010034 0.626976
0.010626 0.559382
0.011053 0.683497
0.012573 0.751567
0.015349 0.558498
0.016713 0.936922
0.021309 1.131722
0.022568 1.142560
0.024500 1.035102
0.020807 1.138834
0.018301 1.214080
0.020143 1.202649
0.018907 1.177314
0.016269 0.965758
0.018352 1.254998
0.016460 1.328540
0.023032 1.586089
0.012772 0.920888
0.013614 1.022939
0.019466 1.104111
0.018838 1.078559
0.019947 1.130515
0.024959 1.201309
0.022220 1.093117
0.023710 0.940332
0.020453 1.419183
0.024759 1.555738
0.020920 1.428684
0.015351 1.442114
0.015129 1.438895
0.020176 1.425094
0.027919 1.370769
0.038658 1.645667
0.038134 1.710684
0.037355 1.417207
0.037426 1.689188
0.047552 1.957081
0.032663 1.550308
0.039610 1.797120
0.035550 1.649954
0.040795 1.988384
0.026231 1.510227
0.022050 1.196406
0.015811 1.200156
0.038621 1.833547
0.026367 1.442065
0.025962 1.408522
0.034639 1.716608
0.032127 1.654966
0.027384 1.591013
0.031337 1.657773
0.030842 1.575625
0.034297 1.815707
0.022944 1.550543
0.020626 1.422766
0.024050 1.561483
0.023825 1.615781
0.018081 1.323335
0.012792 1.195579
0.017207 1.329665
0.017506 1.443491
0.020949 1.444988
0.023450 1.594264
0.021783 1.393206
0.013880 1.247302
0.015320 1.246046
0.011175 1.089891
0.010731 1.071937
0.016415 1.246238
0.015692 1.220693
0.013132 1.139678
0.016815 1.086310
0.009349 1.125164
0.000918 0.842986
0.013112 1.069826
0.015890 1.409247
0.011673 1.326831
0.019174 1.404755
0.018471 1.616983
0.017318 1.375088
0.021721 1.689793
0.014437 1.504480
0.012306 1.433438
0.016827 1.393748
0.010538 1.192477
0.015205 1.402117
0.013649 1.824291
0.006078 0.911702
0.007801 0.707278
0.007233 0.577199
0.011951 0.555507
0.012542 0.655134
0.010738 0.666705
0.012440 0.723677
0.012700 0.621450
0.015213 0.695882
0.018269 0.696919
0.016967 0.688084
0.015989 0.650703
0.013574 0.679721
0.017210 0.768607
0.012719 0.759948
0.012764 0.760112
0.010316 0.780468
0.008190 0.757852
0.008345 0.736823
0.007401 0.696769
0.008760 0.697980
0.004025 0.559611
0.009030 0.914224
0.010357 0.629104
0.007487 0.572001
0.010306 0.749632
0.009735 0.624531
0.010816 0.598650
0.012958 0.571704
0.014405 0.825759
0.012181 0.424893
0.012323 0.448037
0.011048 0.425794
0.012212 0.501713
0.014864 0.540186
0.017544 0.674328
0.013030 0.383790
0.008772 0.404057
0.010181 0.349498
0.012641 0.480622
0.012322 0.420117
0.017423 0.620454
0.016458 0.586494
0.021542 0.665007
0.019624 0.578766
0.020033 0.546391
0.023917 0.701141
0.021462 0.569324
0.024688 0.654207
0.028235 0.952288
0.021210 0.728947
0.022980 0.955467
0.024920 0.972625
0.026184 1.062967
0.025987 1.050817
0.027588 1.056235
0.025404 1.076779
0.025922 1.016300
0.028459 1.230324
0.028448 1.241855
0.027192 1.150393
0.029930 1.284531
0.023890 1.195131
0.022683 1.047217
0.019470 1.077081
0.018779 0.986830
0.019211 1.061148
0.014522 0.972210
0.022905 1.585590
0.014814 1.064311
0.010294 0.987010
0.014661 1.012960
0.015201 1.218409
0.014186 1.096137
0.016640 1.124405
0.013736 0.929734
0.011201 0.821048
0.010393 0.737220
0.008662 0.818508
0.009916 0.587228
0.007976 0.613555
0.012294 0.593203
0.014969 0.631470
0.011071 0.517453
0.009594 0.652766
0.006108 0.525565
0.010917 0.486970
0.008065 0.556206
0.010196 0.442837
0.008987 0.426342
0.005506 0.400757
0.006800 0.237259
0.009309 0.556104
0.008932 0.494839
0.005080 0.392138
0.006388 0.162600
0.006114 0.262539
0.005874 0.194792
0.005903 0.194513
0.008050 0.118190
0.010106 0.304887
0.006299 0.404428
0.011172 0.393415
0.007715 0.367802
0.008399 0.511662
0.009211 0.374587
0.003106 0.265345
0.006376 0.248971
0.004937 0.347080
0.007502 0.335291
0.005899 0.217894
0.007711 0.169942
0.006791 0.261434
0.007618 0.321057
0.007776 0.489831
0.006492 0.543423
0.008945 0.660231
0.007087 0.596652
0.014605 0.730926
0.014825 0.563645
0.010668 0.475784
0.007902 0.550481
0.008432 0.548573
0.012529 0.473315
0.012752 0.446085
0.011777 0.564459
0.014258 0.651010
0.011567 0.563864
0.012124 0.544478
0.014437 0.597487
0.012740 0.591645
0.015843 0.505419
0.016225 0.485967
0.015663 0.488534
0.014763 0.501614
0.014442 0.435641
0.018125 0.445082
0.019309 0.486358
0.020013 0.506735
0.020306 0.502703
0.021261 0.550517
0.024492 0.646737
0.023669 0.611354
0.024448 0.676977
0.027516 0.789045
0.027753 0.824675
0.026095 0.746063
0.024269 0.716851
0.027453 0.856745
0.026514 0.829773
0.025508 0.737912
0.024691 0.702086
0.024098 0.671853
0.023680 0.690371
0.022177 0.562435
0.023112 0.664899
0.022003 0.626078
0.021750 0.594890
0.021177 0.561584
0.018484 0.435601
0.019481 0.508534
0.020220 0.534823
0.013025 0.275612
0.013021 0.283895
0.008353 0.307823
0.013763 0.407521
0.017061 0.478895
0.018631 0.452180
0.015124 0.389815
0.013160 0.377141
0.015052 0.381116
0.017129 0.742838
0.016725 0.441097
0.019036 0.480490
0.013882 0.336745
0.017166 0.410106
0.016394 0.397473
0.017290 0.434737
0.015610 0.345415
0.009578 0.322585
0.010682 0.316560
0.016490 1.216719
0.016171 1.062008
0.014103 0.412372
0.011519 0.248820
0.013329 0.289652
0.014727 0.326271
0.013721 0.293020
0.009729 0.127681
0.011566 0.134033
0.011414 0.119293
0.008853 0.108109
0.009279 0.268661
0.008418 0.213616
0.005894 0.158009
0.009356 0.318670
0.012327 0.402452
0.011248 0.375362
0.013995 0.499063
0.014506 0.502383
0.013978 0.514356
0.015023 0.536283
0.016029 0.571641
0.012690 0.509814
0.014325 0.575935
0.017852 0.734453
0.018375 0.753266
0.016602 0.737529
0.015081 0.643072
0.019702 0.844465
0.016661 0.750602
0.019804 0.954831
0.021922 0.952491
0.021697 0.933403
0.022515 0.982729
0.023895 0.740127
0.022717 0.976902
0.022153 1.008498
0.019785 0.858084
0.019841 0.794004
0.020305 0.831295
0.019227 0.777249
0.019512 0.610755
0.020075 0.629862
0.018527 0.693351
0.015770 0.577724
0.021305 1.212490
0.018254 0.549202
0.021035 0.682744
0.020105 0.631291
0.017188 0.570591
0.015970 0.559382
0.017940 0.699367
0.016557 0.655084
0.010208 0.573841
0.017041 0.782846
0.018571 0.807711
0.012335 0.599215
0.014588 0.858614
0.018867 1.055261
0.014144 0.738346
0.008414 0.699236
0.006768 0.644092
0.011843 0.533740
0.018376 0.619255
0.006960 0.525513
0.008714 0.681790
0.013402 0.827134
0.012859 0.582223
0.018284 0.654656
0.009386 0.597487
0.006201 0.874027
0.006311 0.829173
0.011353 0.863822
0.015816 0.958180
0.007398 0.853829
0.004599 0.871242
0.008496 0.806162
0.004722 0.953400
0.009000 0.949029
0.012056 1.048500
0.012014 1.000549
0.017539 1.031729
0.007104 1.067625
0.009991 0.966008
0.013275 0.897628
0.015133 1.220280
0.025286 1.243118
0.018421 1.217701
0.010902 1.316942
0.017212 1.615742
0.014700 1.499385
0.009650 1.172383
0.012160 1.252304
0.011536 1.290046
0.015370 1.457728
0.011168 1.299494
0.013066 1.512806
0.018052 1.770615
0.020982 1.854929
0.019505 1.446772
0.019732 1.604770
0.018359 1.420132
0.019177 1.620159
0.023010 1.569954
0.022668 1.561983
0.023000 1.664353
0.022759 1.561209
0.019038 1.630395
0.019186 1.638969
0.012582 1.204807
0.013770 1.164489
0.019570 1.125632
0.012228 1.996308
0.012241 1.041682
0.015433 0.886302
0.016475 0.829043
0.025145 0.795944
0.023430 1.746061
0.015150 0.753341
0.020823 0.520117
0.017418 0.577840
0.011266 1.502074
0.017618 0.502750
0.008535 0.376238
0.006287 0.485180
0.008980 1.508948
0.005690 0.321691
0.018255 0.475956
0.008573 0.392077
0.009742 0.428211
0.012770 0.351842
0.010333 0.359876
0.008989 0.345122
0.008162 0.353730
0.008086 0.257724
0.004504 0.383774
0.010493 1.040661
0.004285 0.396144
0.005872 0.422220
0.004130 0.478712
0.007503 0.335672
0.009941 0.414818
0.014559 0.489597
0.014499 0.480792
0.013489 0.502618
0.014091 0.666691
0.011675 0.513072
0.015591 0.464817
0.015299 0.571542
0.013291 0.554503
0.012371 0.369124
0.017484 0.506944
0.018037 0.518084
0.016354 0.555967
0.019689 0.608077
0.019619 0.649757
0.025828 0.925272
0.029071 1.073248
0.017181 0.695154
0.020237 0.823508
0.020484 0.891048
0.017885 0.825800
0.015677 0.713466
0.013576 0.694858
0.013603 0.706918
0.015076 0.823753
0.023497 1.130469
0.018117 0.863763
0.019997 0.924445
0.019338 0.982965
0.017209 0.814416
0.016038 0.674306
0.020290 0.916802
0.018560 0.867958
0.016682 0.699820
0.025090 1.043733
0.032608 1.406191
0.031326 1.333460
0.027143 1.123661
0.025252 1.009632
0.027486 1.073059
0.026401 1.016651
0.022667 0.907227
0.013675 0.535917
0.012860 0.720276
0.014816 0.532402
0.020565 0.823788
0.017008 0.738787
0.011310 0.710448
0.013229 0.760875
0.014913 0.781429
0.008007 0.806562
0.005463 0.695167
0.008706 0.620698
0.008726 0.703614
0.010394 0.631143
0.007723 0.504954
0.008423 0.767271
0.003536 0.520940
0.005594 0.618223
0.003568 0.488305
0.003495 0.632760
0.011857 0.721569
0.007130 0.584168
0.007762 0.527944
0.008414 0.713442
0.013740 0.877195
0.015337 0.709896
0.025683 1.168754
0.026084 1.131139
0.025235 1.045033
0.024387 1.064780
0.015157 0.766168
0.023265 1.003893
0.017827 0.717331
0.018184 0.883798
0.019669 0.518615
0.017063 0.755903
0.015752 0.831090
0.011100 0.678357
0.010617 0.687852
0.013738 0.558302
0.011238 0.664297
0.009688 0.433268
0.011713 0.506782
0.017681 0.693775
0.009233 0.432236
0.030357 1.139831
0.020226 0.562044
0.013943 0.660360
0.022734 0.792226
0.020899 0.919142
0.028771 1.341931
0.032141 1.515159
0.031682 1.494737
0.044411 2.082033
0.066093 2.851228
0.051403 2.604854
0.052778 2.441860
0.063102 3.017019
0.080656 3.585499
0.053851 2.679144
0.049283 2.520630
0.059651 3.104847
0.077652 3.774149
0.095821 5.115276
0.052798 3.004898
0.094513 4.364471
0.074443 3.982316
0.095774 5.255332
0.093851 5.199364
0.149254 6.625333
0.092913 4.424571
0.099791 4.592692
0.092124 5.241154
0.091382 5.080135
0.136485 7.978693
0.104077 5.524553
0.113147 5.058565
0.213657 10.482686
0.123785 6.018185
0.070914 4.786810
0.098586 4.680597
0.109817 6.116496
0.115751 6.599861
0.087512 4.651845
0.088458 4.654155
0.183749 8.694065
0.283170 13.647614
0.146110 6.508282
0.187347 10.738647
0.287638 13.403039
0.190958 9.347311
0.115614 5.701086
0.136802 7.300823
0.203980 9.995528
0.127874 7.145151
0.142671 7.583013
0.093669 3.029449
0.085901 4.508165
0.127142 5.328030
0.110177 4.251857
0.093921 3.747429
0.070479 3.006673
0.056484 2.130413
0.076734 2.830760
0.059160 2.633504
0.051048 2.390272
0.059633 2.584995
0.055727 2.049459
0.065425 2.686562
0.032594 1.143974
0.044065 1.955642
0.044436 2.069617
0.035235 1.699164
0.024587 1.213466
0.032251 1.813176
0.026911 1.520008
0.027623 1.323011
0.022229 1.048473
0.017903 1.231843
0.020889 1.071655
0.025238 1.538667
0.027526 1.649017
0.023013 1.359346
0.015834 1.119688
0.021330 1.531119
0.023006 1.372064
0.018829 1.298621
0.035247 2.078284
0.026185 1.555482
0.023106 1.481775
0.023879 1.548568
0.034548 1.906464
0.030196 1.718678
0.030929 1.808153
0.023350 1.324042
0.028613 1.542372
0.025896 1.376955
0.023459 1.269381
0.025398 1.626896
0.025952 1.475526
0.031926 1.695749
0.027093 1.429092
0.028126 1.534122
0.031332 1.856894
0.030790 1.656739
0.023905 1.268461
0.021528 1.133619
0.032639 1.034790
0.023424 1.287419
0.026173 1.405859
0.022518 1.006858
0.020009 0.831603
0.017790 0.691922
0.020771 0.911705
0.017265 0.740254
0.018143 0.673024
0.022664 1.039190
0.018144 0.658839
0.014391 0.591582
0.017547 0.742424
0.018989 0.847722
0.019827 0.974232
0.017747 0.882474
0.019920 0.964352
0.016650 0.832108
0.014132 0.753715
0.006801 0.493075
0.011247 0.381694
0.015461 0.619554
0.028024 0.963734
0.013906 0.391442
0.013442 0.572053
0.010873 0.496161
0.016476 0.520615
0.028045 0.845978
0.019770 0.815731
0.016659 0.766794
0.021320 0.941364
0.020642 1.034553
0.009224 0.672101
0.016314 1.054238
0.014265 1.103811
0.015275 1.151107
0.015671 0.979330
0.016710 0.723994
0.016836 0.733409
0.014139 0.702291
0.012607 0.726899
0.014458 0.603783
0.014129 0.575496
0.014185 0.519072
0.014007 0.571030
0.018701 0.734426
0.013313 0.502950
0.014351 0.339547
0.010757 0.401096
0.010844 0.411349
0.010955 0.422173
0.018525 0.670583
0.018475 0.763062
0.012528 0.585566
0.010932 0.511656
0.011367 0.521197
0.015293 0.544819
0.013986 0.564563
0.015606 0.628693
0.025512 0.707212
0.010405 0.452204
0.011994 0.442503
0.016286 0.600567
0.012581 0.784359
0.014706 0.577550
0.008174 0.324294
0.006709 0.110220
0.004163 0.091569
0.006204 0.170071
0.006894 0.130627
0.006692 0.127976
0.006230 0.283602
0.005277 0.133211
0.004072 0.129579
0.005053 0.112581
0.003318 0.149499
0.002861 0.133876
0.009187 0.305013
0.004750 0.163656
0.006057 0.279372
0.003391 0.184345
0.004704 0.209888
0.005336 0.138413
0.004475 0.155617
0.004283 0.037496
0.003009 0.127201
0.006341 0.233264
0.012314 0.412787
0.012625 0.404315
0.017836 0.515440
0.019294 0.563538
0.017234 0.508157
0.015442 0.485565
0.013968 0.449303
0.008011 0.312159
0.013833 0.455391
0.015765 0.451934
0.015843 0.433375
0.015717 0.455622
0.016129 0.453117
0.012071 0.378374
0.009300 0.304954
0.013068 0.378886
0.012654 0.343037
0.013278 0.338212
0.014760 0.419549
0.006805 0.308966
0.005819 0.270966
0.014662 0.468716
0.009765 0.478015
0.007256 0.327757
0.011552 0.208114
0.015978 0.393676
0.015305 0.355024
0.016453 0.359982
0.023975 0.496746
0.024737 0.635580
0.024118 0.628670
0.022491 0.690933
0.021832 0.722768
0.021927 0.764165
0.029196 1.002426
0.014151 0.308236
0.024780 0.918134
0.023887 0.876657
0.024320 0.917913
0.026368 0.961596
0.028732 1.042800
0.029667 1.067549
0.026913 0.988134
0.026073 0.982527
0.025148 0.939877
0.030757 1.207269
0.027534 0.914584
0.024119 0.794576
0.023074 0.847138
0.024135 0.904839
0.021680 0.807508
0.019442 0.788655
0.020804 0.840169
0.024997 0.988107
0.022257 0.864267
0.020950 0.819115
0.016122 0.686394
0.019340 0.787547
0.021904 0.868598
0.020839 0.858263
0.019772 0.814945
0.018041 0.788346
0.018614 0.762120
0.021025 0.868081
0.021991 0.906377
0.018110 0.767764
0.020946 0.835416
0.022974 0.905921
0.023750 0.903737
0.025132 0.990068
0.024092 0.923059
0.022381 0.812028
0.023898 0.918956
0.019937 0.747098
0.024854 0.886430
0.026982 0.934493
0.023584 0.869571
0.021872 0.889575
0.025058 0.926495
0.027362 1.005163
0.027731 1.082161
0.025142 0.994432
0.026197 1.005763
0.024065 0.945950
0.023523 0.946312
0.023692 0.975458
0.026298 1.044595
0.022474 0.935560
0.021757 0.918159
0.019936 0.844462
0.016928 0.737031
0.019726 0.832862
0.018018 0.742022
0.017829 0.743593
0.019062 0.738297
0.015867 0.609233
0.013535 0.552221
0.014526 0.536028
0.016314 0.643685
0.019614 0.780691
0.024905 1.099097
0.016902 0.646709
0.013587 0.538061
0.015626 0.611304
0.019827 0.700967
0.015002 0.542254
0.013500 0.515022
0.011798 0.499515
0.010587 0.451022
0.008552 0.360870
0.008536 0.353772
0.008538 0.328795
0.006750 0.272922
0.007220 0.279008
0.004520 0.185889
0.003328 0.182138
0.003469 0.209256
0.003120 0.204125
0.003343 0.184794
0.003069 0.198847
0.003192 0.224526
0.003580 0.251309
0.004232 0.283349
0.006042 0.232378
0.001439 0.117542
0.003426 0.145631
0.003423 0.130921
0.004596 0.078680
0.003304 0.109749
0.003773 0.110998
0.005316 0.089526
0.005013 0.175039
0.005365 0.171660
0.005301 0.125844
0.006381 0.625954
0.005344 0.285515
0.008239 0.294700
0.007008 0.237942
0.006502 0.295986
0.009420 0.292577
0.009295 0.317481
0.007658 0.256200
0.011480 0.345178
0.012121 0.375066
0.010013 0.315974
0.010845 0.378055
0.012273 0.385929
0.013444 0.447056
0.011554 0.356339
0.012335 0.416432
0.015293 0.495303
0.014251 0.413444
0.014210 0.407154
0.012769 0.352094
0.014746 0.453063
0.019629 0.620136
0.018714 0.572258
0.018643 0.600063
0.020091 0.596682
0.019902 0.575651
0.018664 0.532104
0.015617 0.471052
0.018080 0.564354
0.020761 0.630787
0.016468 0.528422
0.020786 0.713803
0.022536 0.675267
0.015763 0.463616
0.019500 0.593123
0.018666 0.566223
0.023062 0.745806
0.025347 0.816459
0.026702 0.815713
0.025330 0.752790
0.026885 0.899988
0.030223 0.954112
0.027000 0.788376
0.032695 0.981158
0.032084 1.036903
0.040905 1.412192
0.039730 1.192797
0.041477 1.203810
0.044812 1.403398
0.034521 1.144257
0.051379 1.396829
0.052298 1.476477
0.055077 1.663282
0.057138 1.719506
0.052532 1.517805
0.057130 1.561229
0.053495 1.537179
0.045306 1.366105
0.056770 1.674418
0.058515 1.766215
0.048790 1.514751
0.052973 1.547986
0.047400 1.443868
0.049001 1.730017
0.051719 1.712854
0.050304 1.655133
0.050312 1.667176
0.050404 1.502251
0.053548 1.804812
0.054229 1.857554
0.056736 1.750738
0.050062 1.470870
0.052783 1.647264
0.045937 1.511998
0.042655 1.386030
0.046914 1.442870
0.045761 1.486761
0.042245 1.364368
0.038173 1.224766
0.042486 1.396741
0.046619 1.578362
0.043506 1.497547
0.039764 1.455652
0.038833 1.497114
0.043738 1.690121
0.041683 1.560203
0.046154 1.749806
0.051258 1.984539
0.049954 1.933470
0.048171 1.777201
0.043263 1.696442
0.043822 1.650166
0.050563 1.800562
0.042854 1.642498
