0.500204 0.357689
0.446431 0.293485
0.407428 0.307515
0.134800 0.119983
0.304747 0.263778
0.218581 0.233300
0.214280 0.124717
0.353937 0.232789
0.590301 0.432688
0.278509 0.106469
0.175694 0.120576
0.860377 0.642783
0.166056 0.240460
0.124013 0.200895
0.075349 0.017288
0.166511 0.084955
0.368838 0.236418
0.239358 0.122896
0.131218 0.143349
0.220875 0.196282
0.190765 0.245314
0.303649 0.236791
0.167493 0.236023
0.149691 0.080864
0.749494 0.225927
0.224353 0.149776
0.142467 0.184289
0.182354 0.132064
0.065813 0.158611
0.170533 0.168549
0.186928 0.186795
0.217720 0.459223
0.201129 0.167469
0.122169 0.195526
0.178624 0.221597
0.162909 0.260864
0.085954 0.120741
0.266625 0.278461
0.080911 0.116905
0.686318 0.248868
0.119576 0.214575
0.364684 0.112594
0.429738 0.115001
0.212928 0.094297
0.168364 0.103283
0.338011 0.308014
0.109661 0.126399
0.111071 0.048594
0.221019 0.101946
0.190954 0.130144
0.236905 0.101548
0.814023 0.544955
0.158527 0.300146
0.357862 0.126775
0.299776 0.076242
0.311773 0.102700
0.087319 0.102169
0.318786 0.030752
0.286948 0.136254
0.281727 0.047567
0.219896 0.065843
0.350758 0.132627
0.207557 0.113077
0.344383 0.104448
0.049540 0.054215
0.344971 0.101195
0.206167 0.093015
0.086054 0.224915
0.110346 0.176393
0.433307 0.498419
0.201469 0.255642
0.281046 0.111151
0.147241 0.252754
0.402293 0.249536
0.165105 0.154157
0.262956 0.287194
0.151086 0.169034
0.374159 0.376389
0.497296 0.492432
0.304412 0.308789
0.226288 0.216743
0.370596 0.276634
0.204519 0.240901
0.113488 0.214029
0.458013 0.215665
0.138366 0.175559
0.083101 0.199649
0.072265 0.221840
0.133736 0.346885
0.113292 0.302081
0.190510 0.074619
0.162129 0.168548
0.276022 0.175545
0.308303 0.132754
0.241677 0.095467
0.078228 0.104858
0.052549 0.214115
0.208851 0.113283
0.978748 0.192680
0.640382 0.721050
0.195441 0.185277
0.141055 0.273348
0.963102 0.594382
0.439097 0.516651
0.024813 0.187469
0.154668 0.241797
0.251594 0.344535
0.122535 0.094628
0.811508 0.170763
1.539784 1.215639
0.378457 0.150375
0.476028 0.183885
0.682054 0.218822
0.596833 0.160217
0.390039 0.207491
0.121325 0.280550
0.101955 0.212203
0.205076 0.284319
0.134688 0.124786
0.078338 0.056812
0.228077 0.362438
2.431973 1.263869
0.234050 0.149821
0.329904 0.222720
0.057118 0.197970
0.241315 0.077468
0.159501 0.194728
0.214375 0.120440
0.098451 0.134956
0.019343 0.122613
0.338434 0.145990
0.067770 0.094320
0.144385 0.270968
0.106691 0.203012
0.324420 0.187477
0.336790 0.646278
1.296919 0.456746
0.074656 0.195444
0.233659 0.105069
0.093747 0.107908
0.249857 0.047820
0.315932 0.194672
0.210008 0.164161
0.500336 0.421560
0.092751 0.099661
0.124946 0.075595
0.835255 0.644025
0.162991 0.099123
0.083972 0.111618
0.367600 0.143591
0.122389 0.079256
0.083783 0.129976
0.242730 0.058029
0.099346 0.113745
0.057712 0.038069
0.232169 0.198611
0.061616 0.089957
0.123374 0.069519
0.158610 0.113225
0.449598 0.316023
0.048302 0.060092
0.140726 0.128907
0.207057 0.208261
0.073519 0.046681
0.032297 0.049636
0.123478 0.112640
0.232101 0.121785
0.142209 0.082512
0.131561 0.175579
0.097904 0.212870
0.179625 0.175948
0.743638 0.167823
0.068012 0.130655
0.152958 0.138646
0.097101 0.138486
0.135054 0.159013
1.744147 0.353016
0.077570 0.109947
0.167639 0.236256
0.064548 0.086493
0.150670 0.122150
0.076656 0.107491
1.420327 0.580770
0.243728 0.196803
0.140255 0.180113
0.491819 0.235524
1.156998 0.282651
0.144969 0.181718
0.236517 0.164364
0.342670 0.258869
0.186692 0.102349
0.251790 0.264929
0.105185 0.103936
0.487464 0.203849
0.319932 0.162301
0.199742 0.159045
0.222535 0.199046
0.867460 0.415848
0.514952 0.478438
0.317863 0.307613
0.366038 0.253836
1.289093 0.510200
0.174175 0.167588
0.266025 0.232408
3.200926 0.360008
0.349982 0.266416
0.310310 0.313237
0.218924 0.143857
0.250844 0.302525
0.061052 0.162140
0.164281 0.196030
0.255889 0.052081
0.196731 0.131466
0.275752 0.067276
0.160665 0.225470
0.083532 0.075058
0.133840 0.158068
0.319767 0.149562
0.474238 0.073591
0.304681 0.240702
0.962822 0.199664
0.158715 0.067813
0.485746 0.103814
0.039258 0.197598
0.591082 0.519328
0.260096 0.207488
0.290863 0.214589
0.286446 0.054152
2.082076 0.304157
0.405102 0.261462
0.362768 0.216101
0.603087 0.109084
0.060399 0.079885
0.156303 0.160219
0.318764 0.279287
0.362416 0.201255
0.151724 0.131963
0.903568 0.605407
0.506029 0.318094
0.323710 0.193809
0.425945 0.108219
0.314130 0.223365
0.191043 0.099982
0.213467 0.162286
0.153616 0.146504
0.156868 0.077569
0.173723 0.161598
0.607491 0.455397
0.247421 0.170285
0.144725 0.084759
2.080814 0.437298
0.249653 0.060503
0.248760 0.149013
2.350276 0.253992
0.394405 0.072322
0.337699 0.198740
1.896092 0.256444
0.431816 0.252258
0.410164 0.342581
0.402523 0.113795
0.469196 0.281455
0.247037 0.187794
0.685159 0.440086
0.237130 0.101346
0.187500 0.135588
0.220024 0.146635
0.283965 0.204886
0.502376 0.268325
0.272102 0.223392
0.235433 0.167340
0.259901 0.165733
0.395669 0.288517
0.479577 0.403812
0.332624 0.228107
0.481453 0.317848
0.332844 0.222090
0.273999 0.190480
0.387363 0.208110
0.335942 0.197092
0.287554 0.255870
1.019778 0.242114
0.242852 0.179156
0.523010 0.258471
0.347738 0.264906
0.116585 0.149358
0.558420 0.221767
0.850767 0.441527
2.502795 0.091078
21.971548 13.803679
0.593884 0.193910
0.473954 0.213881
0.310646 0.197129
0.495215 0.224337
0.376144 0.333796
1.009076 0.484992
0.541655 0.324894
0.773959 0.305993
4.092897 1.149018
1.265122 0.262443
0.210799 0.236005
0.516170 0.369781
0.181246 0.247782
0.603251 0.248362
0.329826 0.093899
0.059957 0.096586
0.643616 0.278950
0.539389 0.364270
0.083330 0.068457
0.225793 0.262273
0.779017 0.310624
0.676538 0.459694
0.553390 0.234030
3.751221 0.651554
0.468194 0.147584
0.429226 0.174744
1.279623 0.422536
0.356242 0.080602
0.613358 0.212908
0.363079 0.122345
0.353442 0.126205
1.888021 0.836435
0.488596 0.162511
2.484425 0.937761
0.391056 0.308031
0.227501 0.154033
2.687769 0.894368
0.828355 0.210220
0.857989 0.547377
0.313466 0.087022
0.605269 0.077200
9.629349 4.846550
1.733190 0.279026
4.748246 2.647765
0.722566 0.154367
0.545125 0.261098
0.828797 0.587602
11.663318 6.402484
12.948666 7.284377
29.793962 16.536882
3.875772 1.846186
0.583176 0.262071
0.597570 0.141568
1.714386 0.577364
0.588887 0.129116
0.459071 0.161431
1.411152 0.640545
0.267838 0.157523
0.334809 0.210808
0.434269 0.275259
10.457505 1.495157
0.203042 0.390590
0.197783 0.340970
0.943522 0.358570
2.170733 1.104206
13.052895 7.143131
1.618626 0.322309
0.240503 0.231677
0.139031 0.130970
0.148024 0.139973
0.122029 0.142415
0.180553 0.140703
0.260044 0.282962
0.182689 0.137143
0.805247 0.251201
0.505776 0.102500
0.215797 0.186936
0.155846 0.067242
0.212967 0.347791
0.107562 0.111084
0.097379 0.145447
0.165762 0.306320
0.174030 0.205573
0.156477 0.194029
0.101352 0.237084
0.373812 0.200251
0.120268 0.148264
0.136827 0.060275
0.166287 0.149766
0.102067 0.114647
0.149841 0.159446
0.043116 0.096272
0.197629 0.297306
0.369771 0.184538
0.092947 0.112780
0.348355 0.137961
0.057321 0.204035
0.193472 0.194942
0.339182 0.114597
0.125833 0.182995
0.263884 0.323567
0.550186 0.411868
0.636496 0.384044
0.239632 0.050322
0.120034 0.131460
0.149322 0.121798
0.208877 0.195261
0.091163 0.163066
0.317434 0.199555
0.561667 0.246494
0.444450 0.319714
0.711211 0.101259
1.081918 0.792470
0.314359 0.355061
0.131278 0.181494
0.418331 0.079337
0.350084 0.231422
0.894081 0.502903
2.714960 0.597441
0.453908 0.320114
0.408844 0.141460
0.840333 0.451302
0.887125 0.550216
2.853640 1.631684
1.416301 0.860980
0.531991 0.338984
0.752430 0.437531
10.856863 4.779212
1.689825 1.281529
0.683296 0.273733
1.839190 0.506662
0.449060 0.330747
4.139764 3.021568
0.915052 0.400702
1.411535 1.080494
0.858541 0.300928
1.717045 1.152565
1.866962 1.089133
1.004426 0.732168
2.264019 1.302131
1.771230 1.079546
1.172769 0.803586
1.581902 1.141793
0.698592 0.511017
1.528965 1.168509
0.993644 0.789107
1.688947 0.928317
0.660814 0.352972
0.208028 0.304486
1.287189 0.687807
0.978427 0.226509
0.968081 0.531440
75.630302 163.874871
2.468020 1.417494
1.605312 0.896604
1.379498 0.653230
0.416102 0.292432
2.534449 1.473502
2.714151 1.913943
0.738228 0.355360
2.813514 1.661604
4.538240 2.681169
0.478647 0.231496
1.164357 0.464329
0.479829 0.402176
0.689706 0.185300
0.507000 0.307012
0.060382 0.027163
0.459787 0.422340
0.951086 0.508017
0.422717 0.262383
3.568058 2.189289
0.368532 0.208509
0.392591 0.085356
0.779608 0.379187
0.759828 0.323006
0.808628 0.517533
0.650393 0.355070
0.587904 0.377279
0.661824 0.356496
1.369602 0.690728
0.620307 0.368060
0.403022 0.387319
0.374916 0.183623
0.289657 0.073449
0.349938 0.257080
0.273585 0.196343
0.117903 0.154596
2.643399 1.728856
0.310490 0.203164
0.731445 0.508999
0.363803 0.196118
0.379254 0.259056
0.185767 0.210786
0.287895 0.119310
3.865479 2.520244
0.124135 0.098188
0.045066 0.074842
0.185650 0.121559
0.585160 0.396796
1.088198 0.715374
0.367704 0.274013
0.117320 0.179238
2.616799 2.088763
0.720529 0.462249
0.506242 0.218092
4.287584 3.036243
0.142506 0.120196
0.208830 0.081618
0.212290 0.273114
0.243311 0.174877
0.146750 0.180151
0.096191 0.100331
0.047966 0.077498
0.114348 0.141366
0.073704 0.096390
0.175312 0.062027
0.130300 0.098298
0.171006 0.181443
0.231940 0.161001
0.254032 0.215569
0.567504 0.247245
0.083830 0.037133
0.203790 0.072354
0.253689 0.096073
0.977004 0.499590
0.263742 0.056820
0.520883 0.460738
0.103437 0.166526
0.979686 0.636130
0.346927 0.322080
0.635442 0.479277
0.286218 0.238681
0.143084 0.111337
0.102705 0.095455
0.167611 0.073953
0.105960 0.142934
0.153587 0.182605
0.747042 0.480329
0.235279 0.076038
0.943185 0.508223
0.634355 0.432638
0.214072 0.117278
0.393242 0.207475
0.753124 0.424991
0.119388 0.051496
0.227326 0.095989
0.123038 0.123440
0.128780 0.156053
0.462449 0.239901
0.156902 0.254241
6.775528 3.953532
0.340090 0.153217
0.401867 0.247409
0.361973 0.154373
0.439959 0.226795
0.399874 0.198794
0.391509 0.195458
2.418983 1.220403
0.116492 0.060518
0.264454 0.090549
0.222027 0.134208
0.044607 0.089074
0.671657 0.063841
0.499638 0.240149
0.533744 0.254850
0.509831 0.196780
0.108003 0.085095
0.297062 0.107414
0.154605 0.089883
0.353813 0.189230
0.143734 0.068043
0.247069 0.117229
0.317719 0.102710
0.188856 0.127226
0.646759 0.199087
0.180930 0.123208
0.131514 0.089469
0.683189 0.134285
0.185298 0.049368
0.115668 0.164875
0.283017 0.169949
0.326726 0.219191
3.464352 1.335711
0.224376 0.170277
0.134608 0.102255
0.209599 0.051427
0.282954 0.100237
2.964170 0.214327
0.514489 0.275072
0.432232 0.263921
0.668470 0.427456
1.033891 0.429242
0.670533 0.276322
1.154279 0.266130
0.891117 0.300838
0.345064 0.159027
0.326652 0.165570
0.298289 0.162450
0.255137 0.202987
0.148940 0.097041
0.426341 0.197723
1.860246 0.356532
0.970479 0.371140
0.389604 0.278680
0.375254 0.093147
1.167176 0.328058
0.489019 0.269052
1.628251 0.901346
0.491618 0.410893
0.546321 0.423121
29.012230 16.338453
0.191396 0.124016
2.297594 1.144121
0.317702 0.354327
0.312674 0.305815
0.162422 0.206032
0.732107 0.626863
0.647321 0.321295
1.016577 0.696597
0.762198 0.238637
0.308202 0.297283
0.193990 0.109310
1.298106 0.409382
0.248005 0.449268
2.096754 0.515238
2.712519 0.204638
0.543636 0.166251
0.465361 0.263205
0.501838 0.414722
0.462729 0.152463
0.842864 0.458011
0.431899 0.366320
0.390831 0.243765
0.275779 0.134166
1.732803 0.115212
0.623075 0.399135
0.552394 0.496464
1.100209 0.377438
1.332483 1.086763
0.488357 0.557975
0.612774 0.209902
0.279424 0.165498
0.337256 0.099713
0.390969 0.133802
0.180807 0.147079
0.361555 0.230021
0.230529 0.112937
0.277988 0.187229
0.180003 0.149372
0.306272 0.123923
0.323298 0.167322
0.082882 0.080195
0.261994 0.100407
0.190263 0.229779
0.258684 0.267586
0.394499 0.163130
0.293674 0.519144
1.171797 0.809988
0.297729 0.345097
0.267192 0.195698
0.296828 0.191752
0.433544 0.167826
0.341125 0.117168
0.383644 0.131172
0.042872 0.172212
0.147859 0.075171
0.329212 0.069749
0.129844 0.077549
0.343014 0.135758
0.250793 0.253888
0.478026 0.055364
0.247953 0.087947
0.163005 0.041135
0.267200 0.138448
0.124843 0.034469
0.128547 0.165558
0.147645 0.106316
0.280866 0.088964
0.183093 0.093403
0.202491 0.137658
0.402602 0.268256
0.745453 0.498298
0.433438 0.043651
0.585202 0.270879
0.282986 0.301902
1.181182 1.171919
0.812022 0.447236
2.938822 0.961653
0.410863 0.333773
2.693139 2.011024
3.950883 2.767088
6.875743 5.865606
85.086296 28.103146
2.519532 4.086892
2.029719 2.144075
0.716643 0.557196
0.328605 0.044388
0.524590 0.404447
0.330152 0.282470
0.316644 0.353606
0.355856 0.528967
0.660638 0.573829
0.940546 0.912903
0.752832 0.741535
0.828652 0.909092
1.347228 1.472313
1.378018 1.116704
1.610296 1.459240
1.402869 1.495503
2.012007 1.871209
1.736223 1.768758
3.310941 3.389066
3.343747 3.442442
3.323045 3.009332
3.582935 3.413226
1.641448 1.602282
3.622570 3.674249
1.077130 1.181119
2.480326 2.540617
0.434605 0.816784
3.263661 2.760821
1.743492 1.787690
0.865098 0.624492
0.226957 0.328770
0.087841 0.051125
0.078371 0.046669
0.171284 0.122927
0.114632 0.096201
0.250667 0.139318
0.410375 0.091478
0.308000 0.107770
0.147652 0.073159
0.230188 0.063488
0.110163 0.083244
0.233809 0.133523
0.183953 0.068197
0.196299 0.145003
0.108208 0.072255
0.125458 0.199277
0.217226 0.205385
0.392858 0.329690
0.233359 0.357293
0.245814 0.115668
0.052649 0.077003
0.253704 0.213418
0.210055 0.139838
0.496509 0.532785
0.997574 0.979300
0.633424 0.719290
0.590491 0.717647
0.482872 0.576503
0.322523 0.340415
0.223472 0.196632
0.309158 0.182792
0.155338 0.139321
0.098427 0.160273
0.034020 0.098859
0.053269 0.115065
0.182902 0.231453
0.323123 0.080898
0.111353 0.148442
0.342959 0.253780
0.149489 0.072107
0.233211 0.052167
0.299887 0.165525
0.464544 0.192414
0.590774 0.344679
0.221446 0.256632
0.276741 0.193092
0.178909 0.137009
