0.085933 0.297893
0.118881 0.350681
0.112703 0.356836
0.114911 0.424952
0.119436 0.359345
0.114229 0.397177
0.136763 0.415890
0.363837 1.264470
0.077962 0.322640
0.225050 0.602365
0.457713 1.363518
0.343358 1.404379
0.632289 1.959198
3.155519 5.267846
0.342386 1.189590
0.072996 0.379563
0.081668 0.296746
0.206038 0.630736
0.321940 1.220164
0.403090 1.691284
0.163915 0.817406
0.135446 0.583369
0.247772 1.151212
0.135208 0.546498
0.217247 1.048353
0.351675 1.454326
0.188635 0.704951
0.316459 1.443571
0.197363 1.060435
0.205361 0.963413
0.261296 1.248109
0.250228 1.056161
0.033710 0.080289
0.147516 0.707904
0.193807 0.594922
0.280453 1.005697
0.153935 0.443829
0.077952 0.298727
0.224619 0.742485
0.113084 0.354715
0.199365 0.656844
0.062203 0.180993
0.201360 0.472538
0.100202 0.200026
0.195405 0.194867
0.063110 0.139301
0.128012 0.237540
0.169482 0.299499
0.239205 0.317160
0.194778 0.152409
0.323960 0.625263
0.303564 0.503378
0.234476 0.295537
0.342851 0.981825
0.120499 0.355908
0.183135 0.426611
0.093137 0.181081
0.184474 0.425924
0.113997 0.142982
0.039049 0.155859
0.143102 0.359986
0.218059 0.411204
0.158185 0.534738
0.157614 0.304926
0.151906 0.348186
0.243636 0.651206
0.096858 0.258178
0.106683 0.275124
0.157480 0.342365
0.254474 0.793343
0.135144 0.345384
0.140978 0.406991
0.114505 0.429670
0.087544 0.295533
0.169100 0.459826
0.085844 0.338094
0.129150 0.442606
0.257459 0.768496
0.124297 0.589971
0.251469 0.536867
0.339159 0.806733
0.106251 0.298651
0.165855 0.487802
0.199237 0.538727
0.164100 0.543782
0.120795 0.295519
0.179058 0.668498
0.256048 0.903285
0.295834 0.980178
0.247531 0.710742
0.187420 0.664130
0.084913 0.278981
0.089928 0.210196
0.305063 0.978738
0.156986 0.369839
0.104204 0.109382
0.095184 0.208834
0.216134 0.302003
0.215544 0.371170
0.173796 0.341006
0.282996 0.847933
0.311272 0.799907
0.405974 1.218172
0.366425 1.467338
0.764784 3.009575
0.419275 1.345095
0.093118 0.351646
0.127163 0.318974
0.056764 0.274357
0.113954 0.158553
0.215913 0.397730
0.094838 0.151961
0.118714 0.332427
0.125642 0.329410
0.134335 0.311169
0.099713 0.278795
0.075975 0.254739
0.135559 0.281393
0.076959 0.134373
0.062787 0.186234
0.054771 0.158026
0.113800 0.219847
0.095820 0.260659
0.089771 0.269826
0.154836 0.327003
0.064822 0.168925
0.067785 0.163643
0.158600 0.191529
0.194657 0.276678
0.711203 0.848483
0.675537 0.432450
0.264409 0.548672
0.325876 0.865026
0.860734 0.591964
0.249528 0.483741
1.476962 1.554001
1.117978 1.372110
2.347988 2.840854
1.695545 2.095771
1.143425 1.715948
0.654574 1.996121
3.079589 12.108407
0.490682 1.385853
0.811844 2.684460
2.637216 10.750178
1.000276 2.669184
0.840142 3.985826
1.658772 3.856618
0.863581 1.343354
0.466883 1.079925
0.615879 1.919836
0.964476 1.934291
0.585630 1.717239
0.823665 2.383463
0.345208 0.874911
0.272606 0.754670
0.253004 0.755145
0.265396 0.797099
0.285834 0.972107
0.387524 1.263154
0.175638 0.575706
0.115040 0.470297
0.178157 0.711733
0.152936 0.687451
0.113237 0.358132
0.029778 0.115220
0.168446 0.675074
0.157782 0.650202
0.170405 0.668601
0.225169 0.826861
0.212869 0.850415
0.101053 0.469831
0.157115 0.805117
0.255636 9.261235
0.099863 0.919725
0.239892 1.030163
0.195629 0.936020
0.142551 0.756733
0.045491 0.472521
0.098073 0.591851
0.048179 0.342273
0.159895 1.017973
0.051943 0.192451
0.135854 0.507522
0.052296 0.434259
0.033918 0.164496
0.129706 0.534191
0.219245 0.961316
0.092328 0.527453
0.059667 0.415849
0.120290 0.763509
0.439232 1.674371
0.175673 1.151053
0.156438 0.684910
0.138353 0.701002
0.187028 1.279263
0.505451 0.913943
0.227808 1.419586
0.205948 0.734748
0.375593 2.390844
0.164840 0.413474
0.137502 0.569670
0.121417 0.424397
0.120583 0.651110
0.150628 0.511114
0.094328 0.658555
0.091259 0.358600
0.074219 0.460574
0.141864 0.511504
0.453832 1.653755
0.344166 1.462298
0.487906 1.974424
0.135187 1.069814
0.180471 0.960990
0.259619 1.454441
0.210968 1.366990
0.458902 1.324730
0.141135 0.677457
0.232261 0.546076
0.178467 1.221851
0.071140 0.272552
0.076882 0.097437
0.156915 0.572389
0.191297 0.683163
0.050238 0.230570
0.469442 1.805068
0.142365 0.731379
0.116364 0.824000
0.178582 0.722756
0.389487 1.150365
0.201680 0.796488
0.069538 0.084024
0.193643 0.898314
0.286513 0.674881
0.454757 0.473670
0.084118 0.463863
0.166204 0.878809
0.142744 0.492642
0.383400 0.405640
0.278615 0.459799
0.155385 0.316415
0.188676 0.439354
0.174883 0.655887
0.272475 1.016463
0.276444 1.414267
0.397116 1.565298
0.470723 1.746467
0.193001 0.505253
0.100500 0.535290
0.425805 1.887645
0.724402 3.357064
0.757030 3.497255
0.665866 3.451043
0.419276 2.252474
0.102878 0.542680
0.195457 0.619099
0.408538 2.159324
0.253563 1.045579
0.309096 1.662201
0.612693 2.854297
0.146913 0.825783
0.291940 1.451962
0.131588 0.250449
0.153347 0.636728
0.238968 1.418557
0.123901 0.629536
0.206945 0.965800
0.141424 0.673010
0.293794 1.409840
0.404995 1.792005
0.134072 0.410483
0.261844 1.127861
0.200364 0.758087
0.241564 1.019904
0.117757 0.448929
0.072251 0.264236
0.163988 0.593075
0.134072 0.272426
0.062747 0.299038
0.157935 0.583409
0.161705 0.549696
0.094850 0.323405
0.190599 0.544323
0.103992 0.354597
0.182526 0.550277
0.136262 0.162039
0.086598 0.331389
0.125934 0.375912
0.108181 0.300090
0.085520 0.127246
0.085968 0.287677
0.061540 0.160326
0.065875 0.269156
0.075942 0.174470
0.098996 0.330245
0.045382 0.119332
0.079660 0.197641
0.121909 0.677250
0.097679 0.282113
0.069070 0.257758
0.105168 0.325877
0.115007 0.547017
0.147196 0.609497
0.162605 0.864754
0.088167 0.135085
0.121334 0.278090
0.145016 0.901739
0.055570 0.336789
0.204966 0.911776
0.153285 0.392637
0.240772 0.899446
0.486530 1.595038
0.378138 0.890566
0.446011 1.395247
0.466554 1.955752
0.491396 1.914070
0.317713 1.413546
0.205996 1.063238
0.077955 0.415110
0.150819 0.572720
0.079705 0.330509
0.189926 0.834445
0.319006 1.384158
0.070523 0.336254
0.153060 0.713469
0.192151 0.908740
0.074561 0.303038
0.060626 0.231872
0.067286 0.285860
0.012719 0.225569
0.098525 0.312172
0.075379 0.243016
0.078072 0.372313
0.086179 0.324697
0.077271 0.500886
0.158917 0.672098
0.072760 0.321247
0.042251 0.250341
0.060914 0.212853
0.087090 0.393751
0.101235 0.420115
0.005379 0.134618
0.067121 0.421236
0.070784 0.525582
0.200793 0.893576
0.078906 0.319911
0.093665 0.405560
0.036563 0.280726
0.070166 0.278913
0.117717 0.505707
0.117376 0.327203
0.058697 0.179974
0.087527 0.230464
0.060259 0.148889
0.050543 0.217014
0.082696 0.166278
0.101566 0.289019
0.107460 0.291897
0.134044 0.386717
0.043369 0.135773
0.080404 0.149626
0.173092 0.047700
0.064614 0.144334
0.235690 0.743090
0.151891 0.525667
0.103654 0.354675
0.130253 0.456791
0.141729 0.357001
0.405040 1.161765
0.278354 0.825689
0.109640 0.309313
0.106004 0.298974
0.131507 0.397970
0.144068 0.472777
0.128297 0.441629
0.151652 0.427045
0.094346 0.454008
0.055760 0.294759
0.051614 0.193991
0.251882 0.925649
0.077080 0.372683
0.111380 0.472156
0.227227 0.840364
0.277105 0.975153
0.156039 0.487582
0.107333 0.280432
0.240477 0.722130
0.076189 0.164806
0.240765 0.714221
0.380160 0.979854
0.485535 1.431297
0.328656 0.441489
0.285045 0.697563
0.260642 0.916257
0.119786 0.579418
0.309175 1.206071
0.081619 0.349620
0.099798 0.413888
0.139660 0.458724
0.208601 0.619748
0.152077 0.411582
0.075949 0.233106
0.182870 0.640792
0.247227 0.869482
0.209111 0.707255
0.211649 0.667544
0.327888 1.139533
0.156384 0.584056
0.243366 0.825737
0.149013 0.536134
0.167168 0.532883
0.063210 0.255980
0.057778 0.265411
0.089395 0.310808
0.078536 0.365577
0.093879 0.383455
0.139082 0.440591
0.055152 0.229597
0.133797 0.430948
0.050152 0.096633
0.060266 0.124673
0.039069 0.268047
0.031848 0.212446
0.096885 0.358733
0.091072 0.307592
0.135982 0.477148
0.072467 0.185577
0.028468 0.286602
0.108637 0.403870
0.170511 0.450105
0.176103 0.304066
0.181332 1.099050
0.070684 0.139397
0.261670 1.052250
0.220389 1.055364
0.180188 0.811784
0.252784 1.327237
0.066144 0.289543
0.129282 0.437018
0.162523 0.413922
0.255183 0.450072
0.069969 0.243040
0.115596 0.304582
0.094032 0.382751
0.095603 0.220114
0.168956 0.498643
0.028448 0.176319
0.110943 0.451344
0.136215 0.074799
0.148270 0.322968
0.190203 0.667171
0.133675 0.449362
0.123331 0.316286
0.128480 0.235587
0.144826 0.423970
0.117749 0.298905
0.071456 0.253940
0.109614 0.484470
0.067453 0.307438
0.135647 0.527330
0.038010 0.256057
0.105119 0.541456
0.082669 0.254745
0.094659 0.429918
0.141463 0.625266
0.240151 1.134810
0.097700 0.559766
0.258212 0.549358
0.162970 0.312180
0.337577 0.369229
0.488992 0.601547
0.074125 0.123505
0.555098 0.888125
0.209030 1.078463
0.257472 1.188290
0.258996 1.462917
0.286523 1.336950
0.190390 1.185651
0.178868 0.452326
0.173949 0.800510
0.220776 1.458263
0.073982 0.238420
0.213118 1.002853
0.207690 1.029469
0.192658 0.983230
0.199270 1.120703
0.173687 0.810275
0.092978 0.245371
0.358609 1.709099
0.486068 2.377346
0.200303 0.646842
0.044350 0.465885
0.080561 0.571511
0.069555 0.539843
0.263138 0.957374
0.180116 0.587443
0.085507 0.360974
0.061694 0.226081
0.193100 0.712000
0.224272 0.838360
0.028193 0.086661
0.098247 0.300373
0.113689 0.405549
0.094759 0.371900
0.025551 0.079596
0.107649 0.260455
0.081394 0.234171
0.041701 0.206950
0.112990 0.307266
0.097670 0.340221
0.068657 0.079243
0.070967 0.242990
0.064315 0.194339
0.036077 0.106275
0.137609 0.414466
0.111836 0.343954
0.135036 0.440493
0.086900 0.254181
0.124549 0.362989
0.150317 0.444896
0.096961 0.442080
0.075643 0.320827
0.189031 0.794125
0.094534 0.484151
0.131365 0.549753
0.228973 0.959749
0.135243 0.631222
0.200364 1.075706
0.076234 0.513657
0.280380 1.257870
