0.022893 0.170437
0.057710 0.196276
0.054460 0.216529
0.038771 0.092994
0.052281 0.154133
0.051234 0.221789
0.044625 0.133038
0.064494 0.178150
0.020219 0.254141
0.058937 0.231409
0.049728 0.228271
0.048076 0.139347
0.020362 0.273155
0.045458 0.228678
0.024371 0.167223
0.052900 0.307750
0.034007 0.234358
0.041289 0.225281
0.055803 0.258962
0.049335 0.181814
0.066365 0.144636
0.106463 0.457858
0.089427 0.311804
0.203089 0.832540
0.176476 0.705463
0.526967 2.315679
0.520673 1.725972
0.460318 1.695690
0.346989 1.392222
0.243634 0.974942
0.026891 0.174562
0.149699 0.561710
0.138994 0.746293
0.148431 0.867364
0.280876 1.452823
0.199166 0.818043
0.057261 0.339283
0.074544 0.337480
0.035908 0.301875
0.069409 0.162592
0.085785 0.214685
0.067317 0.132153
0.052380 0.054361
0.064638 0.166098
0.034833 0.169265
0.063204 0.120696
0.070316 0.350614
0.038397 0.244860
0.079993 0.363948
0.109027 0.449885
0.074357 0.381328
0.053240 0.212294
0.116064 0.896979
0.036853 0.221649
0.033200 0.256809
0.044273 0.424310
0.040017 0.362091
0.036368 0.329016
0.030411 0.241083
0.009683 0.147799
0.053593 0.108847
0.008489 0.100205
0.046857 0.241198
0.021019 0.096454
0.172206 0.520962
0.050888 0.316314
0.048878 0.439421
0.019717 0.138418
0.034465 0.153676
0.027295 0.132060
0.030058 0.126923
0.034631 0.339711
0.048820 0.230027
0.080259 0.383659
0.322896 2.146118
0.102164 0.830274
0.055951 0.269233
0.013580 0.124468
0.041816 0.325750
0.024858 0.182582
0.075811 0.462445
0.069874 0.349833
0.129140 0.711600
0.077252 0.502881
0.026469 0.183729
0.049810 0.325278
0.075480 0.543538
0.125724 0.942119
0.054674 0.358143
0.081144 0.606383
0.292455 2.339256
0.060930 0.464070
0.017764 0.186438
0.027925 0.137686
0.037546 0.142669
0.016234 0.143054
0.047377 0.218074
0.025757 0.179786
0.038848 0.267303
0.017503 0.131997
0.027827 0.187775
0.046996 0.284398
0.063915 0.205654
