0.037754 0.228707
0.049596 0.284313
0.049604 0.283300
0.060827 0.318999
0.077517 0.397671
0.045622 0.335604
0.070260 0.367555
0.049673 0.120889
0.119852 0.396911
0.126002 0.476679
0.038470 0.073214
0.219046 0.739787
0.083246 0.181039
0.108959 0.308013
0.027344 0.130864
0.181544 0.524209
0.034860 0.163402
0.139972 0.405578
0.100077 0.338658
0.482871 1.284158
0.217600 0.637732
0.311421 0.850142
0.190532 0.521118
0.180094 0.419381
0.077636 0.228173
0.232344 0.532183
0.069365 0.184289
0.218505 0.562566
0.084375 0.219435
0.198243 0.362594
0.217923 0.409112
0.247383 0.567432
0.294118 0.639142
0.287781 0.515327
0.158360 0.280399
0.308485 0.605879
0.133548 0.266887
0.401676 0.715478
0.158846 0.303383
0.132223 0.206036
0.124466 0.174234
0.108010 0.209460
0.314976 0.597207
0.364765 0.678428
0.165344 0.276677
0.234157 0.445049
0.162817 0.264751
0.124590 0.199416
0.156925 0.306059
0.119107 0.243822
0.207003 0.447292
0.385344 0.862225
0.454324 0.798145
0.538926 1.008233
0.490907 0.783589
0.202697 0.348342
0.224053 0.328954
0.206677 0.350385
0.520117 0.801378
1.441499 2.378522
0.669179 1.036352
0.251989 0.390159
0.370106 0.565946
0.283747 0.407385
0.258468 0.532038
0.511760 0.732857
0.460764 0.764677
1.021178 1.424810
1.684734 2.402488
0.264510 0.453266
0.992052 1.461695
0.619503 0.928854
0.539099 0.743652
0.670157 0.950301
0.848275 1.299420
0.664679 0.906064
0.645470 0.907445
0.248506 0.235576
0.782301 1.188958
0.560972 0.769358
1.493965 2.197359
0.750025 1.056136
1.156874 1.640106
1.133469 1.634380
0.401920 0.551807
0.503553 0.743639
0.702776 0.956167
1.501416 1.858069
0.441683 0.525350
0.729395 0.928459
0.338998 0.403417
0.560325 0.706016
0.882369 1.052705
0.354282 0.245418
1.111991 1.234508
0.589261 0.612629
0.345438 0.401190
0.695720 0.826375
0.420183 0.601390
0.762623 0.949327
0.564221 0.795166
0.432438 0.502668
0.496521 0.642764
0.255040 0.375123
0.142884 0.159393
0.233519 0.316759
0.184083 0.327168
0.276931 0.343704
0.444570 0.472959
0.507409 0.754926
0.679100 0.996026
0.175049 0.306933
0.343377 0.425252
0.298953 0.394197
0.071411 0.209435
0.268422 0.430833
0.166571 0.123503
0.312290 0.460202
0.387778 0.408079
0.069540 0.190665
0.369028 0.456661
0.211041 0.413876
0.265098 0.412258
0.298160 0.451957
0.196873 0.351911
0.168742 0.362138
0.361127 0.573274
0.328078 0.427167
0.111505 0.160128
0.130128 0.243375
0.220489 0.400962
0.171703 0.289439
0.175624 0.286411
0.402168 0.657664
0.137115 0.294401
0.198134 0.356832
0.101277 0.266591
0.116676 0.308482
0.117426 0.177073
0.140219 0.377568
0.104340 0.128560
0.023538 0.120782
0.101006 0.230828
0.182623 0.252737
0.125144 0.187164
0.223390 0.487447
0.116071 0.077783
0.114218 0.217717
0.119359 0.250158
0.130479 0.370518
0.113258 0.252794
0.151503 0.458241
0.200338 0.493874
0.077343 0.120906
0.098563 0.241167
0.140988 0.153759
0.165451 0.360393
0.270132 0.244447
0.166403 0.251364
0.119110 0.180900
0.134486 0.362817
0.172688 0.298366
0.138258 0.328220
0.143270 0.245785
0.055861 0.117900
0.194969 0.253466
0.167832 0.344792
0.156085 0.175338
0.220517 0.601657
0.215303 0.405448
0.204163 0.308073
0.108761 0.284643
0.207088 0.355617
0.125120 0.250086
0.049282 0.333567
0.213315 0.365746
0.201031 0.383018
0.212040 0.281462
0.274666 0.402422
0.262300 0.576296
0.382517 0.439388
0.252751 0.271333
