0.229275 0.309811
0.327366 0.343340
0.546792 0.534442
0.532685 0.727946
0.273184 0.483659
0.410106 0.261850
0.377200 0.386027
0.214181 0.456485
0.385189 0.541385
0.116924 0.328328
0.130959 0.334755
0.124121 0.107082
0.238439 0.473685
0.078559 0.135167
0.245431 0.206579
0.208913 0.242928
0.077259 0.073716
0.219251 0.282209
0.110823 0.119602
0.096353 0.126445
0.058593 0.040388
0.103700 0.168689
0.109699 0.124254
0.187414 0.344932
0.186186 0.364491
0.208632 0.346549
0.201102 0.334841
0.303198 0.492700
0.223531 0.397588
0.321601 0.593975
0.276728 0.578024
0.165192 0.243006
0.170688 0.393126
20.564455 11.260672
0.077380 0.127208
0.218473 0.399729
0.228830 0.542127
0.121822 0.290060
0.109342 0.266025
0.131310 0.242288
0.170966 0.329196
0.079956 0.226859
0.045902 0.130745
0.145815 0.293203
0.141938 0.422975
0.066748 0.170323
0.076004 0.144985
0.062090 0.106553
0.163161 0.385451
0.083685 0.208913
0.031389 0.095888
0.080796 0.092241
0.010689 0.141807
0.053575 0.122137
0.099670 0.195526
0.108034 0.199560
0.097813 0.122653
0.089366 0.216784
0.058517 0.184107
0.130015 0.198515
0.067183 0.071663
0.523283 0.345910
0.947844 0.478571
0.650286 0.173122
0.533965 0.402847
0.299365 0.478061
0.405529 0.668717
0.494082 0.119751
0.646725 0.618865
0.160734 0.217848
0.585379 0.317576
0.388099 0.274795
0.478106 0.751308
0.164526 0.127998
0.498943 0.468246
0.182116 0.414729
0.192513 0.217354
0.118370 0.163314
0.152117 0.379019
0.143162 0.301746
0.400997 0.576874
0.156705 0.277816
0.183461 0.169808
0.179950 0.187403
0.404993 0.230078
0.274589 0.250218
0.194846 0.256369
0.299014 0.647639
0.122040 0.211771
0.235695 0.235012
0.090254 0.222174
0.089422 0.230754
0.077716 0.262446
0.142801 0.275510
0.050299 0.226526
0.215375 0.308533
0.153180 0.249196
0.144278 0.371975
0.086441 0.194751
0.103291 0.240760
0.048160 0.099803
0.017984 0.080278
0.047649 0.181876
0.121536 0.247284
0.071552 0.175997
0.099958 0.170808
0.115124 0.280285
0.072793 0.170631
0.094551 0.216003
0.064762 0.111477
0.063804 0.162233
0.100370 0.140117
0.253543 0.574155
0.195204 0.500750
0.149433 0.387929
0.160333 0.302465
0.098106 0.170444
0.080552 0.167746
0.162556 0.408012
0.165493 0.340889
0.072038 0.138430
0.041696 0.170019
0.092199 0.269970
0.067807 0.227936
0.202945 0.374344
0.107790 0.276531
0.156456 0.398299
0.170234 0.442938
0.116697 0.242354
0.264105 0.678124
0.081283 0.272315
0.203421 0.454644
0.104358 0.170139
0.108235 0.223538
0.287694 0.703845
0.205271 0.453830
0.211772 0.505067
0.245169 0.594072
0.212939 0.541661
0.077758 0.206624
0.256350 0.502669
0.300547 0.690512
0.333302 0.707837
0.199449 0.475282
0.111982 0.055452
0.184071 0.414003
0.279202 0.531984
0.073024 0.197585
0.198910 0.306206
0.169335 0.207808
0.071806 0.113355
0.085171 0.151277
0.103229 0.131005
0.050571 0.121594
0.236777 0.507957
0.181327 0.349393
0.132401 0.231382
0.188712 0.245564
0.253301 0.381290
0.324688 0.632520
0.637104 1.095283
0.338413 0.574252
0.202891 0.413669
0.714131 1.247773
0.469637 0.879207
0.328550 0.393977
0.240235 0.390122
0.320067 0.510864
0.263444 0.471776
0.216111 0.365512
0.172541 0.228212
0.405769 0.716658
0.395663 0.602636
0.124481 0.112630
0.097179 0.168982
0.504134 0.511842
0.126433 0.106880
0.126611 0.071716
0.190670 0.092122
0.040986 0.120013
0.095860 0.095513
0.095259 0.182884
0.502132 0.718567
0.202290 0.204361
0.069356 0.093723
0.288433 0.425254
0.200607 0.197839
0.485783 0.714149
0.368230 0.311957
0.603229 0.780889
0.440868 0.510862
0.229412 0.217076
0.807477 1.083721
0.236186 0.266713
0.310101 0.103476
0.354133 0.353481
0.236596 0.311009
0.267738 0.295344
0.323441 0.340782
1.014861 0.585321
0.377458 0.529766
0.810040 0.934658
0.508982 0.451124
0.363441 0.191702
0.610689 0.759120
0.753111 0.616291
1.020856 0.493757
0.433829 0.283800
0.666615 0.636158
0.802892 0.149454
0.727087 0.942561
1.654102 1.409484
0.788443 0.708289
1.239048 1.346944
1.045167 1.029837
0.946148 0.387202
1.144798 1.110950
1.262872 1.543180
1.091462 1.019772
0.892283 0.411401
0.736735 0.538826
0.320290 0.300476
0.308437 0.496144
0.583084 0.898929
0.623631 0.248969
0.664804 0.706101
0.701100 0.636279
0.409658 0.414874
0.872724 0.949710
1.054030 0.433815
0.899454 1.166415
0.288634 0.042892
0.717107 0.307568
0.966203 0.551058
0.494832 0.404981
0.361316 0.172339
0.403499 0.416420
0.546564 0.513304
1.286918 1.450220
2.626678 3.955925
0.548227 0.207406
0.184288 0.263492
0.260475 0.108836
0.064846 0.289340
0.209346 0.187968
0.040387 0.232194
0.454712 0.438119
0.432819 0.792144
0.259120 0.330907
0.383001 0.347348
0.240636 0.923904
0.558461 0.961538
0.170364 0.330996
0.092190 0.187597
0.140438 0.250244
0.169533 0.508313
0.174306 0.368181
0.124150 0.298183
0.249031 0.754481
0.193266 0.539136
0.113238 0.156244
0.177897 0.598103
0.284371 0.765809
0.133337 0.388526
0.248911 0.588956
0.195396 0.378418
0.137156 0.451351
0.105988 0.351496
0.100208 0.086320
0.070354 0.153594
0.231622 0.349611
0.124351 0.481907
0.057425 0.152949
0.042985 0.230919
0.093365 0.147208
0.050596 0.234957
0.063117 0.207648
0.051788 0.213371
0.101467 0.216808
0.089410 0.099004
0.037236 0.117933
0.036865 0.120195
0.083397 0.132401
0.058716 0.098018
0.032520 0.035356
0.083411 0.297107
0.078307 0.178277
0.041889 0.198901
0.026021 0.122934
0.047172 0.200857
0.042668 0.082772
0.038589 0.073188
0.070397 0.182512
0.062138 0.229476
0.077307 0.193320
0.031085 0.159713
0.052496 0.104711
0.122072 0.246602
0.045888 0.101611
0.102629 0.255780
0.056012 0.156115
0.058100 0.103634
0.120001 0.329407
0.036500 0.140832
0.060724 0.233286
0.074617 0.246592
0.118831 0.378513
0.064211 0.021665
0.207865 0.573646
0.136424 0.360901
0.126545 0.365467
0.194434 0.524238
0.161342 0.448258
0.017429 0.091234
0.162289 0.469370
0.038226 0.142841
0.194824 0.536529
0.180446 0.481801
0.237983 0.624284
0.272059 0.668934
0.208958 0.513149
0.125431 0.314297
0.168501 0.369979
0.146244 0.314692
0.200437 0.433431
0.183763 0.459478
0.322326 0.759944
0.100198 0.128078
0.273726 0.653435
0.206815 0.427404
0.062323 0.062023
0.233827 0.571036
0.153009 0.356836
0.248746 0.622243
0.191839 0.399657
0.063289 0.218720
0.357310 0.833350
0.279100 0.678188
0.179568 0.365472
0.100667 0.274125
0.175918 0.379197
0.127858 0.308770
0.208861 0.409622
