0.021042 0.535400
0.022131 0.581852
0.018963 0.528446
0.020555 0.543989
0.019932 0.549467
0.023175 0.590791
0.020480 0.529492
0.019335 0.532591
0.021731 0.587009
0.020411 0.446317
0.018586 0.512889
0.018658 0.490708
0.017367 0.507131
0.015722 0.447471
0.010394 0.329395
0.012312 0.327012
0.016779 0.426011
0.018472 0.410919
0.021297 0.572114
0.018930 0.500316
0.014632 0.342041
0.015055 0.343537
0.012979 0.284235
0.012554 0.241866
0.010156 0.216678
0.015737 0.344548
0.012001 0.197835
0.014552 0.240676
0.011634 0.228511
0.026768 0.717487
0.013334 0.095509
0.014540 0.198742
0.015241 0.200417
0.014673 0.170402
0.014938 0.238664
0.013749 0.175844
0.010633 0.578158
0.010739 0.117493
0.014424 0.543525
0.023196 0.450709
0.020439 0.361429
0.020531 0.404822
0.020308 0.422640
0.020117 0.433776
0.019204 0.437320
0.019670 0.443328
0.019866 0.446590
0.015361 0.329904
0.015864 0.374810
0.017474 0.518874
0.013731 0.421411
0.012947 0.398948
0.009574 0.409991
0.018528 0.630827
0.020706 0.704578
0.015810 0.531848
0.014308 0.438225
0.015102 0.433778
0.016530 0.537581
0.016442 0.516356
0.019011 0.484539
0.015401 0.490607
0.013097 0.379304
0.009725 0.239009
0.011404 0.322715
0.011115 0.311067
0.009858 0.376873
0.017519 0.557685
0.016617 0.600411
0.015409 0.505845
0.017271 0.524769
0.007099 0.567115
0.012189 0.435075
0.009150 0.245177
0.012745 0.288206
0.014056 0.410567
0.014323 0.408496
0.013110 0.359579
0.020090 0.522855
0.017425 0.449195
0.021990 0.570530
0.011170 0.533019
0.023728 0.671975
0.011703 0.928028
0.030825 0.846117
0.012239 0.529819
0.032317 0.864258
0.036374 1.042356
0.033423 0.898110
0.028297 0.803004
0.034539 0.991250
0.036355 1.003132
0.030250 0.824902
0.030174 0.847781
0.028590 0.810988
0.018819 0.550381
0.014549 0.467515
0.016751 0.518706
0.013126 0.433843
0.017122 0.547689
0.005770 0.126898
0.009734 0.110169
0.008909 0.217062
0.008308 0.070284
0.009492 0.141888
0.009892 0.170158
0.009058 0.083223
0.010256 0.190065
0.011296 0.133856
0.010777 0.057869
0.007896 0.092801
0.009915 0.083729
0.006668 0.099870
0.007431 0.124199
0.012871 0.392911
0.005247 0.084384
0.006504 0.145211
0.007217 0.062529
0.015203 0.383098
0.013047 0.288499
0.015743 0.358086
0.014941 0.395940
0.012795 0.345848
0.004708 0.191593
0.010287 0.435056
0.002551 0.138473
0.005597 0.251902
0.007072 0.281933
0.005620 0.323790
0.003882 0.169508
0.009228 0.179431
0.011246 0.299018
0.008553 0.404769
0.016740 0.646154
0.006206 0.575426
0.012017 0.609338
0.003889 0.621037
0.009889 0.904241
0.013020 0.638642
0.008664 0.773810
0.003472 0.597547
0.002081 0.517710
0.010392 0.190416
0.010973 0.565050
0.008854 0.515075
0.009183 0.484689
0.012498 0.527628
0.025166 0.797540
0.012596 0.428877
0.013754 0.869643
0.022538 0.613010
0.008145 0.317518
0.013580 0.344458
0.030604 0.879120
0.010946 0.409896
0.010703 0.581580
0.017648 0.567586
0.016883 0.566842
0.018389 0.528713
0.015340 0.532740
0.012658 0.411572
0.012896 0.372288
0.010381 0.156743
0.010278 0.254535
0.016782 0.881404
0.017908 0.378014
0.014920 0.366983
0.015191 0.571150
0.019353 0.701040
0.012036 0.739838
0.012823 0.734294
0.010046 1.569486
0.011398 0.956926
0.019786 1.043685
0.011750 1.016178
0.016022 1.204793
0.034026 1.555050
0.016065 1.880396
0.020108 1.443643
0.023266 1.164333
0.032769 1.165816
0.032650 1.002539
0.026084 1.241231
0.028487 0.855176
0.021366 0.696526
0.014852 0.561762
0.022648 0.617799
0.018872 0.516607
0.026847 0.476698
0.025477 0.604346
0.017414 0.382514
0.026792 0.664504
0.026033 0.636058
0.021256 0.594149
0.027401 0.748101
0.021488 0.686051
0.020976 0.603977
0.008354 1.263878
0.043686 1.080750
0.031251 0.794594
0.028525 0.704092
0.039367 0.994326
0.032412 0.812178
0.031643 0.787130
0.021796 0.465742
0.017521 0.349354
0.010697 0.152366
0.010379 0.184119
0.030353 0.769960
0.006841 0.040692
0.021299 0.503263
0.018259 0.517260
0.017712 0.533902
0.019705 0.581966
0.017339 0.668219
0.019078 0.709973
0.014773 0.542252
0.012780 0.566606
0.015704 0.631515
0.011277 0.581350
0.014921 0.654424
0.011498 0.665101
0.021561 0.916593
0.005152 0.459220
0.036025 0.792613
0.025891 0.543990
0.031151 0.508203
0.024386 0.438568
0.016923 0.292361
0.010239 0.245638
0.023000 0.266421
0.027174 0.624335
0.010548 0.130238
0.020055 0.548933
0.026957 0.665407
0.023947 0.493635
0.029192 0.724285
0.023777 0.995121
0.036570 0.931389
0.043127 1.160342
0.038614 1.127618
0.037029 1.163585
0.037224 1.176223
0.048782 1.475941
0.053415 1.858003
0.047515 1.770190
0.049831 1.799738
0.047000 1.744335
0.055719 2.042450
0.055233 1.910339
0.058896 2.007676
0.050662 1.846500
0.050350 1.748925
0.055411 1.911327
0.055692 1.907835
0.064277 1.990064
0.061594 1.847818
0.046888 1.880917
0.043714 1.701898
0.044411 1.689080
0.050155 1.857841
0.043746 1.726639
0.044365 1.716258
0.036638 1.358353
0.038521 1.551748
0.034541 1.159094
0.038266 1.210113
0.035422 0.992647
0.034690 0.870357
0.041159 0.949407
0.039229 0.962171
0.050499 1.299465
0.038698 0.888961
0.046797 1.015957
0.026682 0.752447
0.023288 0.617084
0.033210 0.594060
0.022199 0.252426
0.020131 0.423026
0.020115 0.300442
0.022693 0.595961
0.017311 0.462224
0.020366 0.370223
0.026614 0.589695
0.022717 0.415885
0.023286 0.626232
0.025351 0.735867
0.025524 0.701950
0.024368 0.724698
0.033587 1.002141
0.029717 0.876900
0.032724 1.046544
0.027586 0.801783
0.024939 0.729727
0.033937 0.943524
0.029574 0.894565
0.032424 0.920319
0.037034 1.062884
0.035669 1.039870
0.033135 0.923701
0.028834 0.890539
0.024803 0.732892
0.026962 0.793597
0.030712 0.913187
0.024962 0.800088
0.025159 0.766771
0.019435 0.593900
0.016949 0.520728
0.014041 0.451383
0.012823 0.512447
0.016905 0.526307
0.018479 0.592303
0.021386 0.636913
0.023898 0.671057
0.032250 0.765643
0.024734 0.690716
0.033622 0.851080
0.036458 0.866176
0.040010 1.008299
0.039318 1.055549
0.038050 1.018208
0.033597 0.909645
0.042298 1.184023
0.036464 1.093324
0.039468 1.152769
0.033176 1.013120
0.033139 1.042846
0.039357 1.212353
0.039360 1.254821
0.046459 1.430213
0.041120 1.269002
0.042493 1.270701
0.041055 1.303658
0.031034 1.014474
0.036532 1.189291
0.030113 1.021008
0.038741 1.654928
0.030739 1.125282
0.035800 1.719290
0.027852 0.837012
0.025287 0.875626
0.029099 0.896732
0.042236 1.315108
0.030097 0.941876
0.035890 1.120624
0.035600 1.103008
0.033018 1.023381
0.039226 1.244313
0.025274 0.904157
0.026376 0.900546
0.023915 0.886298
0.025598 0.988083
0.020584 0.933454
0.015865 0.755071
0.009411 0.644927
0.007013 0.591943
0.009407 0.645750
0.006305 0.516012
0.004417 0.488149
0.005304 0.556961
0.005319 0.568426
0.004036 0.410823
0.008878 0.542847
0.008133 0.437551
0.006638 0.298291
0.010298 0.163802
0.009484 0.166225
0.010343 0.157799
0.010639 0.227869
0.012076 0.074386
0.015112 0.245107
0.018037 0.287625
0.026465 0.967965
0.018674 0.417472
0.023415 0.557397
0.021592 0.494240
0.018975 0.419296
0.018487 0.651321
0.027139 0.817183
0.025297 0.726633
0.024532 0.619769
0.018340 0.467936
0.032613 0.729917
0.035215 0.932713
0.034350 0.891456
0.037418 1.001098
0.036559 1.016260
0.032622 1.045087
0.040134 1.320404
0.034414 1.131021
0.039830 1.334682
0.041701 1.461573
0.035515 1.206125
0.014156 0.583332
0.016664 0.698220
0.031421 1.261544
0.025636 1.048751
0.025950 1.138614
0.009121 0.562731
0.008524 0.477813
0.012200 0.652797
0.012644 0.579859
0.007880 0.454616
0.007761 0.427636
0.003646 0.350028
0.009274 0.441269
0.006191 0.242861
0.004750 0.067956
0.003894 0.252033
0.008534 0.452141
0.006578 0.359022
0.013102 0.643241
0.003803 0.219749
0.002807 0.285661
0.007752 0.393631
0.011220 0.603855
0.009595 0.482464
0.014454 1.067639
0.014146 0.760038
0.007985 0.449808
0.009275 0.372389
0.010116 0.571970
0.022958 0.972251
0.009251 0.582350
0.007945 0.422721
0.009672 0.579416
0.013843 0.683571
0.014465 0.627314
0.015283 0.788982
0.016577 0.841819
0.008875 0.488693
0.021712 0.274240
0.012880 0.411122
0.011641 0.623676
0.017095 0.315270
0.017801 0.710956
0.019138 0.818806
0.010052 0.547595
0.013840 0.656360
0.013682 0.670731
0.013126 0.737765
0.011666 0.674837
0.020292 0.851391
0.020721 0.687408
0.014689 0.707676
0.010712 0.520839
0.011700 0.525916
0.007571 0.416918
0.009431 0.389285
0.008364 0.400396
0.015136 0.361670
0.011479 0.523593
0.013428 0.547244
0.012331 0.551500
0.015933 0.087200
0.015552 0.065988
0.020575 0.231464
0.020772 0.302517
0.020863 0.397572
0.012447 0.232789
0.022708 0.514261
0.016424 0.446213
0.023843 0.583270
0.019156 0.472884
0.026005 0.665207
0.023746 0.575384
0.028065 0.755460
0.023228 0.557632
0.021847 0.649592
0.032484 0.934810
0.036773 1.135532
0.030921 1.036631
0.047955 1.393171
0.052213 1.500079
0.040790 1.270485
0.037271 1.210969
0.042298 1.424570
0.039908 1.320436
0.033947 1.171372
0.031971 1.059543
0.036634 1.200236
0.034005 1.181675
0.043244 1.523335
0.023964 0.940966
0.022170 1.071159
0.028674 0.798017
0.026050 0.722005
0.027114 0.794070
0.014796 0.474639
0.030812 0.890567
0.028554 0.630642
0.026589 0.512209
0.020478 0.295041
0.022995 0.393038
0.037121 0.818602
0.018953 0.462073
0.025073 0.612385
0.023967 0.557624
0.026084 0.601505
0.018047 0.421409
0.017455 0.472457
0.014925 0.360495
0.014403 0.424192
0.020071 0.511295
0.028650 0.699158
0.038813 0.921678
0.038936 0.858734
0.024160 0.556798
0.024434 0.628830
0.033378 0.749413
0.033276 0.786459
0.018794 0.577310
0.008700 0.349206
0.018722 0.464398
0.020398 0.143566
0.016839 0.506891
0.017912 0.517276
0.017755 0.511361
0.013693 0.380772
0.011408 0.340127
0.007257 0.238949
0.007121 0.271431
0.008210 0.204895
0.009069 0.159319
0.016435 0.371515
0.008383 0.187788
0.009202 0.238318
0.018863 0.381203
0.014820 0.261561
0.022121 0.364813
0.007256 0.084559
0.015931 0.352996
0.012737 0.141736
0.006851 0.138739
0.007830 0.264397
0.010302 0.128537
0.010120 0.172561
0.010774 0.171936
0.015465 0.293000
0.017873 0.316990
0.018460 0.286779
0.017935 0.327415
0.015741 0.279210
0.018788 0.303230
0.022233 0.454413
0.018593 0.312249
0.018059 0.345013
0.016833 0.336331
0.010019 0.392194
0.013411 0.236266
0.012084 0.209725
0.012165 0.277021
0.014385 0.155526
0.013736 0.199443
0.012963 0.165834
0.016123 0.259120
0.014964 0.612296
0.021609 0.415259
0.018162 0.293426
0.020870 0.348430
0.018523 0.324078
0.019739 0.432993
0.016787 0.370897
0.029167 1.050887
0.016544 0.396219
0.018598 0.561282
0.021103 0.587601
0.014418 0.362622
0.017319 0.455042
0.016129 0.418698
0.013996 0.383628
0.019030 0.524914
0.020253 0.582811
0.020267 0.606360
0.017986 0.534002
0.014847 0.518519
0.020962 0.611289
0.022870 0.694834
0.023938 0.796767
0.017403 0.596560
0.015461 0.525688
0.013554 0.473187
0.023993 0.803422
0.021757 0.822329
0.019970 0.784208
0.023367 0.923433
0.017726 0.753061
0.022815 0.806207
0.024471 0.945686
0.016816 0.706361
0.023468 0.952695
0.024201 0.942676
0.020975 0.784747
0.021800 0.804522
0.017048 0.721603
0.022886 0.839759
0.023494 0.826846
0.014051 0.482625
0.011505 0.377874
0.038733 1.156461
0.018159 0.603210
0.023822 0.884291
0.015530 0.615305
0.015053 0.604415
0.014682 0.609200
0.013137 0.532228
0.014813 0.590834
0.018194 0.746155
0.017362 0.767151
0.018780 0.743978
0.020396 0.774243
0.018623 0.729251
0.024488 0.900778
0.021892 0.777648
0.040537 1.535269
0.024882 0.899271
0.026969 0.958290
0.022100 0.792991
0.024037 0.869931
0.024640 0.852045
0.026701 0.888176
0.024775 0.809410
0.019457 0.704761
0.014487 0.532664
0.012838 0.472687
0.010972 0.407370
0.013439 0.463671
0.015767 0.516755
0.013247 0.489480
0.008419 0.258861
0.005858 0.275759
0.005122 0.136700
0.005424 0.132878
0.006720 0.166101
0.006104 0.156818
0.002719 0.110105
0.006134 0.193923
0.004914 0.144767
0.006246 0.207970
0.004657 0.141921
0.008533 0.242094
0.005048 0.159043
0.010282 0.296138
0.013360 0.404051
0.015201 0.506260
0.013962 0.431562
0.011763 0.338204
0.014535 0.381576
0.013795 0.435192
0.013161 0.437506
0.014445 0.351413
0.018583 0.537052
0.019459 0.458941
0.020000 0.388673
0.015962 0.286565
0.016333 0.398791
0.025301 0.885237
0.018411 0.816591
0.014256 0.420037
0.021963 0.655615
0.038782 1.065633
0.028763 0.821621
0.047981 1.521127
0.049653 1.522750
0.070045 2.343236
0.059474 1.932531
0.065805 2.141657
0.078870 2.672414
0.072301 2.434070
0.048411 1.549308
0.074764 2.573495
0.084917 2.909850
0.066388 2.265126
0.069286 2.455148
0.057947 1.976443
0.070971 2.465001
0.070426 2.449488
0.076869 2.619931
0.059185 2.069942
0.062216 2.121708
0.063779 2.128189
0.094023 3.274920
0.081270 2.764077
0.077557 2.681605
0.048239 1.650173
0.069375 2.338971
0.073650 2.622062
0.052649 1.640795
0.087267 2.977775
0.083944 2.760290
0.076246 2.663498
0.064508 2.071263
0.068876 2.549218
0.040046 1.213369
0.071793 2.319675
0.051803 1.457282
0.062042 1.765966
0.062211 1.907064
0.076309 2.272092
0.058943 1.728149
0.045886 1.387689
0.041308 1.246961
0.058287 1.733869
0.034865 1.094128
0.029484 0.985778
0.031354 0.974315
0.029546 0.947248
0.014312 0.166487
0.033994 1.170406
0.028354 1.090380
0.011269 0.340391
0.015359 0.528170
0.018090 0.654014
0.009457 0.294718
0.006864 0.329415
0.013986 0.510437
0.009131 0.326823
0.009678 0.283244
0.007773 0.207244
0.009689 0.243314
0.015298 0.469019
0.007747 0.249450
0.012192 0.268420
0.008381 0.249783
0.013704 0.396612
0.016215 0.287937
0.013634 0.271466
0.021410 0.641974
0.018855 0.552109
0.002713 0.163049
0.003046 0.215091
0.015537 0.551812
0.009716 0.443176
0.007476 0.373134
0.008371 0.322257
0.030532 0.911404
0.024127 0.724491
0.009500 0.433312
0.010669 0.391395
0.021776 0.668930
0.011159 0.259759
0.008749 0.237649
0.008143 0.219972
0.014885 0.507208
0.017850 0.430661
0.015559 0.458273
0.019100 0.557107
0.015562 0.370534
0.013985 0.433297
0.016581 0.521181
0.016154 0.476409
0.027326 0.780204
0.023241 0.626810
0.026064 0.797212
0.022227 0.686225
0.028384 0.954148
0.036406 1.947430
0.031592 1.197908
0.030418 1.174478
0.032683 1.286935
0.035767 1.308841
0.027828 1.222401
0.026782 1.150811
0.029018 1.172312
0.033053 1.399295
0.031374 1.324651
0.028209 1.167259
0.027846 1.055888
0.025563 1.005553
0.027885 1.087908
0.028830 1.128018
0.027225 1.073400
0.025919 1.020442
0.024983 1.007303
0.020698 0.877571
0.018298 0.769362
0.015352 0.694669
0.010907 0.482692
0.016120 0.711721
0.015550 0.722029
0.013173 1.184568
0.013593 1.145548
0.018018 0.839595
0.019194 0.811147
0.018168 0.748221
0.021430 0.979361
0.018556 0.835929
0.020976 1.024854
0.021108 0.992469
0.016649 0.720735
0.020124 0.964328
0.023017 1.133540
0.019016 0.956647
0.018122 0.860720
0.008609 0.419429
0.011131 0.518400
0.016512 0.846351
0.012536 0.653524
0.008814 0.361929
0.005285 0.209244
0.007286 0.363732
0.005822 0.183949
0.010177 0.377489
0.008988 0.393072
0.006093 0.355811
0.008201 0.347305
0.007878 0.409575
0.012658 0.705307
0.005061 0.315600
0.003885 0.234949
0.005790 0.367718
0.006738 0.448311
0.010987 0.702725
0.008542 0.621838
0.003088 0.263132
0.008748 0.604352
0.009164 0.653864
0.006371 0.435241
0.007404 0.506608
0.008271 0.561730
0.008801 0.628820
0.012067 0.718709
0.008770 0.573817
0.007929 0.536673
0.009081 0.596809
0.013563 0.685563
0.012349 0.660498
0.008126 0.629606
0.011785 0.485524
0.012498 0.547964
0.014852 0.741222
0.018932 0.887555
0.015012 0.704165
0.012166 0.630848
0.012417 0.638037
0.008986 0.565835
0.015868 0.841583
0.014081 0.756423
0.019767 0.999037
0.018567 0.949415
0.015995 0.873650
0.021309 1.119750
0.023067 1.128171
0.016661 0.878373
0.025119 1.245828
0.027677 1.386357
0.014867 0.764177
0.020714 1.116316
0.026817 1.377587
0.015588 0.836966
0.016834 0.883294
0.015793 0.793651
0.014389 0.832490
0.020602 1.068235
0.015796 0.768567
0.013979 0.692490
0.015389 0.701065
0.019431 0.921883
0.018428 0.879022
0.019126 0.872340
0.020629 0.963169
0.017746 0.848517
0.016766 0.661672
0.020876 0.982801
0.021084 0.962413
0.018158 0.833185
0.022329 1.013595
0.024434 1.040068
0.023744 0.956903
0.027802 1.172198
0.027766 1.159127
0.028679 1.237059
0.028605 1.260619
0.028352 1.222426
0.031585 1.404192
0.027383 1.195355
0.033028 1.467862
0.036111 1.643808
0.027408 1.207752
0.027711 1.216410
0.030402 1.375959
0.021913 0.956649
0.021778 1.011462
0.033376 1.504976
0.033716 1.505612
0.027234 1.163612
0.034560 1.524770
0.018148 0.743302
0.024935 0.982796
0.035719 1.447269
0.027944 1.113632
0.022930 0.895628
0.018088 0.676740
0.017578 0.663623
0.018378 0.698104
0.027961 0.961193
0.017116 0.626505
0.017934 0.629316
0.015220 0.555236
0.022519 0.502860
0.009491 0.420785
0.005756 0.300284
0.014498 0.489693
0.014452 0.520831
0.017812 0.606768
0.020152 0.699174
0.020247 0.652802
0.019823 0.623452
0.016270 0.547266
0.018586 0.642856
0.020177 0.691889
0.038951 0.442689
0.022726 0.564660
0.021652 0.595591
0.022306 0.790174
0.022993 0.775625
0.008870 1.077743
0.017712 0.696131
0.018044 0.767900
0.018723 0.803839
0.016604 0.792928
0.028636 0.313327
0.015257 0.574066
0.019946 0.741664
0.015669 0.499246
0.014093 0.379265
0.016844 0.499890
0.021847 0.678534
0.021580 0.682444
0.021039 0.578766
0.025398 0.667449
0.022789 0.517226
0.019088 0.466271
0.022379 0.565734
0.036765 0.438955
0.026632 0.739560
0.018389 0.396604
0.017895 0.337512
0.030664 0.472648
0.018540 0.342561
0.021460 0.722705
0.026391 0.892647
0.022959 0.717954
0.023070 0.866448
0.023911 0.799490
0.024838 1.983100
0.028643 1.180470
0.025319 1.164470
0.029822 1.287418
0.024722 1.164085
0.022613 1.046943
0.026587 1.124606
0.022381 0.982242
0.018830 0.767747
0.018135 0.583431
0.023347 0.979002
0.024570 1.187963
0.014924 0.954289
0.002786 0.850261
0.026989 1.210950
0.027555 1.177351
0.027035 1.149380
0.025434 1.059709
0.022383 1.048567
0.017394 0.926500
0.024557 1.225895
0.019002 1.236398
0.011827 1.095185
0.010300 1.169368
0.028746 1.395294
0.003048 1.366001
0.009035 1.142549
0.023741 1.619484
0.025477 2.162724
0.027956 2.158413
0.044223 3.226588
0.045160 2.096368
0.043514 1.754460
0.049024 2.349777
0.049899 2.321631
0.052656 2.493067
0.035856 2.194529
0.029598 1.541370
0.093843 3.871787
0.112395 4.551955
0.037343 2.533346
0.063412 2.917406
0.096203 4.022675
0.080515 3.484991
0.066528 3.038986
0.057167 2.823434
0.033603 2.054803
0.065609 2.903495
0.046847 2.289735
0.027809 1.626487
0.035621 1.841665
0.020091 2.118169
0.024932 1.342880
0.032641 1.608363
0.023275 1.277806
0.030582 0.951061
0.030752 0.956509
0.028466 0.894580
0.024750 0.718810
0.024539 0.723863
0.034620 1.047043
0.036599 1.112462
0.030483 0.923292
0.041759 1.190784
0.042387 1.229669
0.034501 0.927822
0.027710 0.711077
0.032510 0.854092
0.023336 0.560674
0.019873 0.669543
0.024636 0.631665
0.022494 0.536058
0.028445 0.679395
0.026690 0.675643
0.030905 0.758973
0.029440 0.781555
0.021380 0.975945
0.026403 0.747554
0.033133 0.906309
0.038995 1.083136
0.032791 0.936754
0.042546 1.135969
0.037419 1.005333
0.037403 0.562507
0.035923 1.041365
0.038828 1.160878
0.043312 1.156419
0.036001 0.974290
0.039156 1.063529
0.035554 0.915170
0.033138 1.068615
0.034145 0.911224
0.033488 0.863697
0.037406 0.929044
0.041330 1.035820
0.041667 1.084396
0.031127 0.769964
0.033879 0.890142
0.029758 0.778341
0.043883 1.044838
0.031982 0.863407
0.030811 0.810545
0.058624 1.232298
0.048313 1.073682
0.043733 1.030357
0.032020 0.706712
0.025230 0.589657
0.031725 0.779372
0.025080 0.713142
0.017001 0.610348
0.023530 0.711176
0.011376 0.459093
0.008169 0.457676
0.017529 0.556630
0.010742 0.317297
0.009633 0.423051
0.017905 0.646537
0.029736 0.924986
0.026246 0.810325
0.035738 1.077427
0.033432 0.978719
0.026643 0.906359
0.033622 1.041070
0.036386 1.114688
0.032296 1.009576
0.022152 0.704015
0.043682 1.272310
0.038615 1.111868
0.035967 1.121534
0.035062 1.023596
0.030827 0.903413
0.030974 0.981678
0.048835 1.469990
0.034750 1.094692
0.031681 0.909884
0.036851 1.102082
0.020413 0.767375
0.016494 0.522871
0.024086 0.669205
0.013216 0.504703
0.012266 0.583132
0.008217 0.247751
0.016322 0.394514
0.015371 0.600615
0.012050 0.289139
0.011089 0.295733
0.016620 0.432771
0.011483 0.341101
0.024279 0.682520
0.020382 0.445412
0.024884 0.656107
0.022479 0.527097
0.022127 0.469213
0.019468 0.430609
0.020654 0.465691
0.015615 0.348949
0.014178 0.264130
0.012813 0.405611
0.010749 0.216497
0.010133 0.134664
0.015289 0.241729
0.018631 0.371234
0.016629 0.399667
0.023066 0.449027
0.026932 0.689367
0.023513 0.577909
0.030558 0.852333
0.022317 0.554074
0.027932 0.729728
0.029831 0.815832
0.026606 0.672351
0.021459 0.524311
0.022815 0.586494
0.021060 0.594023
0.017713 0.523226
0.013475 0.366232
0.013067 0.468992
0.014146 0.393342
0.022365 0.479009
0.016469 0.413314
0.019233 0.426306
0.015421 0.391081
0.019627 0.378869
0.016073 0.305157
0.014120 0.273828
0.018561 0.378124
0.020384 0.457809
0.014554 0.354509
0.014128 0.332754
0.015142 0.310196
0.014660 0.367184
0.008163 0.288234
0.008160 0.247928
0.018695 0.672367
0.009682 0.276405
0.009080 0.185494
0.010414 0.275137
0.007301 0.129558
0.007764 0.167248
0.007693 0.268710
0.006164 0.221625
0.010674 0.297808
0.002412 1.006624
0.004182 0.084469
0.007792 0.233926
0.003861 0.089781
0.003829 0.114896
0.004692 0.110352
0.003021 0.113788
0.011223 0.418275
0.005550 0.145769
0.008479 0.186176
0.007482 0.235047
0.009341 0.333421
0.012222 0.301595
0.013040 0.340122
0.011510 0.305164
0.009851 0.223986
0.014174 0.410749
0.013239 0.369507
0.016613 0.457831
0.018829 0.505476
0.015671 0.377260
0.018869 0.549995
0.020625 0.555979
0.016451 0.464970
0.017338 0.506614
0.017485 0.544095
0.022212 0.657947
0.018791 0.552837
0.024440 0.716595
0.021643 0.721875
0.021677 0.697876
0.023072 0.681096
0.022852 0.670408
0.021936 0.629835
0.020991 0.629409
0.023255 0.289727
0.019059 0.605093
0.019511 0.684315
0.016124 0.513248
0.017922 0.675595
0.016626 0.639991
0.017449 0.689616
0.019424 0.799142
0.020005 0.854880
0.019618 0.830852
0.021778 0.944265
0.024277 1.028275
0.017487 0.721840
0.019687 0.826867
0.018543 0.789352
0.019923 0.832664
0.019360 0.788302
0.012225 0.456834
0.014289 0.594007
0.008946 0.430585
0.007283 0.354049
0.006324 0.317824
0.005418 0.241584
0.002931 0.369343
0.004090 0.278894
0.004679 0.260245
0.003931 0.270312
0.005294 0.330100
0.004282 0.331875
0.010333 0.488234
0.007890 0.435251
0.008253 0.386763
0.009843 0.561089
0.006209 0.339332
0.015326 0.724289
0.008872 0.402873
0.010959 0.555548
0.010366 0.578759
0.009397 0.478296
0.007552 0.421805
0.011745 0.592293
0.009491 0.512250
0.011826 0.570693
0.009088 0.511511
0.007970 0.430181
0.007815 0.561025
0.010350 0.726891
0.006665 0.502050
0.007516 0.485344
0.010080 0.718304
0.006918 0.626510
0.011083 0.804258
0.013961 0.875420
0.006739 0.713264
0.009770 0.713695
0.004369 0.592799
0.007235 0.665679
0.004938 0.586936
0.012383 0.765589
0.004947 0.395036
0.014050 0.672425
0.011774 0.620776
0.014030 0.735696
0.023560 1.098513
0.033809 1.494505
0.027489 1.263338
0.031892 1.360897
0.030958 1.370605
0.030326 1.328280
0.038347 1.687403
0.038115 1.602046
0.045403 1.907001
0.042080 1.739699
0.039139 1.615929
0.040533 1.713480
0.038166 1.525777
0.039370 1.501679
0.040016 1.570573
0.040487 1.578432
0.041279 1.625102
0.040657 1.529931
0.043143 1.656635
0.043986 1.723028
0.044468 1.778633
0.045585 1.768202
0.046018 1.814219
0.049569 1.922750
0.048335 1.806111
0.045546 1.677788
0.037803 1.462290
0.039936 1.544783
0.042793 1.701367
0.052551 1.874668
0.050764 1.947378
0.045448 1.633396
0.043668 1.609683
0.042328 1.621243
0.050926 1.868041
0.051865 2.025174
0.050135 1.995288
0.046177 1.908578
0.050983 2.086830
0.038567 1.634369
0.041617 1.733094
0.034923 1.516889
0.033114 1.440732
0.032901 1.543629
0.033845 1.505612
0.026619 1.221941
0.024871 1.100300
0.028391 1.340708
0.037076 1.650527
0.031847 1.448343
0.028343 1.399886
0.027403 1.215797
0.021126 0.988895
0.023157 1.137670
0.024448 1.114869
0.030472 1.244559
0.023549 1.093129
0.025522 1.152535
0.021415 0.965611
0.016624 0.908882
0.017599 0.816703
0.018352 0.831165
0.019529 0.889375
0.014507 0.647777
0.010622 0.431027
0.014940 0.649396
0.013768 0.512087
0.014813 0.620714
0.022437 0.917132
0.021558 0.898195
0.017290 0.117759
0.021771 0.843741
0.017517 0.737682
0.018582 0.691024
0.047030 2.562166
0.014595 0.648377
0.017377 0.661365
0.020235 1.108498
0.010806 0.458917
0.017374 0.655684
0.025250 1.211707
0.018845 0.699349
0.018267 0.554086
0.011218 0.357376
0.017962 0.672156
0.025440 1.811976
0.016037 0.638305
0.016489 0.663008
0.018466 0.700228
0.021098 0.731196
0.017836 0.573689
0.020027 0.610828
0.020124 0.564461
0.020925 0.680310
0.016215 0.456069
0.028590 0.856754
0.013057 0.388622
0.015901 0.540075
0.018180 0.518748
0.016739 0.486314
0.016235 0.462532
0.015419 0.502370
0.020501 0.570830
0.020654 1.028982
0.016264 0.674288
0.022877 0.814492
0.015897 0.630053
0.022414 0.737402
0.026400 0.876019
0.023455 0.660145
0.022606 0.640842
0.033633 0.917004
0.033532 0.923254
0.027393 0.751650
0.026934 0.767875
0.035028 1.047131
0.036002 1.149278
0.015326 0.910279
0.012303 0.799669
0.027721 0.975105
0.024182 1.038841
0.028638 1.034642
0.029602 1.036486
0.027892 0.959035
0.035615 1.137140
0.028118 0.967990
0.039895 1.002673
0.040094 1.148008
0.043835 1.272273
0.044544 1.370879
0.031407 1.029900
0.044155 1.431772
0.026140 1.070664
0.048065 1.491183
0.039542 1.225043
0.032987 1.091378
0.029055 1.035578
0.039579 1.282004
0.034012 1.133889
0.036504 1.230241
0.027773 0.983851
0.036670 1.278683
0.023463 0.829681
0.016820 0.651306
0.015311 0.562692
0.015123 0.493206
0.014714 0.892438
0.021634 0.162073
0.011471 0.377054
0.010705 0.243138
0.005489 0.490823
0.023391 0.480558
0.022039 0.494686
0.014085 0.496447
0.032081 0.707077
0.015347 0.352178
0.014984 0.392458
0.016847 0.407468
0.015665 0.484366
0.015557 0.371373
0.021213 0.453686
0.018207 0.420204
0.011703 0.388909
0.012638 0.411125
0.020396 0.523661
0.011341 0.363882
0.012160 0.578273
0.010609 0.425012
0.020367 0.464241
0.012532 0.328750
0.006474 0.252872
0.011297 0.271127
0.011633 0.333935
0.014170 0.288399
0.011127 0.352373
0.015865 0.357637
0.014783 0.423864
0.011976 0.391785
0.015837 0.360221
0.015584 0.393564
0.005059 0.278733
0.007354 0.312703
0.007093 0.339566
0.010024 0.382734
0.008285 0.328914
0.007485 0.320173
0.004050 0.286526
0.014231 0.706988
0.006147 0.407085
0.006263 0.381209
0.004335 0.344549
0.007025 0.364698
0.007933 0.624937
0.010969 0.380391
0.004545 0.296109
0.006210 0.269161
0.014295 0.448367
0.013918 0.431276
0.009301 0.375710
0.016597 0.425414
0.014386 0.337906
0.013835 0.457961
0.013546 0.473932
0.014221 0.458206
0.012189 0.364704
0.016996 0.386066
0.016668 0.471315
0.020941 0.558066
0.035278 0.384098
0.023998 0.527013
0.015856 0.434926
0.010544 0.238475
0.020862 0.504643
0.019061 0.429409
0.024297 0.455359
0.018475 0.462624
0.010954 0.383457
0.008905 0.369474
0.014376 0.425941
0.015154 0.282482
0.011068 0.143326
0.013472 0.709850
0.006487 0.324234
0.009798 0.412329
0.009493 0.435218
0.015735 0.487685
0.014784 0.493477
0.017411 0.444143
0.021763 0.383957
0.017366 0.129972
0.016885 0.290141
0.021773 0.271552
0.019840 0.252927
0.013133 0.139915
0.016419 0.421687
0.006915 0.037757
0.009268 0.273398
0.007958 0.169294
0.004774 0.255232
0.015386 0.234703
0.010573 0.175215
0.019177 0.249322
0.020344 0.243016
0.017670 0.124254
0.013314 0.101258
0.015858 0.072221
0.019947 0.085760
0.017863 0.099116
0.017098 0.157383
0.020392 0.023712
0.013651 0.053785
0.010405 0.091914
0.008838 0.114389
0.014647 0.073072
0.013962 0.210120
0.010405 0.240188
0.008538 0.113253
0.009630 0.153394
0.010435 0.133126
0.011354 0.123576
0.011006 0.202095
0.013222 0.130565
0.013671 0.061593
0.012212 0.159917
0.014424 0.114601
0.014156 0.123534
0.008888 0.153899
0.014496 0.164275
0.018852 0.227795
0.025039 0.368965
0.031381 0.566064
0.041354 1.454471
0.019758 0.378372
0.020094 0.360398
0.023168 0.382728
0.022318 0.386126
0.015485 0.288886
0.015188 0.113820
0.017524 0.176630
0.020095 0.440283
0.009673 0.240646
0.006563 0.771410
0.015955 0.361822
0.020690 0.446101
0.010792 0.289060
0.010148 0.245696
0.020334 0.463255
0.016252 0.320370
0.013068 0.220180
0.010812 0.212508
0.011308 0.242889
0.017543 0.364854
0.025013 0.556567
0.021571 0.471175
0.012913 0.322612
0.019200 0.386659
0.025243 0.545862
0.029224 0.610886
0.017492 0.468108
0.018087 0.507704
0.024122 0.570500
0.022189 0.514743
0.015457 0.442378
0.018408 0.510379
0.014831 0.438967
0.008093 0.301984
0.010936 0.338181
0.015267 0.459665
0.014833 0.470941
0.017305 0.481870
0.020317 0.581016
0.028514 1.016633
0.017209 0.483123
0.016413 0.473707
0.010425 0.330890
0.010416 0.346516
0.011847 0.366165
0.004630 0.206872
0.004907 0.231097
0.008576 0.343444
0.009275 0.342222
0.008788 0.395658
0.002756 0.279190
0.007610 0.320649
0.005886 0.300122
0.009558 0.429418
0.009258 0.378388
0.007151 0.350286
0.012327 0.481414
0.005968 0.266017
0.007792 0.343812
0.002096 0.245523
0.002589 0.361702
0.008940 0.302985
0.014029 0.446517
0.009581 0.395151
0.006871 0.381242
0.012100 0.366828
0.012984 0.437654
0.006717 0.343023
0.006753 0.379047
0.008716 0.283591
0.010266 0.412219
0.008151 0.380864
0.006778 0.401980
0.006366 0.335852
0.006483 0.321401
0.007243 0.427653
0.008265 0.409374
0.007529 0.294609
0.006759 0.287413
0.005504 0.269428
0.006952 0.222703
0.007339 0.274878
0.004696 0.183769
0.007035 0.269916
0.004497 0.176350
0.005413 0.252426
0.007820 0.178520
0.004928 0.267882
0.006404 0.207443
0.008567 0.263380
0.011712 0.438063
0.006294 0.287560
0.007339 0.261529
0.007540 0.259312
0.006256 0.298290
0.011234 0.297981
0.011120 0.344763
0.011232 0.331607
0.009796 0.351479
0.010375 0.326574
0.011636 0.350240
0.010291 0.280585
0.012650 0.256396
0.012069 0.226031
0.011547 0.181492
0.011118 0.154874
0.009662 0.188290
0.011174 0.181791
0.015664 0.265019
0.010378 0.207606
0.009267 0.204139
0.007589 0.193508
0.007618 0.257073
0.008537 0.259850
0.008768 0.229126
0.010752 0.264168
0.011223 0.261430
0.011025 0.352006
0.012466 0.299331
0.010697 0.292518
0.014649 0.371554
0.008706 0.327774
0.009809 0.461660
0.008855 0.371477
0.009600 0.353014
0.011059 0.568545
0.009563 0.507072
0.009731 0.536555
0.009641 0.531910
0.008312 0.439363
0.008564 0.494320
0.010076 0.504153
0.009185 0.509268
0.008206 0.603548
0.007549 0.516724
0.009656 0.603730
0.007422 0.424776
0.009387 0.580139
0.009468 0.569501
0.011160 0.681690
0.012015 0.593098
0.010109 0.676883
0.010872 0.666777
0.010271 0.645612
0.010505 0.717610
0.012481 0.666124
0.010152 0.662715
0.009302 0.755359
0.010890 0.716653
0.012436 0.783519
0.011389 0.756336
0.012924 0.800293
0.012183 0.836417
0.014160 0.763579
0.022157 1.070827
0.016925 0.815090
0.018332 0.773320
0.016795 0.738697
0.023794 0.837937
0.021842 0.864845
0.020562 0.925393
0.025432 0.902283
0.029893 0.827036
0.023546 0.796671
0.029243 0.917271
0.030403 0.876104
0.029796 0.946226
0.030112 0.947432
0.032974 0.994960
0.036126 1.231486
0.030251 0.952134
0.030853 1.055767
0.032337 1.131117
0.028138 1.260989
0.032726 1.027792
0.033143 1.116103
0.035114 1.173315
0.036612 1.052815
0.035484 1.113591
0.036206 1.138708
0.037793 1.067469
0.030892 1.010061
0.034566 1.056302
0.030857 0.679004
0.032647 0.977460
0.034961 0.982647
0.034067 0.999970
0.033680 1.008585
0.031855 1.030287
0.031825 1.096858
0.031944 1.128925
0.035440 1.114859
0.033745 1.152337
0.034864 1.187384
0.032063 1.297322
0.027776 1.033557
0.026607 1.148570
0.013313 0.871500
0.034079 1.176900
0.028303 1.191079
0.025935 1.151175
0.019511 1.098579
0.012444 1.131271
0.016431 1.240882
0.021025 0.942724
0.027708 1.061836
0.003618 0.695852
0.011463 0.841531
0.011251 0.939516
0.015682 1.014239
0.012125 0.932509
0.014094 0.935884
0.016117 0.871036
0.011080 0.823199
0.015375 0.991246
0.015469 1.044348
0.014452 0.899443
0.010442 0.832077
0.014747 0.916775
0.012308 0.917488
0.014268 0.977278
0.012006 0.839717
0.013043 0.941513
0.013737 0.996303
0.013871 0.888832
0.015853 1.006335
0.018547 1.234281
0.014973 0.997794
0.016621 1.032890
0.013998 0.934988
0.013161 0.916073
0.016283 1.020644
0.015223 1.031571
0.011901 0.840810
0.014330 0.930615
0.014470 0.937323
0.012301 0.948824
0.013102 0.840760
0.011686 0.782732
0.011461 0.848239
0.015395 0.967100
0.010599 0.726509
0.010167 0.572573
0.006899 0.474817
0.009247 0.548626
0.010425 0.631906
0.015402 0.813031
0.012441 0.573153
0.014211 0.358539
0.018352 0.603136
0.015036 0.607254
0.013516 0.456433
0.014164 0.439404
0.017816 0.291793
0.017189 0.764577
0.022417 0.912440
0.019043 0.394781
0.016994 0.726548
0.020398 0.806564
0.025645 0.859238
0.021141 0.814349
0.023210 0.879162
0.017977 0.766031
0.023616 0.995443
0.023640 0.912382
0.022060 0.799370
0.021316 0.882099
0.023440 0.882417
0.022809 0.785253
0.026550 0.952957
0.027639 1.011601
0.022555 0.822136
0.019359 0.745488
0.023813 0.831881
0.024578 0.884554
0.023972 0.910056
0.022690 0.619482
0.020379 0.823422
0.022842 0.875521
0.022553 0.836489
0.025764 0.903277
0.024766 0.837788
0.020411 0.758172
0.022366 0.823673
0.022621 0.763477
0.016617 0.543539
0.021948 0.701351
0.027986 0.917803
0.026174 0.778962
0.025247 0.729868
0.026536 0.757618
0.026736 0.846038
0.016602 0.513686
0.021867 0.664882
0.032557 1.765368
0.025932 0.731448
0.028676 0.848864
0.020465 0.593083
0.019512 0.569714
0.024304 0.763422
0.021432 0.697008
0.013573 0.434000
0.009387 0.485024
0.012314 0.402943
0.012493 0.391258
0.014197 0.565494
0.023300 0.802660
0.033467 1.179635
0.023495 0.808885
0.030978 1.161221
0.034159 1.256614
0.025636 1.012830
0.030096 1.258504
0.032767 1.239513
0.039373 1.438461
0.032047 1.662220
0.038606 1.490930
0.043471 1.653000
0.046516 1.712300
0.035032 1.384761
0.033674 1.387692
0.032762 1.360415
0.031467 1.362992
0.028532 1.340952
0.026441 1.248002
0.024337 1.251047
0.020574 1.137610
0.021763 1.139623
0.019720 1.043859
0.014163 0.875441
0.017553 1.343917
0.012891 0.787582
0.010782 0.758991
0.010148 0.825985
0.011711 0.758096
0.014073 0.787465
0.011415 0.739717
0.015205 0.856384
0.018207 0.881786
0.019334 0.866171
0.017780 0.834882
0.016949 0.756217
0.014090 0.781751
0.015731 0.711199
0.019573 0.779611
0.016638 0.703703
0.020914 0.850796
0.021115 0.786231
0.020530 0.810698
0.020320 0.851877
0.018919 0.649046
0.015113 0.646165
0.018693 0.688627
0.016025 0.599803
0.014649 0.572604
0.022242 1.143943
0.015438 0.574171
0.014495 0.520288
0.010804 0.481314
0.016989 0.586540
0.012147 0.472719
0.008446 0.404276
0.009880 0.407160
0.007913 0.398648
0.013352 0.509512
0.016372 0.550824
0.010027 0.424510
0.011726 0.385076
0.009555 0.323600
0.006672 0.338130
0.007831 0.373184
0.009611 0.427257
0.018201 0.725469
0.010639 0.364213
0.010715 0.390539
0.008835 0.337889
0.009244 0.489649
0.008499 0.402273
0.010461 0.458118
0.011677 0.502721
0.009811 0.341831
0.009641 0.421228
0.006156 0.351705
0.004570 0.267123
0.014534 0.243636
0.006608 0.232296
0.006633 0.251335
0.006384 0.386725
0.009071 0.431380
0.006407 0.295399
0.006009 0.264830
0.006957 0.382642
0.009468 0.390167
0.007857 0.398061
0.010355 0.432214
0.010397 0.454523
0.009233 0.352106
0.008324 0.336945
0.008139 0.325982
0.010392 0.394814
0.011767 0.354272
0.011575 0.308872
0.016340 0.500380
0.018387 0.464741
0.014670 0.326966
0.011728 0.358105
0.010344 0.300887
0.014676 0.929940
0.016340 0.459456
0.014662 0.277638
0.014877 0.331311
0.019819 0.571060
0.018945 0.405687
0.019270 0.388528
0.023017 0.411923
0.020007 0.382049
0.025302 0.627578
0.027391 0.755664
0.028332 0.835393
0.028018 0.861441
0.027454 0.893386
0.021187 0.805019
0.022649 0.877888
0.027862 0.936886
0.026827 0.900303
0.024230 0.834478
0.032451 0.699935
0.024629 0.763072
0.031510 1.005395
0.031113 1.030935
0.034566 1.096797
0.029988 1.016774
0.027925 0.944819
0.028949 1.065299
0.033840 1.200022
0.035557 1.353256
0.036146 1.294659
0.035528 1.203916
0.029368 1.010143
0.025524 1.071163
0.034053 1.192638
0.034353 1.225783
0.032705 1.166931
0.034778 1.332557
0.033029 1.229529
0.031607 1.209598
0.034102 1.253552
0.032465 1.231598
0.030653 1.147580
0.027865 1.012252
0.030182 1.125543
0.027169 0.943193
0.026592 0.952997
0.029756 1.015719
0.019319 0.688554
0.023331 0.754104
0.028948 0.908194
0.020299 0.601236
0.024446 0.795095
0.029098 0.894592
0.028145 0.755211
0.031058 0.969552
0.027995 0.863048
0.022265 0.681994
0.033526 1.004050
0.029142 0.841905
0.032805 0.996637
0.029596 0.905099
0.031101 0.972993
0.034759 1.086583
0.036159 1.083840
0.031072 0.912599
0.036404 1.128279
0.035276 1.070055
0.034795 1.074748
0.031456 1.005016
0.032418 1.016518
0.038393 1.209867
0.030093 1.170098
0.035067 1.073651
0.034349 1.039717
0.031404 0.991297
0.031700 0.981402
