0.114601 3.298018
0.103694 3.218669
0.107695 3.270781
0.101757 3.105145
0.100533 3.034630
0.106092 3.104630
0.106542 3.235491
0.105226 3.258063
0.109693 3.215002
0.097048 3.072233
0.095195 2.927204
0.103529 3.165455
0.108667 3.187403
0.109027 3.242871
0.094936 3.047415
0.097384 3.050211
0.106872 3.124027
0.105873 3.232351
0.098051 3.163252
0.109798 3.343004
0.107236 3.292958
0.099794 3.040196
0.102072 3.204240
0.116628 3.601572
0.097084 3.173051
0.092428 3.088497
0.089988 3.037155
0.085714 2.944053
0.079677 2.719033
0.064541 2.397383
0.067196 2.398688
0.051565 2.095146
0.065808 2.473154
0.058201 2.191345
0.069380 2.222752
0.063344 2.324681
0.072996 2.569788
0.078832 2.374256
0.067189 2.309536
0.077395 2.617649
0.059422 2.173525
0.052395 2.082754
0.061435 2.177419
0.078710 2.552729
0.065871 2.201553
0.072047 2.213530
0.053139 1.810377
0.042879 1.668594
0.059110 2.046938
0.033849 1.627587
0.038291 1.741638
0.050967 1.697586
0.040869 1.594872
0.052449 1.603479
0.033893 1.301632
0.027610 1.260877
0.047925 1.681582
0.033036 1.493453
0.034856 1.173434
0.039891 1.400519
0.050691 1.792855
0.054739 1.842737
0.022997 1.078976
0.035141 1.140961
0.019715 1.207988
0.042497 1.543634
0.035452 1.290317
0.038658 1.122545
0.034595 1.018680
0.031160 0.922616
0.035585 1.082967
0.026086 0.979175
0.013562 0.988016
0.017109 1.033402
0.014105 1.068802
0.026082 1.297394
0.024421 1.137850
0.031670 1.348955
0.027467 1.369751
0.031368 1.183788
0.039559 1.387228
0.048976 1.514810
0.046988 1.499862
0.052095 1.582830
0.045927 1.396655
0.047632 1.416208
0.041045 1.404206
0.049487 1.244897
0.051622 1.262411
0.059230 1.468534
0.057257 1.299478
0.038273 1.006833
0.040672 1.125085
0.056752 1.412777
0.048047 1.104243
0.045387 1.098067
0.041502 1.099626
0.035964 1.075929
0.034819 0.992974
0.040981 1.105667
0.043955 1.229299
0.041836 1.096162
0.045746 1.188058
0.039563 1.019377
0.034143 1.039284
0.027632 1.002005
0.033783 0.907228
0.032815 0.867685
0.032175 0.977424
0.045671 1.016773
0.038635 1.060891
0.040865 1.122920
0.041214 1.003978
0.044785 1.153513
0.036411 0.960073
0.044624 1.091841
0.038740 1.095832
0.044885 1.009805
0.028261 0.939637
0.032647 0.996757
0.031741 1.048105
0.033513 1.043145
0.030378 0.938873
0.030922 0.905079
0.041550 1.110221
0.032092 1.135497
0.041192 1.209704
0.035592 1.027999
0.025317 1.185830
0.030896 1.328735
0.028585 1.216666
0.019266 1.076994
0.032932 1.198129
0.039977 1.241587
0.040918 1.305080
0.038611 1.132378
0.025262 0.826571
0.036435 1.034294
0.033788 0.984231
0.033221 0.936061
0.037049 1.018761
0.027760 0.790041
0.029640 0.738666
0.035556 0.781140
0.022455 0.603098
0.030535 0.885340
0.021564 0.814795
0.031408 0.695639
0.021043 0.711673
0.026015 0.696020
0.031668 0.793616
0.035779 0.918848
0.033340 0.737270
0.021265 0.846618
0.021800 0.782953
0.036953 0.847835
0.031835 1.069268
0.029885 0.817782
0.029442 1.139646
0.027855 1.048502
0.028809 1.250807
0.032995 1.036398
0.039440 0.995719
0.025383 1.040426
0.029786 1.104535
0.032447 1.407065
0.033249 0.979743
0.032484 0.967451
0.036426 0.977134
0.051000 1.061476
0.041404 0.971854
0.043882 0.893630
0.052442 1.060808
0.042516 0.899069
0.041036 0.951601
0.041700 1.025079
0.050639 0.890462
0.037709 0.717549
0.032241 0.556189
0.039296 0.806664
0.045280 0.979455
0.036479 0.930809
0.031120 0.776807
0.031850 0.584823
0.033060 0.873728
0.038569 0.912025
0.038439 0.923887
0.036008 0.766601
0.028437 0.652972
0.031832 0.826780
0.045511 0.804935
0.030476 1.198272
0.038097 0.784951
0.037768 0.980182
0.029090 0.892109
0.037538 0.938435
0.027420 0.677694
0.027151 0.590318
0.021858 0.634930
0.023518 0.571548
0.039431 0.884403
0.034803 0.852484
0.027159 0.582640
0.024111 0.803275
0.027097 0.815049
0.026329 0.680981
0.029291 0.660714
0.032357 0.806823
0.024069 0.734962
0.019069 0.606703
0.023165 0.675937
0.030079 0.820375
0.015524 0.626735
0.019518 0.561026
0.025276 0.695559
0.023807 0.744150
0.024500 0.729725
0.009575 0.497370
0.026270 0.623866
0.025244 0.690510
0.028694 0.587471
0.029173 1.043984
0.024091 0.492243
0.033289 0.764483
0.033572 0.747853
0.031244 0.603627
0.022558 0.498872
0.026353 0.705956
0.026593 0.509251
0.033067 0.754511
0.023904 0.507866
0.016080 0.435848
0.013623 0.354295
0.016246 0.214981
0.010647 0.374102
0.016308 0.302108
0.017655 0.273554
0.013077 0.176103
0.016701 0.286811
0.014454 0.142544
0.006100 0.403082
0.005983 0.312365
0.010275 0.228854
0.028564 0.464386
0.022677 0.199426
0.008321 0.215814
0.002073 0.338449
0.002987 0.315354
0.017649 0.347552
0.017778 0.224418
0.014307 0.100477
0.013659 0.122388
0.008345 0.328561
0.011755 0.370660
0.017384 0.191558
0.019010 0.460235
0.014381 0.195459
0.009871 0.161237
0.008857 0.099171
0.005497 0.445254
0.014261 0.313715
0.012796 0.357656
0.008352 0.189707
0.012699 0.172696
0.009282 0.355860
0.015870 0.446328
0.022890 0.435038
0.019983 0.367265
0.020445 0.264711
0.005212 0.336777
0.029171 0.563032
0.028705 0.972843
0.012706 0.311701
0.011157 0.508016
0.012317 0.649974
0.003617 0.401181
0.011414 0.244536
0.013701 0.732097
0.020969 0.322005
0.016604 0.286790
0.005800 0.350473
0.005329 0.358616
0.008895 0.394919
0.015673 0.664231
0.013238 0.409308
0.010806 0.399114
0.018304 0.875763
0.018992 0.870726
0.017859 0.829191
0.006437 0.263424
0.014128 0.383680
0.013142 0.372679
0.005003 0.387446
0.009675 0.569093
0.005277 0.483773
0.007156 0.408706
0.007488 0.658415
0.007321 0.498591
0.016597 0.819397
0.012393 0.643892
0.033913 1.467005
0.012988 0.879470
0.012380 0.816794
0.016328 1.026098
0.018851 1.009087
0.018252 1.046957
0.011843 0.809871
0.014988 0.954129
0.016336 1.010062
0.012572 0.904905
0.022373 1.149917
0.015573 0.924609
0.021533 1.149910
0.025285 1.230682
0.021631 1.217011
0.012050 0.873187
0.014400 0.968426
0.025759 1.302848
0.019480 1.070969
0.011888 0.718933
0.014364 0.830164
0.009708 0.751875
0.007153 0.611386
0.014941 0.780559
0.014058 0.741781
0.011905 0.634668
0.016928 0.793379
0.016611 0.768355
0.020107 0.848564
0.019626 0.821049
0.018962 0.988351
0.017563 0.920905
0.013305 0.745488
0.025061 1.110712
0.017099 0.882372
0.013561 0.830240
0.020346 0.843256
0.023106 1.113952
0.026336 1.156693
0.025107 1.240409
0.024606 1.254705
0.034653 1.406063
0.024511 1.190656
0.020047 1.164616
0.024301 1.375004
0.019418 1.129201
0.021518 1.201348
0.026362 1.191074
0.023512 1.481925
0.020061 1.316881
0.025692 2.012917
0.029181 1.989152
0.023875 1.770624
0.015892 1.565020
0.019914 1.686887
0.021339 1.892381
0.014375 1.477817
0.011854 1.808180
0.009599 1.268350
0.016219 1.898540
0.010018 1.457120
0.005652 1.358901
0.021443 1.939486
0.022366 1.897811
0.031364 2.294481
0.018425 1.853247
0.011408 1.217544
0.023051 1.934202
0.011349 1.278661
0.030648 2.011405
0.008291 1.594831
0.022072 1.966556
0.023854 1.969804
0.018636 1.920530
0.044887 2.794485
0.029239 2.246688
0.019824 1.775460
0.019385 1.812920
0.018104 1.817441
0.028183 2.234679
0.017050 1.885987
0.034984 2.571080
0.029962 2.795305
0.033594 3.083445
0.029240 2.451150
0.024742 2.019483
0.027252 2.178367
0.030168 2.440954
0.024847 2.121900
0.023250 2.262710
0.029262 2.266822
0.029384 2.230790
0.026922 2.034979
0.025233 2.120766
0.014223 1.687003
0.016566 1.776228
0.024586 2.156978
0.026557 2.214704
0.021926 2.120335
0.026906 1.628642
0.016894 1.722382
0.019802 2.046142
0.020035 1.700215
0.011095 1.541933
0.012970 1.325291
0.013631 0.841022
0.014277 0.957032
0.015058 1.201723
0.016265 1.094253
0.007494 0.923962
0.013653 1.068436
0.013429 1.362307
0.020185 1.363664
0.026285 1.311874
0.012863 1.349177
0.016108 0.991588
0.024481 1.574351
0.026470 1.626864
0.019379 1.499251
0.018315 1.691135
0.016420 1.485783
0.020725 1.213295
0.028081 1.315821
0.027437 1.247649
0.023156 1.569621
0.015715 1.030469
0.021778 1.369801
0.024456 1.558096
0.027592 1.691904
0.029731 1.127814
0.022099 1.196249
0.029589 1.171315
0.021473 1.052434
0.035377 1.413985
0.028180 1.618375
0.041663 1.292349
0.030056 1.261316
0.026709 0.971426
0.031968 0.883232
0.042921 1.200192
0.023929 0.748617
0.023761 1.324244
0.024016 0.646194
0.032705 0.874640
0.043714 1.170948
0.026751 0.690680
0.031715 0.675308
0.031582 0.754774
0.039873 1.011526
0.028336 0.996422
0.036637 0.969423
0.038235 1.032102
0.034732 0.840046
0.031845 0.679081
0.026438 0.695619
0.035250 1.055438
0.027635 0.420324
0.024487 0.285841
0.035547 1.059351
0.032303 0.940043
0.024320 0.676900
0.047750 1.917334
0.023218 0.740398
0.028621 0.786253
0.023538 0.817308
0.025278 0.762436
0.023507 0.607545
0.033671 0.956512
0.031401 1.388284
0.016501 0.602207
0.015018 1.088798
0.017076 0.354192
0.022600 0.644169
0.028654 1.148809
0.038536 1.421753
0.026355 0.918646
0.025991 0.916397
0.032742 1.052716
0.012455 0.320665
0.028131 0.694123
0.016274 1.125416
0.035965 0.990454
0.028221 0.780570
0.066857 2.469769
0.024231 0.449300
0.016322 1.014240
0.020061 1.396828
0.055564 2.788432
0.052223 2.192503
0.034202 1.678544
0.045356 1.647564
0.071225 2.886746
0.035301 1.830674
0.052366 2.349680
0.026230 0.988372
0.032839 1.593870
0.034437 1.394924
0.067850 3.334197
0.043927 1.674550
0.053026 2.261585
0.061050 2.749334
0.068208 3.427786
0.022518 1.028707
0.075819 3.702032
0.024550 1.025528
0.044229 2.126604
0.059440 2.568835
0.042306 2.074599
0.078338 3.477725
0.062023 2.764431
0.056162 2.501080
0.039419 1.869133
0.058378 2.438352
0.068963 2.956753
0.053128 2.427838
0.051521 2.182115
0.051627 2.233813
0.044928 2.228863
0.049723 2.707950
0.066688 3.599232
0.066575 3.190921
0.065685 3.574292
0.065903 3.326498
0.051872 2.782627
0.042338 2.205695
0.022845 1.959628
0.028898 2.688360
0.035726 2.425578
0.030594 2.501207
0.021767 2.033936
0.033579 3.860774
0.043594 2.421180
0.034126 2.379801
0.019234 2.042522
0.015706 2.022329
0.022940 2.361723
0.032327 1.622404
0.011577 0.986194
0.022723 2.609270
0.055995 3.595250
0.041493 2.928008
0.036892 2.648701
0.048602 3.298779
0.041098 1.832386
0.013421 1.759069
0.030899 1.877560
0.033748 2.476450
0.034415 2.566008
0.009726 1.177477
0.034075 1.690397
0.005338 1.415850
0.042981 2.639442
0.023654 1.221836
0.022535 1.500754
0.021883 2.251706
0.025789 1.380882
0.015928 2.228307
0.033997 2.686964
0.025741 1.976039
0.023225 2.220764
0.036483 2.766623
0.062762 3.826041
0.029255 2.604466
0.023813 2.651163
0.055940 4.374370
0.093316 6.316045
0.054271 4.284085
0.039686 3.419981
0.100116 6.551035
0.092772 6.165509
0.084188 5.796078
0.079291 5.383943
0.075082 5.606780
0.063733 4.953212
0.044578 3.734843
0.052879 4.167451
0.048366 4.210689
0.021254 2.539734
0.017881 1.943852
0.041754 2.604627
0.014636 0.913361
0.011642 0.960859
0.054053 2.524464
0.021184 0.565707
0.027663 1.067016
0.016054 1.768884
0.022940 2.304839
0.022978 2.304795
0.016931 1.396323
0.011367 1.074657
0.033503 2.155350
0.014655 0.893796
0.011611 1.381042
0.045184 1.684682
0.049157 1.885704
0.029376 1.676283
0.055818 2.428973
0.032473 2.272209
0.036539 1.679919
0.026692 1.823689
0.052384 2.334889
0.033106 2.110777
0.016653 2.167268
0.035582 2.566555
0.027117 2.422409
0.032320 2.179259
0.004385 1.162312
0.017634 1.150564
0.019698 1.829852
0.018397 2.258759
0.032453 1.729363
0.032079 1.948188
0.027881 1.980501
0.008406 1.901343
0.033586 2.948236
0.042017 2.223940
0.034953 2.557840
0.029902 2.407235
0.034442 2.873258
0.018452 1.557384
0.030349 2.351632
0.050855 2.615488
0.049119 2.565064
0.056317 2.894218
0.053204 2.837886
0.051638 2.810951
0.028627 1.441448
0.038887 1.577869
0.028308 1.002079
0.035149 0.777243
0.045662 1.957598
0.009730 0.124404
0.036879 1.448443
0.031597 1.184646
0.009109 0.533717
0.022700 0.952765
0.014901 0.914316
0.005389 0.691010
0.042162 1.812904
0.016693 0.845342
0.009049 0.777237
0.005351 0.640983
0.006663 0.703628
0.025663 1.584905
0.025721 1.324581
0.011628 0.823986
0.008315 0.804978
0.007853 0.790993
0.010822 0.656887
0.013087 0.797245
0.003602 0.751571
0.005328 0.595147
0.016854 0.863222
0.011139 0.646439
0.008788 0.691120
0.011845 1.008145
0.014185 0.628743
0.022434 0.744847
0.018436 0.470642
0.038581 1.385636
0.029519 0.869328
0.028765 0.866365
0.031958 0.693565
0.039560 0.830085
0.027134 0.733699
0.038081 0.917234
0.021530 0.549770
0.036403 0.651092
0.031307 0.923334
0.034856 0.965237
0.031634 0.547103
0.032659 0.630236
0.042834 0.736905
0.034057 0.584778
0.032565 0.689954
0.035114 0.705505
0.049740 0.722143
0.058830 0.738551
0.065108 0.918334
0.081904 0.260869
0.087032 0.400459
0.086964 0.360645
0.090325 0.520003
0.107310 0.745596
0.099978 0.399813
0.095043 0.353911
0.118950 0.895737
0.090892 0.160596
0.088496 0.433460
0.082355 0.471074
0.092427 0.652171
0.066443 1.752894
0.100298 0.732200
0.077033 0.993960
0.065864 1.442394
0.095860 0.533553
0.105519 0.393440
0.066213 1.341708
0.069234 0.931736
0.082605 0.270845
0.057347 1.290311
0.066201 1.053203
0.064566 1.203309
0.054357 1.254182
0.065691 1.227735
0.063023 1.437129
0.053485 1.182573
0.072169 1.347821
0.095869 0.565124
0.046659 1.236768
0.084530 0.258321
0.073345 1.448402
0.061979 1.427581
0.052923 1.674146
0.087076 0.417996
0.060231 1.260358
0.058921 1.056423
0.053523 1.262055
0.044691 1.598258
0.049907 1.429522
0.049618 1.412314
0.044259 1.227959
0.054117 1.076588
0.045216 1.276735
0.044507 1.287851
0.038351 1.353169
0.044827 1.465294
0.037498 1.281638
0.040970 1.448616
0.044211 1.397791
0.033414 1.333972
0.041393 1.470450
0.034042 1.345371
0.044091 1.319151
0.027684 1.328727
0.027578 1.363187
0.016255 1.190291
0.039817 1.362410
0.031378 1.264006
0.041033 1.219571
0.026157 1.228334
0.021071 1.008698
0.032124 1.273179
0.038087 1.093727
0.027752 1.162173
0.060356 1.397511
0.067801 1.411640
0.034927 1.115457
0.042322 1.267762
0.030719 1.095304
0.053457 1.470245
0.032050 1.117841
0.069793 1.510428
0.037291 1.180295
0.045385 1.200829
0.045109 1.250354
0.044390 1.235888
0.047250 1.294245
0.040405 1.391330
0.042978 1.289314
0.049656 1.464217
0.042639 1.237755
0.049606 1.362792
0.053109 1.439467
0.048868 1.420445
0.062735 1.569980
0.055018 1.502137
0.037993 1.226053
0.044098 1.241212
0.056522 1.373660
0.046661 1.277083
0.060928 1.589893
0.058298 1.292614
0.042662 1.216402
0.068444 1.726389
0.047122 1.268776
0.061442 1.571683
0.044134 1.146635
0.059847 1.508353
0.047058 1.302084
0.043676 1.240259
0.050191 1.494401
0.053465 1.398997
0.054280 1.582267
0.044680 1.160866
0.035952 1.199185
0.048166 1.447007
0.046064 1.089762
0.050291 1.528657
0.041377 1.262948
0.040134 1.244986
0.044318 1.286071
0.042871 1.314683
0.039308 1.194360
0.036598 1.171247
0.039155 1.217907
0.072363 1.893767
0.043364 1.311195
0.040662 0.847349
0.037911 1.131464
0.045664 1.100813
0.046072 1.278806
0.042395 0.921430
0.042041 1.014284
0.051452 0.946534
0.048902 1.070622
0.045074 1.279402
0.048630 1.295758
0.040147 0.933589
0.042545 1.182028
0.039961 1.077994
0.049367 1.266055
0.036623 0.930217
0.056821 1.399676
0.037334 1.138647
0.038186 1.009434
0.039203 0.948121
0.044014 1.219427
0.035868 1.156073
0.045126 1.015832
0.046465 1.347277
0.034144 1.116764
0.039761 1.311661
0.034074 1.187822
0.042167 0.958965
0.046469 1.370215
0.067329 1.866781
0.047834 1.456559
0.037357 1.202019
0.088296 3.594215
0.103029 3.962758
0.103901 4.218202
0.083120 3.641722
0.084590 3.635465
0.073874 3.322373
0.071360 3.252148
0.096293 3.956600
0.087329 3.689059
0.111797 4.192003
0.086261 3.452148
0.117793 4.143762
0.092866 3.451250
0.121318 4.499960
0.084208 3.411979
0.108870 3.834747
0.088879 3.597591
0.071340 3.250376
0.077226 3.206494
0.105074 3.696144
0.088109 3.497674
0.092786 3.593295
0.072312 2.873681
0.077560 3.226556
0.067581 2.847781
0.080636 3.147569
0.083394 3.074783
0.064671 2.711613
0.107601 4.057298
0.087299 3.382344
0.108477 3.797509
0.088104 3.577904
0.091691 3.449371
0.085562 3.159295
0.087727 3.446442
0.101563 3.854582
0.101024 3.815024
0.097223 3.753190
0.100880 3.727346
0.106608 3.892828
0.124215 4.428824
0.106863 3.903166
0.088401 3.637072
0.084824 3.738556
0.093182 3.705140
0.081620 3.433642
0.087099 3.775732
0.082751 3.485869
0.080615 3.577468
0.088701 3.893067
0.083388 3.805106
0.089954 3.789607
0.086972 3.740722
0.078212 3.482573
0.090334 3.818179
0.083737 3.775237
0.080963 3.493835
0.073001 3.444125
0.081788 3.571936
0.088485 3.798482
0.067225 3.274401
0.078844 3.552305
0.082722 3.431458
0.069820 3.169788
0.073441 3.234581
0.079006 3.328681
0.073021 3.098346
0.084039 3.346279
0.063629 2.940882
0.066586 2.738955
0.049550 0.846653
0.040039 0.635256
0.040291 0.725576
0.046348 0.386789
0.040353 0.620813
0.047227 0.823670
0.039190 0.774382
0.042046 0.699338
0.052667 0.808230
0.042534 0.811198
0.041835 0.721899
0.038763 0.731045
0.032045 0.811321
0.028663 0.800970
0.039946 0.935932
0.045341 1.006068
0.033500 0.954486
0.032104 0.911013
0.028420 1.212471
0.027051 0.947674
0.033526 0.952773
0.036412 1.019252
0.022573 1.174722
0.032135 0.984111
0.028730 1.031918
0.013648 1.069374
0.023321 1.090901
0.018853 0.977580
0.025152 0.781060
0.016864 1.111894
0.020079 1.000472
0.015753 0.984495
0.014442 1.053848
0.022973 0.903600
0.013840 0.949630
0.014665 0.932071
0.028647 0.913013
0.020680 0.742356
0.016802 0.832178
0.016188 0.886948
0.023008 0.702895
0.028240 1.198115
0.021895 1.106948
0.021121 1.001117
0.025808 0.918234
0.019067 1.126259
0.018550 0.892580
0.016043 1.000114
0.015397 0.900583
0.015725 0.762762
0.014802 0.810639
0.014191 0.780343
0.012750 0.734413
0.019188 0.665552
0.022071 0.695632
0.024485 0.602697
0.016804 0.626096
0.022562 0.558854
0.022926 0.722115
0.025676 0.469919
0.029590 0.543496
0.032145 0.512859
0.034152 0.293314
0.033549 0.500416
0.028080 0.594762
0.045105 0.243230
0.042684 0.341859
0.046998 0.495199
0.049144 0.576726
0.051233 0.188553
0.052941 0.287842
0.062159 0.385975
0.070504 0.496762
0.064432 0.526213
0.073306 0.159575
0.091549 0.180157
0.090164 0.243075
0.095677 0.221657
0.090256 0.201074
0.091676 0.265276
0.101785 0.518390
0.103860 0.392069
0.108416 0.405006
0.100943 0.547554
0.111755 0.419777
0.104743 0.492395
0.090765 0.457753
0.030165 1.010476
0.039726 1.344420
0.044843 1.267457
0.034572 1.088461
0.022513 1.073226
0.015793 0.842485
0.017589 0.605525
0.021017 0.743708
0.022234 0.725270
0.015767 0.891155
0.013981 0.777918
0.021090 0.960892
0.035270 1.662413
0.045433 2.185360
0.035730 0.980705
0.038104 1.056858
0.045944 1.237751
0.044666 1.161558
0.047667 1.285129
0.038867 1.137824
0.033746 0.960578
0.038153 1.150250
0.045390 1.323228
0.039228 1.162203
0.043205 1.227262
0.051807 1.385264
0.050240 1.367010
0.047283 1.371510
0.045754 1.325660
0.040060 1.134411
0.043690 1.291509
0.046594 1.292801
0.047654 1.361391
0.049048 1.407674
0.045852 1.361969
0.043601 1.310106
0.041673 1.281114
0.044815 1.336184
0.046663 1.332159
0.044658 1.251618
0.048024 1.367299
0.052195 1.559829
0.050387 1.506164
0.042462 1.336704
0.037051 1.196499
0.045597 1.362061
0.036756 1.170950
0.043665 1.437296
0.037412 1.114761
0.036681 1.097061
0.038328 1.098474
0.027349 1.125679
0.032518 1.208131
0.025105 0.972647
0.028842 0.934135
0.017563 0.747366
0.016065 0.775284
0.009798 0.621931
0.008657 0.737537
0.008333 0.600958
0.013631 0.484936
0.003510 0.454950
0.006721 0.410190
0.008678 0.372311
0.004996 0.510600
0.004845 0.362715
0.007461 0.440775
0.007637 0.605876
0.006818 0.539108
0.012493 0.806318
0.004186 0.614318
0.004299 0.590086
0.005901 0.639294
0.003261 0.571754
0.005658 0.599477
0.007052 0.519941
0.003235 0.434462
0.009354 0.634610
0.011324 0.615992
0.007404 0.458446
0.007842 0.600975
0.012280 0.665008
0.004693 0.530241
0.006684 0.469042
0.026538 0.474431
0.007974 0.324312
0.008463 0.501841
0.015766 0.312773
0.008779 0.348877
0.006754 0.493901
0.013991 0.647646
0.009549 0.515915
0.007584 0.471432
0.004823 0.411860
0.018520 0.257841
0.012546 0.194621
0.009309 0.508973
0.004989 0.419033
0.003891 0.344331
0.010798 0.510670
0.009080 0.479628
0.013000 0.201216
0.010414 0.496385
0.009421 0.482633
0.010245 0.460827
0.007358 0.383707
0.008661 0.424502
0.017296 0.527744
0.011977 0.336344
0.018643 0.391394
0.011443 0.375151
0.006362 0.393757
0.005605 0.344273
0.007545 0.287673
0.013436 0.437229
0.012821 0.462548
0.017977 0.411665
0.011145 0.436777
0.025723 0.592885
0.022562 0.540572
0.024154 0.409015
0.031705 0.515227
0.023540 0.475509
0.017042 0.485948
0.018399 0.466994
0.017861 0.595311
0.021915 0.579361
0.037290 0.348079
0.034692 0.522929
0.022975 0.500319
0.026649 0.401850
0.032100 0.343902
0.032548 0.483373
0.026670 0.456234
0.032901 0.453437
0.035911 0.492884
0.037110 0.624796
0.031772 0.451023
0.036865 0.600523
0.035621 0.635230
0.019676 0.413195
0.029235 0.632992
0.029793 0.607403
0.033141 0.373427
0.034426 0.467526
0.028528 0.486657
0.024517 0.498535
0.027395 0.465995
0.032767 0.656069
0.024115 0.450126
0.023485 0.420168
0.026231 0.526636
0.027108 0.436172
0.031479 0.602588
0.022348 0.456339
0.039908 0.368966
0.027109 0.370311
0.030494 0.516168
0.018603 0.404568
0.024352 0.406130
0.030528 0.429373
0.032784 0.615636
0.035265 0.736998
0.022671 0.583070
0.029966 0.897202
0.030471 0.835105
0.021028 0.480074
0.041808 0.578411
0.045381 0.646035
0.030173 0.535337
0.025204 0.542107
0.021598 0.462548
0.036454 0.579619
0.042712 0.542427
0.052380 0.831577
0.030607 0.546703
0.028844 0.626941
0.036387 0.884379
0.033410 0.629762
0.031093 0.605254
0.043309 0.937951
0.043620 0.939995
0.032471 0.843533
0.030746 0.854878
0.033666 0.765604
0.017693 0.563556
0.035171 0.745195
0.032971 0.714644
0.024227 0.735816
0.032740 0.824644
0.040415 0.958679
0.037768 0.708243
0.042283 0.902832
0.021432 0.730870
0.031163 0.992586
0.041736 1.193837
0.034801 0.948404
0.039935 0.929455
0.040845 0.814893
0.025188 0.732242
0.057386 1.623228
0.041433 1.192979
0.040829 1.082185
0.051258 1.432288
0.037519 1.200175
0.047785 1.504510
0.024025 1.046089
0.042875 1.206606
0.041407 1.214689
0.038269 1.331199
0.041571 1.413919
0.033666 1.395779
0.032565 1.158857
0.039789 1.415927
0.019284 1.199308
0.045637 1.455463
0.059830 1.558976
0.045006 1.427590
0.027056 1.353555
0.031276 0.680541
0.018636 1.359789
0.026752 1.287976
0.052987 1.488522
0.044598 1.436104
0.050468 1.642931
0.028562 1.318667
0.036904 1.367980
0.033828 1.366483
0.035433 1.429906
0.045509 1.434123
0.018890 1.145482
0.046591 1.176352
0.033732 1.237849
0.041800 1.421073
0.036406 1.602868
0.029499 1.319683
0.019259 1.290275
0.027907 1.539465
0.035596 1.303369
0.036153 1.291784
0.028153 1.393174
0.032409 1.454474
0.039327 1.475096
0.023683 1.233671
0.030584 1.496101
0.037861 1.406734
0.028803 1.376492
0.044303 1.615138
0.029598 1.536769
0.032223 1.467898
0.031682 1.445365
0.028715 1.358554
0.031527 1.448658
0.018848 1.184884
0.026286 1.295949
0.029736 1.411464
0.026565 1.317293
0.025685 1.256765
0.026646 1.409551
0.024121 1.250507
0.023219 1.303108
0.022694 1.436626
0.016210 1.227261
0.021495 1.273057
0.019321 1.134845
0.010544 0.845522
0.018092 0.765656
0.008835 1.021906
0.011580 1.007161
0.015018 1.486696
0.015328 1.354371
0.016970 0.978037
0.017523 1.134288
0.016386 1.144560
0.012665 1.135497
0.016494 1.517694
0.028506 1.907514
0.036070 1.875104
0.026091 1.806795
0.026696 1.809865
0.031226 1.813046
0.028287 1.609039
0.008929 1.279406
0.013288 1.402079
0.018657 1.324376
0.017290 1.618357
0.037050 1.881788
0.036047 2.074248
0.016705 1.465852
0.017804 1.596831
0.026027 1.785549
0.025415 1.732227
0.041372 2.152233
0.048359 2.025617
0.047091 2.125852
0.039870 1.827511
0.037583 1.184844
0.037912 1.338478
0.029424 1.617349
0.042440 1.717191
0.047407 2.020484
0.036722 1.609169
0.044537 1.616948
0.044277 1.683653
0.044623 1.834366
0.030225 1.094913
0.041659 1.965684
0.031470 1.439754
0.047727 1.845474
0.031701 1.698501
0.043412 1.353592
0.037906 1.157496
0.037853 1.293534
0.037620 1.662449
0.048341 1.187606
0.053273 1.613858
0.050615 1.328730
0.055499 2.215983
0.051645 1.376777
0.067969 1.856168
0.056429 1.446165
0.080992 3.006173
0.075117 2.369232
0.032765 1.475754
0.038563 1.992112
0.050632 2.245282
0.079580 3.185046
0.102469 3.956983
0.094926 3.967446
0.089705 3.872574
0.124121 5.132582
0.104837 4.731987
0.123925 5.352955
0.101460 4.429968
0.100873 4.710054
0.118509 4.923515
0.120539 5.349527
0.142157 6.013897
0.109319 5.092175
0.118612 5.309042
0.127079 5.314976
0.140578 6.015307
0.116786 5.620694
0.126447 5.857328
0.122725 5.615341
0.129285 6.127466
0.064274 3.682117
0.086860 4.435474
0.094667 4.801628
0.130962 6.058975
0.090232 4.656724
0.087763 4.791022
0.044586 3.380075
0.058242 4.177900
0.073511 4.104563
0.185869 8.515280
0.076074 4.604842
0.089416 5.202812
0.074571 3.915624
0.086622 4.732338
0.064096 3.345651
0.052682 3.643219
0.106032 5.765557
0.093476 4.909414
0.101388 5.723125
0.126343 6.324768
0.136765 6.478644
0.075272 4.606979
0.077650 5.204826
0.147013 5.496020
0.044851 2.655978
0.079627 0.383871
0.119230 5.695449
0.133887 2.541017
0.139219 4.461404
0.091052 1.674150
0.114965 3.207305
0.077807 2.910165
0.127436 3.248035
0.181279 5.791913
0.141313 3.360715
0.093688 2.744519
0.212160 7.711612
0.180757 6.714865
0.061152 2.997100
0.191523 3.656078
0.170470 6.557279
0.132648 4.159934
0.224887 8.886385
0.166248 7.621298
0.100148 3.195384
0.149291 6.780871
0.121871 3.144381
0.120558 3.430582
0.194518 8.078170
0.097566 3.309751
0.042181 2.355731
0.088942 3.429404
0.090742 2.537342
0.098423 3.066790
0.083692 2.544630
0.115616 3.535146
0.078501 2.332034
0.126038 3.334972
0.110515 6.152425
0.072785 2.442175
0.106682 2.179528
0.093081 2.238895
0.100278 3.068014
0.114943 2.831015
0.117289 3.484204
0.158463 3.014199
0.134653 5.863877
0.064167 2.006288
0.075295 2.242849
0.072509 1.226564
0.100493 2.383364
0.070160 1.825733
0.073509 2.071640
0.122633 3.688019
0.074090 2.599946
0.113909 2.509515
0.124807 3.656381
0.119154 2.398253
0.077252 1.847512
0.131761 4.148480
0.216591 8.080010
0.085450 2.692915
0.068247 3.049711
0.056918 1.927042
0.132936 3.903090
0.188043 6.418136
0.105548 3.531243
0.133639 3.339792
0.177271 7.636479
0.117233 3.864739
0.131028 4.522565
0.122335 4.195964
0.164446 4.854866
0.081872 3.047951
0.168133 4.929736
0.146581 6.150089
0.215164 8.219444
0.215252 7.402000
0.233009 8.869842
0.578459 22.775747
0.230933 8.150403
0.604281 21.402203
0.339752 13.010791
0.208475 6.977734
0.653379 22.146793
0.353089 12.063261
0.846456 29.304438
0.255235 10.998244
0.996099 34.307473
0.885713 30.739929
0.275153 10.732945
0.434083 15.084394
0.658905 20.741975
0.461964 16.786442
0.789715 27.917078
0.669728 25.271606
0.405538 13.075576
0.335108 10.189112
0.785547 30.460318
0.424172 14.799823
0.473460 16.051477
0.753949 24.901365
0.532813 19.230789
0.325567 10.021169
0.434778 17.164298
0.452586 14.737856
0.490175 14.908846
0.854007 30.338768
0.498124 18.494481
0.238654 11.018033
1.114647 40.718678
0.573634 20.742601
0.325289 12.202696
0.726676 24.843678
0.819823 31.625381
0.083725 3.622363
0.396903 15.262240
0.291759 10.756371
0.276614 10.989553
0.168360 4.718348
0.329099 9.033710
0.153895 5.650820
0.139078 3.832999
0.141446 4.090182
0.131101 3.870859
0.121698 4.758504
0.104836 4.759228
0.187200 5.001089
0.045802 1.345507
0.223011 8.202466
0.107899 2.026427
0.071420 2.519851
0.118326 5.160804
0.114108 3.377640
0.141152 5.571880
0.251603 7.922162
0.097358 2.397717
0.059521 3.493672
0.082921 3.090248
0.094440 4.204690
0.138125 4.031792
0.150748 4.953044
0.070124 3.027549
0.117741 4.388742
0.116960 3.869094
0.080296 3.127942
0.136935 4.387363
0.142816 5.166863
0.152885 4.901795
0.162273 4.157260
0.217264 6.791125
0.124560 3.674633
0.106857 3.165440
0.130424 4.191570
0.141028 4.409267
0.134507 3.912562
0.103519 3.268416
0.143917 5.114578
0.081103 3.132001
0.132009 3.184253
0.051425 1.555575
0.122259 3.929330
0.087921 1.992981
0.070298 2.995692
0.095611 2.266590
0.071218 2.605581
0.071654 2.820094
0.094593 2.468893
0.035442 1.051546
0.069672 1.833616
0.074744 1.561525
0.065828 2.333112
0.016890 1.594823
0.099266 2.522318
0.052536 2.692518
0.027322 2.311481
0.016285 1.809557
0.023480 1.843721
0.048587 2.226299
0.067364 0.952019
0.032047 1.951228
0.078235 3.776003
0.087668 1.504910
0.098635 3.740927
0.078821 3.099160
0.088077 3.718891
0.061946 3.372212
0.047820 1.738589
0.082144 3.102752
0.054126 2.184241
0.062437 2.666673
0.054590 1.363384
0.058554 2.780522
0.033800 2.042733
0.037952 1.758724
0.034497 1.318599
0.042047 1.636393
0.073264 1.803955
0.044260 2.201389
0.056462 2.232805
0.063637 2.250542
0.046316 1.514966
0.069147 2.471329
0.070702 2.855770
0.060469 2.612109
0.057586 1.996314
0.059316 1.242391
0.041823 1.279469
0.048040 1.548338
0.049269 2.176115
0.048047 1.249698
0.041960 0.680857
0.032846 0.957262
0.030975 1.222355
0.027457 1.122679
0.052153 1.213103
0.035012 1.090058
0.029322 0.914278
0.032721 0.624041
0.029571 1.019538
0.032565 1.446401
0.022001 1.338430
0.029584 1.166463
0.031409 1.518973
0.025825 1.473775
0.033358 1.475063
0.041154 1.885001
0.042598 1.787108
0.030777 1.481548
0.040138 1.881673
0.035874 1.622964
0.031293 1.697327
0.031626 1.757674
0.030495 1.611488
0.029343 1.778926
0.032765 2.096200
0.022117 2.218549
0.025952 1.909021
0.036921 2.110894
0.029353 2.013343
0.034870 2.146328
0.028678 1.931814
0.042918 2.301999
0.027832 1.833048
0.028796 1.928214
0.034801 2.118506
0.030810 2.199566
0.028594 2.085145
0.024221 1.929444
0.021483 1.762543
0.026048 1.826227
0.028735 2.206526
0.018364 1.929226
0.026517 1.899448
0.024027 1.882400
0.030444 1.986458
0.030611 1.994697
0.016778 1.635453
0.028807 1.367182
0.028924 1.404166
0.026171 1.565574
0.016514 1.727501
0.050461 1.440813
0.059686 1.318509
0.050569 1.088379
0.053983 1.172275
0.068305 1.369248
0.077207 1.790269
0.049675 1.082565
0.030536 0.553133
0.023933 0.413910
0.033111 0.726114
0.031356 0.707058
0.032994 0.716223
0.030260 0.623751
0.031218 0.687381
0.025602 0.600789
0.026965 0.670324
0.033821 0.856350
0.020996 0.369756
0.032220 0.752206
0.025504 0.543319
0.031263 0.737366
0.023646 0.535140
0.036073 0.807912
0.040034 0.773862
0.019701 0.377634
0.018539 0.286021
0.033134 0.735655
0.022273 0.461883
0.024248 0.480590
0.023202 0.405075
0.023882 0.523556
0.024549 0.510135
0.019511 0.197428
0.017506 0.170877
0.021473 0.350133
0.021322 0.346392
0.018889 0.336421
0.019161 0.320948
0.025482 0.478672
0.023207 0.405344
0.024411 0.411786
0.018506 0.319918
0.015955 0.306799
0.024042 0.434170
0.023471 0.404353
0.016682 0.245188
0.019535 0.238391
0.016340 0.203003
0.013026 0.186941
0.016648 0.208792
0.016011 0.154798
0.012825 0.110278
0.020091 0.304725
0.017601 0.198574
0.019478 0.340241
0.017968 0.332880
0.014739 0.222224
0.013477 0.166568
0.015618 0.275700
0.014521 0.145866
0.015745 0.649305
0.011904 0.156796
0.012217 0.140260
0.015781 0.226034
0.024259 0.329562
0.015456 0.280188
0.016033 0.235933
0.022226 0.299373
0.032183 0.895480
0.026021 0.556911
0.033391 0.500076
0.039335 0.732895
0.043360 0.710806
0.035349 0.636736
0.040985 0.807988
0.040185 0.731456
0.034275 1.189220
0.036281 0.767270
0.040116 0.879706
0.037468 0.828446
0.034666 0.727947
0.038522 0.858589
0.036901 0.720899
0.039108 0.868713
0.040574 0.923973
0.037764 0.814087
0.039309 0.836208
0.039409 0.815268
0.039163 0.764620
0.037114 0.991951
0.037975 0.796299
0.033722 0.666435
0.031920 0.671926
0.034740 0.829472
0.032098 0.841600
0.031818 0.867034
0.035415 0.946540
0.035530 0.915288
0.039531 1.105994
0.032731 0.916301
0.037390 1.117570
0.031097 0.988097
0.033218 0.974988
0.029582 1.032641
0.034558 1.126709
0.039172 1.206706
0.041399 1.243556
0.041509 1.277870
0.037706 1.153794
0.050063 1.534027
0.042743 1.301337
0.040553 1.198378
0.041093 1.268277
0.041285 1.248900
0.036755 0.998911
0.043484 1.360004
0.041731 1.278888
0.042175 1.266824
0.038454 1.142924
0.043214 1.258054
0.038220 1.046234
0.040721 1.094990
0.044181 0.712991
0.046003 1.216739
0.048315 1.269791
0.046620 1.054058
0.047356 1.072747
0.047340 1.035098
0.051587 1.145764
0.049717 1.193009
0.045256 1.212109
0.049934 1.181845
0.050493 1.124634
0.060024 1.443393
0.054698 1.195449
0.056217 1.275092
0.052505 1.505497
0.057599 1.689269
0.055324 1.577862
0.051072 1.445734
0.057485 1.615551
0.061760 1.773032
0.063131 1.876421
0.046015 1.565482
0.052403 1.598660
0.061773 1.578919
0.047591 1.479090
0.052084 1.332053
0.045347 1.280885
0.046398 1.213389
0.061895 1.521635
0.056637 1.138003
0.062400 1.394529
0.052391 1.156167
0.053543 1.297941
0.053897 1.249891
0.055760 1.407701
0.050637 1.175829
0.047084 1.207142
0.055005 1.216836
0.051370 1.226423
0.050570 1.102970
0.054840 1.023063
0.050449 0.876927
0.053813 1.041502
0.052217 0.889506
0.050692 1.112716
0.058278 0.838052
0.044516 0.941700
0.038576 0.940452
0.048682 1.060493
0.047582 1.004954
0.048697 0.838510
0.047661 0.952935
0.039637 1.087960
0.043077 0.886777
0.042930 0.670333
0.058834 0.916764
0.054193 0.811652
0.055517 0.716462
0.060297 0.747529
0.056614 0.720091
0.048515 0.970648
0.054828 0.700647
0.053634 0.647820
0.055596 0.507539
0.048230 0.616759
0.044200 0.955906
0.048500 0.609321
0.051025 0.745933
0.047855 0.680833
0.047921 0.556536
0.050932 0.612046
0.047043 0.717181
0.047514 0.531803
0.048470 0.690970
0.045447 0.277827
0.048367 0.476791
0.046049 0.448311
0.049196 0.666218
0.049367 0.674871
0.049387 0.669947
0.049355 0.771029
0.049817 0.359818
0.048379 0.589314
0.047371 0.370255
0.051593 0.922500
0.051575 0.929177
0.050960 0.794451
0.048935 0.827190
0.049913 0.637819
0.050700 1.112067
0.053682 1.129593
0.050749 1.097904
0.048039 1.089824
0.049993 1.199015
0.045724 1.053837
0.044465 1.044433
0.053054 1.572540
0.059181 1.853997
0.052830 1.579985
0.055474 1.729793
0.051360 1.463788
0.052530 1.566858
0.054323 1.684563
0.051110 1.534063
0.047370 1.338466
0.045069 1.307993
0.043788 1.321354
0.049339 1.469206
0.046851 1.448077
0.043518 1.379800
0.040283 1.231392
0.040271 1.181618
0.043690 1.340157
0.036593 1.130230
0.038138 1.251094
0.027854 0.799625
0.039476 1.382287
0.023879 0.783453
0.040099 1.529047
0.045276 1.763257
0.040766 1.575494
0.042030 1.610184
0.041325 1.644428
0.020882 0.948679
0.037536 1.613222
0.055627 2.167101
0.030455 1.177189
0.041405 1.701820
0.052364 2.166657
0.041728 1.683157
0.036336 1.417927
0.053118 2.069396
0.037179 1.485960
0.042793 1.753115
0.051654 2.065491
0.057104 2.451984
0.049184 2.073468
0.048747 1.966557
0.061608 2.399200
0.056525 2.318878
0.055300 2.342016
0.052439 2.202679
0.065199 2.794456
0.062328 2.581343
0.056097 2.380181
0.061805 2.376044
0.047632 1.962235
0.065790 2.691763
0.061196 2.469497
0.052381 2.116613
0.064903 2.572776
0.060755 2.279833
0.064640 2.353055
0.059714 2.118372
0.054530 2.038511
0.060809 2.223887
0.059977 2.027994
0.057244 1.938908
0.058322 1.962582
0.062532 1.848120
0.053409 1.734365
0.053382 1.723467
0.057763 1.720699
0.050171 1.550694
0.054654 1.594803
0.044877 1.292572
0.046966 1.473946
0.037395 1.043678
0.045048 1.330947
0.041663 1.191670
0.039820 1.069220
0.038553 1.068704
0.037620 1.000725
0.038026 1.034780
0.037660 0.941636
0.031627 0.793539
0.033136 0.746642
0.030125 0.717035
0.033428 0.784952
0.034803 0.831159
0.035254 0.882540
0.036563 0.920553
0.036793 0.819658
0.036174 0.915864
0.037418 0.947570
0.036776 1.018703
0.032797 0.816693
0.033502 0.618142
0.035107 0.650010
0.028576 0.660371
0.027391 0.564683
0.024101 0.699408
0.034290 0.764636
0.031444 0.796672
0.032070 0.663799
0.037084 0.965128
0.038165 0.827432
0.029851 0.753042
0.047696 0.991518
0.047086 1.116063
0.051559 1.247946
0.048925 1.154347
0.052767 1.290320
0.044178 1.168531
0.053674 1.373408
0.055372 1.481968
0.051153 1.358322
0.058298 1.552834
0.071630 1.703484
0.063063 1.346477
0.052848 1.281764
0.047617 0.827779
0.054249 1.367120
0.081075 1.814050
0.061554 1.646744
0.057177 1.565978
0.044563 1.338348
0.061992 2.043597
0.048061 2.211623
0.058921 2.111038
0.047459 2.020478
0.062688 2.210643
0.052161 2.603156
0.058728 2.278868
0.076110 2.583021
0.065475 2.284670
0.039685 1.685336
0.039376 1.731840
0.046916 1.642899
0.047444 1.563121
0.053501 1.272541
0.060236 1.586282
0.044675 1.353859
0.038055 1.496172
0.066196 2.385475
0.058364 1.223092
0.055952 0.688908
0.058970 1.118801
0.052192 1.086471
0.081028 2.195664
0.068445 1.915261
0.062716 1.116809
0.057413 1.120381
0.050491 1.325764
0.066440 1.394674
0.092791 1.876547
0.073728 1.323716
0.074731 1.175001
0.069282 0.869783
0.079108 1.111960
0.076161 0.926423
0.060777 0.485419
0.053522 0.738221
0.052490 0.568924
0.061995 0.644692
0.045955 0.758736
0.062363 0.622605
0.057576 0.830744
0.057023 0.786106
0.068756 0.695085
0.050697 0.798905
0.058770 0.731279
0.063352 0.973697
0.058238 0.995316
0.049050 1.240726
0.050870 1.302050
0.051966 1.242721
0.042832 1.090482
0.041393 1.050090
0.047231 1.202336
0.048641 1.248887
0.052902 1.259241
0.043419 1.022129
0.045167 1.114462
0.048278 1.168757
0.051307 1.234927
0.050991 1.137523
0.056463 1.320084
0.064855 1.497579
0.054443 1.308264
0.048468 1.161417
0.054973 1.250017
0.050669 1.144671
0.049175 1.220711
0.049760 1.213737
0.066514 1.530021
0.063575 1.418624
0.068765 1.631557
0.066276 1.599575
0.058896 1.594165
0.055007 1.541074
0.048525 1.325781
0.037803 1.118821
0.036968 1.043101
0.046601 1.379642
0.049783 1.538490
0.042823 1.325191
0.038989 1.350720
0.040688 1.303406
0.034520 1.123634
0.035550 1.184508
0.033252 1.160843
0.043170 1.415709
0.049411 1.565020
0.043627 1.492666
0.047328 1.575348
0.051201 1.678809
0.050863 1.643939
0.046276 1.559321
0.044546 1.627735
0.048261 1.808148
0.049177 1.878275
0.052007 1.971024
0.045210 1.765402
0.046903 2.056280
0.047086 2.289432
0.035110 2.186887
0.044108 2.464339
0.036165 2.180739
0.029943 2.056955
0.020261 1.760328
0.022487 1.835855
0.024101 1.884463
0.019921 1.814847
0.019275 1.775822
0.031014 2.037925
0.036951 2.059711
0.036034 2.005323
0.034547 1.919759
0.030610 1.783308
0.035313 1.766890
0.033513 1.617432
0.028860 1.500994
0.029214 1.416554
0.034499 1.594252
0.024108 1.225269
0.027141 1.147705
0.026405 1.035646
0.029270 0.873037
0.035064 0.864442
0.044081 1.125320
0.045427 0.872479
0.044997 0.741850
0.052273 0.995625
0.053841 0.942413
0.052772 0.978956
0.049485 1.187312
0.056847 1.267063
0.053288 1.333577
0.055689 1.320355
0.057094 1.342976
0.051649 1.523488
0.065001 1.779090
0.056525 1.488207
0.056722 1.505629
0.052248 1.419754
0.058826 1.567868
0.060577 1.592987
0.053476 1.586871
0.059086 1.606595
0.058651 1.690627
0.054791 1.448738
0.052710 1.548772
0.047899 1.462109
0.050671 1.552510
0.045054 1.494446
0.051132 1.639672
0.042376 1.478311
0.043775 1.489435
0.042782 1.366700
0.044341 1.423897
0.043683 1.378537
0.046801 1.548547
0.047387 1.530986
0.043970 1.383482
0.040051 1.288214
0.037867 1.262737
0.039303 1.230238
0.031965 1.027341
0.037189 1.028769
0.039249 1.112175
0.034952 1.043101
0.035080 1.007501
0.035248 1.151463
0.030955 0.971805
0.032710 1.072316
0.030479 0.997660
0.026389 1.000126
0.038964 1.189928
0.037112 1.130310
0.046638 1.210538
0.049930 1.202447
0.050113 1.114223
0.061599 1.352463
0.059463 1.387129
0.068855 1.365343
0.059924 1.171638
0.066204 1.251787
0.054460 1.110771
0.060873 1.172894
0.061443 1.110502
0.061653 1.039699
0.067223 0.989832
0.062617 0.846866
0.062479 0.909039
0.070562 0.829200
0.071505 0.862351
0.069794 0.866584
0.070752 0.835642
0.091651 1.100948
0.082824 0.974041
0.084808 0.871826
0.086220 1.020329
0.088824 0.932856
0.094511 0.878423
0.096876 0.880876
0.098021 0.861150
0.095917 0.934130
0.103514 0.857861
0.101060 1.024001
0.105819 0.943750
0.109872 0.851022
0.109607 1.031660
0.110861 1.096384
0.113039 1.059916
0.106834 0.996691
0.109798 1.075510
0.113491 1.047012
0.103524 1.045984
0.070633 1.559263
0.073503 1.185865
0.070822 1.133546
0.069731 1.168817
0.064333 1.029566
0.062496 1.071931
0.069054 1.189390
0.065343 1.116093
0.060932 1.078159
0.060378 1.031262
0.053076 0.938450
0.053842 0.931127
0.059100 1.047399
0.051367 0.844974
0.052907 0.815239
0.043913 0.716178
0.043774 0.693289
0.053424 0.261685
0.046026 0.264211
0.037365 0.778191
0.024892 0.575469
0.021227 0.590227
0.028736 0.895928
0.027115 0.925899
0.018101 0.796598
0.024949 0.947088
0.027043 0.894223
0.020818 0.801388
0.016306 0.710056
0.016461 1.382487
0.042808 0.922449
0.030762 0.756624
0.022473 0.722792
0.019832 0.712488
0.025951 0.762873
0.033410 0.928601
0.031884 0.938205
0.037672 1.066651
0.029432 0.914968
0.039956 0.695774
0.029861 0.933400
0.032670 0.976450
0.032811 0.993123
0.032462 0.979214
0.016660 0.643199
0.016105 0.589366
0.022334 0.734370
0.024881 0.749038
0.024844 0.796369
0.023067 0.736800
0.022595 0.697765
0.012383 0.585398
0.017019 0.639759
0.020821 0.403968
0.007769 0.436754
0.005751 0.367874
0.006239 0.368103
0.010997 0.397513
0.015420 0.546344
0.010698 0.547069
0.009738 0.547240
0.017656 0.692280
0.023071 0.833915
0.021307 0.855078
0.017830 0.859565
0.015584 0.835464
0.042116 0.878935
0.039345 1.293545
0.029181 1.139915
0.034700 1.237832
0.025497 1.102612
0.033683 1.325321
0.051785 1.638841
0.058546 1.748861
0.063601 1.868086
0.057063 1.788055
0.058290 2.422945
0.075396 2.243401
0.068233 2.087265
0.056427 2.009123
0.053075 1.896667
0.044018 1.763723
0.040472 1.732079
0.042339 1.728909
0.048297 1.509674
0.051274 1.655745
0.044621 1.569424
0.047814 1.562994
0.045813 1.428396
0.038257 1.234971
0.036266 1.146546
0.032720 1.062633
0.026524 0.726365
0.022167 0.746052
0.024489 0.748026
0.030287 2.141481
0.030249 0.563660
0.019757 0.567161
0.015230 0.620396
0.015136 0.661652
0.014032 0.400283
0.020842 0.448240
0.022721 0.479528
0.030979 0.671924
0.030909 0.730690
0.037534 0.836391
0.034871 0.754404
0.040402 0.873723
0.054580 1.165097
0.062216 1.305073
0.065320 1.438712
0.059036 1.382817
0.062009 1.418624
0.059133 1.386642
0.062794 1.543324
0.076445 1.932566
0.071861 2.024710
0.076390 2.019400
0.068100 1.695286
0.066637 1.596267
0.072082 1.694686
0.073493 1.696169
0.077631 1.874205
0.075931 1.763314
0.075880 1.639465
0.064929 1.257221
0.053197 1.085400
0.064993 1.463907
0.069965 1.553737
0.071734 1.596789
0.068442 1.596801
0.064777 1.550053
0.064668 1.606932
0.066367 1.678503
0.074096 1.999337
0.063108 1.469639
0.050447 1.381509
0.045846 1.457329
0.060244 1.448610
0.037826 1.107564
0.044647 1.557739
0.035947 1.309251
0.057988 1.757307
0.050551 1.683256
0.047627 1.578261
0.040687 1.267552
0.038374 1.321325
0.056917 1.837086
0.045558 1.738390
0.057060 1.844000
0.039403 1.154919
0.033134 1.183659
0.052636 2.102464
0.049954 1.435030
0.059493 2.257011
0.062270 2.563871
0.065136 1.272453
0.043268 1.344849
0.041409 1.800568
0.061854 2.342200
0.063298 2.463296
0.065825 2.358302
0.053882 1.773150
0.059736 2.351279
0.065239 1.983504
0.056544 2.051434
0.061974 2.402867
0.048382 1.858298
0.052240 1.518812
0.071479 2.614349
0.073402 2.683144
0.069271 2.418713
0.062033 2.300121
0.070369 1.753090
0.064109 1.689091
0.050932 1.773330
0.068330 1.784502
0.037323 1.578365
0.040679 1.549975
0.071141 1.912972
0.083124 2.000991
0.078974 1.727936
0.068050 1.698003
0.072904 1.712520
0.062520 1.646206
0.065404 1.704235
0.063606 1.711511
0.057219 1.656547
0.052850 1.539597
0.047432 1.403383
0.046162 1.568745
0.044311 1.498292
0.050563 1.476500
0.045493 1.346766
0.050602 1.459333
0.048784 1.460025
0.037303 1.091212
0.034782 0.958753
0.035609 1.474866
0.037073 1.487656
0.041122 1.546517
0.049741 1.616743
0.050393 1.590781
0.058420 1.671046
0.055013 1.313527
0.060783 1.724650
0.034730 1.251363
0.028667 1.408071
0.022907 1.316411
0.032018 1.592340
0.027380 1.472001
0.038505 1.614370
0.034953 1.569566
0.035312 1.594285
0.037323 1.559889
0.032303 1.519365
0.044415 1.616844
0.048210 1.503720
0.050493 1.412232
0.048815 1.410174
0.057393 1.184214
0.041324 1.310209
0.051674 1.247196
0.045217 1.226034
0.039858 1.158807
0.036733 1.115304
0.032693 1.160598
0.026675 0.984816
0.044297 1.024107
0.049755 1.100746
0.044312 1.201449
0.040796 1.083192
0.044994 1.121602
0.055296 1.138988
0.058119 1.189977
0.062555 1.277061
0.050769 1.372352
0.058469 1.407498
0.051509 1.431748
0.035260 1.401259
0.033665 1.364399
0.034411 1.441911
0.031667 1.420447
0.031628 1.689680
0.017584 1.470669
0.023584 1.676326
0.022033 1.618880
0.028862 1.795448
0.033756 1.868185
0.035462 1.879482
0.036199 1.826327
0.036424 1.895266
0.029413 1.767789
0.034357 1.884405
0.029488 1.796622
0.031169 1.747677
0.038981 1.886287
0.037727 1.851977
0.036537 2.016876
0.027795 1.784895
0.033027 1.764624
0.030903 1.734739
0.030143 1.747208
0.024070 1.698534
0.025950 1.651385
0.026286 1.748316
0.022626 1.754440
0.019085 1.781774
0.015316 1.756752
0.026027 1.945335
0.023984 1.779784
0.022065 1.975335
0.018932 1.926882
0.021682 1.960646
0.021027 1.953647
0.019892 1.915287
0.020727 2.038566
0.022770 1.923656
0.020588 1.887484
0.023188 1.908755
0.022532 1.954588
0.018892 1.886368
0.023466 1.872986
0.017267 1.778262
0.018453 1.859403
0.015601 1.816896
0.015354 1.758611
0.016189 1.746422
0.019667 1.847330
0.017500 1.972136
0.013910 1.836457
0.011562 0.633833
0.017534 1.732350
0.022469 1.440319
0.025134 1.674073
0.022158 1.736422
0.016814 0.406545
0.016500 1.581415
0.021444 1.538963
0.026783 1.201158
0.022939 1.269305
0.023474 1.141852
0.039949 2.462049
0.030011 1.170733
0.028018 1.149886
0.023163 1.043172
0.024729 1.018304
0.024217 0.943523
0.028094 1.022989
0.030231 1.208440
0.031068 1.343538
0.033156 1.349942
0.031103 1.293427
0.036811 1.399306
0.034021 1.337290
0.035372 1.339448
0.040260 1.446446
0.039853 1.436709
0.040864 1.463796
0.042899 1.509052
0.042264 1.491275
0.045238 1.425289
0.046536 1.472226
0.042458 1.374525
0.045205 1.453990
0.044555 1.430734
0.032286 0.937697
0.043063 1.271013
0.042291 1.278015
0.048266 1.370846
0.052629 1.495993
0.053819 1.542597
0.053005 1.523968
0.038829 1.198821
0.043601 1.303941
0.038953 1.160698
0.040430 1.217630
0.044350 1.292877
0.047318 1.294411
0.046510 1.248624
0.040590 1.119062
0.039145 1.124718
0.041383 1.209100
0.043614 1.177811
0.043168 1.221015
0.041410 1.144530
0.038157 1.058068
0.039692 1.081511
0.042164 1.142889
0.042822 1.228948
0.031021 1.022987
0.038074 1.064358
0.040830 1.112412
0.030912 0.810867
0.030719 0.765485
0.029094 0.807325
0.031118 0.913658
0.033900 0.881484
0.033287 0.810422
0.034721 0.797330
0.036076 0.729025
0.052475 1.563158
0.039181 0.842256
0.034887 0.756858
0.037189 0.768277
0.034823 0.718099
0.034849 0.853313
0.038097 0.835466
0.038653 0.939029
0.036913 0.845732
0.034172 0.764320
0.048446 0.981043
0.055369 0.991277
0.048249 1.103462
0.037239 0.860493
0.031883 0.674909
0.044968 1.027024
0.050289 1.197093
0.044197 0.936257
0.040312 0.790867
0.034185 0.714932
0.039071 0.822945
0.048799 1.017985
0.043429 0.881761
0.046168 0.975895
0.042647 0.832434
0.037489 0.754003
0.035394 0.774533
0.034596 0.726265
0.031604 0.660963
0.040997 0.788659
0.039458 0.755931
0.036284 0.753810
0.043028 0.852376
0.032101 0.680426
0.039979 0.803621
0.033328 0.704642
0.021679 0.843519
0.035092 0.799038
0.025629 0.782215
0.043020 0.966251
0.047230 1.016994
0.042836 1.027602
0.042811 1.014388
0.040764 0.933017
0.042744 0.990510
0.048596 1.092528
0.039089 0.907899
0.040059 0.879711
0.043939 0.853586
0.031521 0.794874
0.040918 1.042673
0.037735 1.036751
0.055514 1.290550
0.047449 1.216388
0.045658 1.145661
0.042363 1.171100
0.041201 1.129726
0.047262 1.301207
0.043414 1.278652
0.040025 1.199466
0.045527 1.314886
0.044161 1.306220
0.040208 1.119224
0.036656 1.124479
0.031755 1.130370
0.026859 1.082908
0.025901 1.024953
0.021079 0.956715
0.019458 0.988036
0.016728 0.997767
0.013713 0.965269
0.009824 0.927632
0.011027 0.907865
0.010567 0.814002
0.017855 0.826962
0.025579 0.969161
0.030401 0.952500
0.034668 0.954893
0.041080 1.061794
0.056840 1.251126
0.060026 1.295121
0.073988 1.461033
0.073693 1.438048
0.096244 1.861390
0.109881 2.124782
0.103935 1.973175
0.109143 2.059216
0.118442 2.300820
0.124163 2.487890
0.130042 2.612765
0.122797 3.037473
0.128225 2.562072
0.141005 2.847282
0.150787 3.145928
0.146417 3.111543
0.137830 2.978121
0.139572 3.000208
0.164479 3.548310
0.164220 3.512032
0.149453 3.730167
0.174148 3.729058
0.170265 4.450773
0.185687 4.028442
0.188470 4.101699
0.200395 4.340774
0.178322 3.908808
0.186931 3.986259
0.190147 4.097728
0.203279 3.845180
0.195638 4.110895
0.192561 4.034980
0.191179 4.007456
0.170258 3.541267
0.161156 3.337229
0.167571 3.417012
0.136470 2.749497
0.115339 2.396444
0.126845 2.645594
0.152477 3.744992
0.097149 2.036485
0.097169 2.027682
0.085009 1.768986
0.075963 1.624169
0.085432 1.833634
0.094073 1.995022
0.075106 1.617563
0.086206 1.870911
0.079385 1.791440
0.087994 1.940037
0.075716 1.838888
0.061204 1.453199
0.063961 1.522754
0.065677 1.524078
0.053952 1.321117
0.061043 1.421461
0.047958 1.149974
0.063361 1.501276
0.047427 1.169011
0.043380 1.044062
0.051595 1.259495
0.042805 1.090873
0.053794 1.319776
0.052839 1.363891
0.047388 1.293657
0.039717 1.108899
0.046572 1.266085
0.048099 1.315299
0.044149 1.195404
0.050204 1.266966
0.058580 1.547824
0.044031 1.188360
0.039761 1.043941
0.055721 1.524302
0.058093 1.495760
0.045669 1.150250
0.042352 1.060727
0.041415 1.166538
0.045402 1.111616
0.052847 1.320449
0.052058 1.264516
0.048806 1.067824
0.062455 1.557356
0.061298 1.613866
0.055993 1.434374
0.047462 1.290887
0.048616 1.340786
0.052826 1.462561
0.045416 1.304865
0.052795 1.643192
0.048199 1.539648
0.043476 1.462231
0.029491 1.306683
0.026813 1.255139
0.025445 1.083931
0.037322 1.346882
0.033900 1.204558
0.038721 1.441500
0.032674 1.291859
0.029543 1.105541
0.029831 1.271895
0.025564 1.253216
0.027685 1.288589
0.027188 1.263696
0.030818 1.433362
0.032912 1.486278
0.034851 1.241180
0.034330 1.415217
0.028855 1.229203
0.032073 1.402423
0.030052 1.426320
0.024498 1.181475
0.022723 1.051937
0.024900 1.218702
0.020798 1.118587
0.019362 1.100045
0.017052 1.055454
0.012346 0.892712
0.020918 0.637114
0.022366 0.877544
0.019806 0.746371
0.014706 0.622870
0.013512 0.607379
0.020873 0.565314
0.021245 0.777297
0.018620 0.795436
0.017688 0.467423
0.023244 0.347084
0.021246 0.462809
0.017444 0.289716
0.020744 0.242557
0.011683 0.135713
0.013367 0.304599
0.026330 0.379202
0.023220 0.146909
0.018326 0.224406
0.020887 0.261797
0.024815 0.441889
0.025181 0.444069
0.025057 0.462864
0.023798 0.445515
0.026228 0.408889
0.031390 0.668383
0.035108 0.779918
0.024086 0.499535
0.032945 0.727385
0.033034 0.799862
0.026537 0.625878
0.034943 0.758268
0.032254 0.743887
0.040226 0.978501
0.041807 1.033721
0.037861 0.875273
0.041107 1.048083
0.047949 1.248058
0.047294 1.293141
0.052683 1.510957
0.044141 1.210580
0.048863 1.256198
0.051844 1.345640
0.048184 1.059187
0.055382 1.197229
0.060046 1.221878
0.059938 1.283954
0.063185 1.318893
0.060053 1.345572
0.060202 1.272167
0.067664 1.519307
0.063638 1.453810
0.072139 1.625411
0.061494 1.616246
0.057712 1.650115
0.069563 2.021402
0.066975 2.028522
0.072140 2.149529
0.060662 1.924964
0.069110 2.164675
0.051785 1.547205
0.070224 2.078479
0.064338 1.821405
0.076513 2.349816
0.068374 2.086543
0.041765 1.037587
0.050138 1.299241
0.055664 1.144640
0.058597 1.585208
0.046386 1.069592
0.044128 1.273691
0.035223 0.986499
0.050937 1.447839
0.036811 1.060603
0.041162 1.274731
0.047436 1.632985
0.046916 1.446392
0.039747 0.876898
0.040774 0.879726
0.026832 1.390829
0.034548 1.322998
0.044852 1.418745
0.050635 1.350208
0.057550 1.704860
0.060375 1.471604
0.060797 1.665306
0.073232 2.003975
0.082253 2.506719
0.047923 1.400075
0.014455 0.544423
0.078895 2.543926
0.081469 2.444436
0.070694 2.451080
0.077884 2.466083
0.057466 1.846255
0.054814 2.116828
0.095105 3.163535
0.074578 2.075506
0.066682 2.536225
0.102641 3.624276
0.052257 1.825905
0.115212 4.304216
0.078903 2.961965
0.091110 2.981245
0.053412 2.387568
0.122462 3.789945
0.132474 4.173161
0.072320 2.243798
0.138121 4.312549
0.105459 3.017542
0.083398 2.472601
0.100481 3.131836
0.108970 3.379439
0.124394 3.774291
0.081604 2.790571
0.092293 3.104832
0.066815 2.080252
0.047083 1.631303
0.034563 1.574847
0.044117 1.955334
0.034341 1.827574
0.030985 1.106842
0.041371 1.411767
0.058066 1.832833
0.043824 1.594243
0.052514 1.566954
0.023772 1.112781
0.016016 0.768521
0.033188 1.447022
0.031413 1.385198
0.034433 1.139828
0.016142 0.935030
0.021111 1.022363
0.018179 1.112506
0.025515 1.129132
0.023625 1.095098
0.023108 1.070725
0.029705 1.271794
0.030693 1.035027
0.024146 1.067949
0.032121 1.015267
0.035672 1.317905
0.032372 1.065021
0.033846 0.937599
0.031345 0.966902
0.035764 1.128932
0.035953 1.134233
0.036954 1.001494
0.033484 1.354901
0.029579 0.953815
0.034108 1.114863
0.027034 1.167716
0.031326 1.190963
0.035755 1.109199
0.057977 1.443818
0.055307 1.181156
0.042397 1.331077
0.039017 1.205512
0.041461 0.870312
0.031605 1.054817
0.035041 1.034451
0.045409 1.083718
0.041412 0.973159
0.047013 1.178428
0.054960 1.142401
0.050115 0.919390
0.052697 1.173840
0.052545 1.117208
0.058177 1.143408
0.058480 1.193968
0.053422 0.983312
0.042172 0.910000
0.040477 0.851200
0.047925 1.068325
0.045403 1.073188
0.034695 0.977512
0.049006 1.317259
0.063327 1.647470
0.059669 1.512155
0.067297 1.579951
0.056981 1.459819
0.061653 1.421093
0.058543 1.597463
0.053526 1.430546
0.050016 1.440541
0.061019 1.505230
0.068419 1.582331
0.057642 1.615240
0.059933 1.723142
0.056848 1.639078
0.050838 1.723584
0.062746 1.516744
0.068839 1.998142
0.071812 2.024389
0.055177 1.842728
0.052972 1.871631
0.075331 1.879321
0.052527 2.007646
0.093508 2.190336
0.082863 2.056903
0.104016 2.352634
0.097900 2.286870
0.118065 2.405146
0.084107 2.098431
0.106864 2.361441
0.118016 2.430969
0.095743 2.319596
0.088596 2.202201
0.100366 2.184523
0.105574 2.106821
0.111652 2.337685
0.107015 2.287726
0.096744 2.261161
0.101668 2.185542
0.090951 1.888075
0.095565 1.935098
0.098947 2.052387
0.089359 1.803787
0.100447 2.050716
0.120757 2.281279
0.090394 2.059192
0.109182 2.148369
0.101494 2.100954
0.098033 2.124130
0.095624 1.896429
0.113353 2.165398
0.098450 1.908277
0.100685 2.137019
0.098934 1.959903
0.104493 2.373200
0.106363 2.188469
0.102377 2.178650
0.099411 2.219487
0.093301 2.067139
0.102040 2.279432
0.099725 2.199178
0.092725 2.159304
0.100498 2.245360
0.095200 2.163137
0.102001 2.262403
0.100890 2.211874
0.089995 2.085389
0.086109 1.993534
0.087686 2.041795
0.090434 2.130339
0.090225 2.100060
0.095953 2.013745
0.067402 1.809791
0.084334 1.931976
0.085596 2.072491
0.094084 2.317134
0.089476 2.171413
0.091653 2.489652
0.091943 2.421245
0.086577 2.188057
0.074940 2.062204
0.084420 2.319020
0.073043 2.172543
0.068907 2.157768
0.060482 2.167720
0.053615 2.011153
0.048661 1.984427
0.048078 1.868689
0.037943 1.598980
0.035968 1.858783
0.035984 1.795019
0.019135 1.094781
0.046785 1.344618
0.034677 1.061404
0.026725 1.183538
0.034662 1.680623
0.038064 1.195941
0.045928 1.706812
0.036110 1.239869
0.041745 0.992367
0.045719 1.285742
0.045379 1.109837
0.039524 1.132902
0.023088 0.816156
0.019237 0.792681
0.028009 1.080990
0.026558 1.042912
0.027925 1.106034
0.039015 1.279672
0.033066 1.172875
0.034736 1.195383
0.038911 1.418175
0.036414 1.401411
0.034879 1.401004
0.035554 1.324571
0.026096 1.048204
0.025198 1.043633
0.027182 1.080955
0.032042 1.287249
0.031906 1.241778
0.035427 1.262016
0.028497 1.167556
0.031099 1.252980
0.027498 1.076072
0.030014 1.167404
0.032046 1.215609
0.026661 1.009944
0.024009 0.868408
0.022353 0.825881
0.023818 0.865461
0.021881 0.866548
0.020493 0.777770
0.020141 0.790113
0.017232 0.647877
0.018512 0.805945
0.017616 0.735062
0.018314 0.725933
0.021696 0.833586
0.023363 0.903234
0.022253 0.848964
0.021112 0.816240
0.024424 0.833178
0.020032 0.872488
0.019406 0.721218
0.022607 0.711888
0.023086 0.748913
0.026926 0.887219
0.017955 0.678168
0.018601 0.714290
0.021295 0.663507
0.019105 0.670884
0.025239 0.970157
0.018836 0.583134
0.022325 0.652881
0.020228 0.814362
0.031594 1.278156
0.022275 0.865884
0.016867 0.626771
0.017059 0.513850
0.018131 0.566644
0.017329 0.574748
0.020065 0.731567
0.015393 0.616994
0.014049 0.549940
0.013408 0.535374
0.016209 0.637538
0.020227 0.780090
0.019175 0.715772
0.026299 0.457227
0.017963 0.714663
0.013546 0.614493
0.009658 0.462592
0.012720 0.961063
0.009900 0.372945
0.011551 0.416395
0.013554 0.471798
0.012366 0.453185
0.010067 0.424939
0.005901 0.416264
0.010818 0.570327
0.010237 0.520898
0.016042 0.484271
0.015452 0.453645
0.009751 0.433611
0.015297 0.688468
0.023026 1.006428
0.022651 0.973723
0.020770 0.998512
0.012223 0.681124
0.013387 0.726639
0.014721 0.772522
0.011557 0.649186
0.010728 0.590147
0.010134 0.579306
0.007139 0.522649
0.011453 0.625564
0.012919 0.719026
0.021259 0.950896
0.017382 0.774492
0.019190 0.873139
0.020380 0.932934
0.022787 1.015647
0.014584 0.805975
0.015045 0.685296
0.016426 0.774678
0.016673 0.808570
0.016252 0.803270
0.016451 0.854679
0.018365 1.176140
0.016033 0.843862
0.016179 0.827784
0.012773 0.811730
0.012995 0.766863
0.011575 0.723880
0.012093 0.744143
0.011455 0.678687
0.008854 0.564745
0.014760 0.885281
0.006506 0.559470
0.007690 0.715238
0.007304 0.513838
0.005553 0.637001
0.007087 0.346786
0.008039 0.721764
0.010482 0.660366
0.008722 0.390651
0.007864 0.397846
0.009578 0.351866
0.007696 0.634385
0.014235 0.805165
0.012346 0.560344
0.009387 0.239881
0.012655 0.558647
0.018523 0.683216
0.015886 0.562048
0.021220 0.833877
0.025391 0.685514
0.024745 0.658444
0.023958 0.714286
0.026624 0.848362
0.033789 1.156900
0.027088 0.910708
0.026516 1.258568
0.035347 1.476217
0.030992 1.149333
0.024362 1.039045
0.023858 1.328021
0.033620 1.284257
0.029582 1.435460
0.021851 1.114129
0.022717 0.961065
0.018265 0.779786
0.022247 0.627156
0.029642 0.914920
0.016257 0.565809
0.027578 0.730646
0.008446 0.357584
0.016440 0.495655
0.009686 0.370787
0.015487 0.200460
0.011202 0.373155
0.014078 0.258537
0.008009 0.174448
0.005415 0.258353
0.011376 0.322087
0.026053 0.194090
0.011925 0.276735
0.018464 0.255492
0.019437 0.236199
0.029987 0.534097
0.016515 0.164165
0.011062 0.328045
0.016550 0.314767
0.015110 0.569757
0.012967 0.359758
0.022266 0.863067
0.018979 0.556808
0.007010 0.716052
0.004272 0.776973
0.018211 0.917586
0.020728 1.089897
0.025133 1.522146
0.026521 1.724325
0.026370 1.789738
0.032342 2.211818
0.035199 1.745479
0.027815 1.698369
0.027153 1.577151
0.022441 1.617995
0.025547 1.613828
0.023135 1.489482
0.024412 1.412363
0.025742 1.572314
0.023359 1.453120
0.022353 1.484979
0.020138 1.498575
0.015081 1.342019
0.014647 1.352914
0.021493 1.251763
0.027047 1.258965
0.018747 1.350221
0.020166 1.446584
0.017767 1.466401
0.021497 1.393642
0.022639 1.413666
0.022953 1.402291
0.026873 1.368049
0.026474 1.343412
0.026550 1.369162
0.034837 1.465250
0.020971 1.479195
0.021492 1.472875
0.022422 1.528100
0.042573 1.636041
0.028360 1.508964
0.029409 1.375888
0.037781 1.540023
0.025415 1.422530
0.025327 1.358888
0.036752 1.705073
0.040055 1.717718
0.032770 1.598557
0.023000 1.249855
0.021858 1.125026
0.018100 1.228070
0.015887 1.143119
0.011316 1.137093
0.016729 1.191770
0.030375 1.274044
0.031809 1.460480
0.021574 1.140496
0.021289 1.136103
0.025970 1.092139
0.020814 1.073951
0.025526 0.489886
0.029077 0.700965
0.019721 0.810157
0.019781 0.773319
0.033243 0.961452
0.035264 1.039770
0.028868 0.778334
0.024326 0.713817
0.022617 0.693069
0.021285 0.499306
0.012601 0.309745
0.023182 0.716470
0.010749 0.231338
0.011618 0.599531
0.013218 0.845607
0.016027 0.940806
0.017185 0.921273
0.013273 0.640165
0.013378 0.537350
0.011818 0.564961
0.012154 0.739638
0.006773 0.728543
0.024357 1.343010
0.037043 1.658109
0.018062 1.766147
0.014970 0.839600
0.016537 0.731657
0.027537 0.881106
0.016909 0.604537
0.019081 0.560145
0.016988 0.692022
0.015888 1.028194
0.024817 1.099894
0.037362 1.451084
0.010346 0.980150
0.018933 0.819437
0.019533 0.499319
0.012987 0.482469
0.012273 0.648078
0.011242 0.705883
0.011727 0.711183
0.012795 1.093557
0.017755 1.018416
0.018590 1.082874
0.030510 1.432658
0.036277 1.707429
0.033612 1.477147
0.024999 1.467964
0.035520 1.680207
0.040669 1.755844
0.040254 2.264078
0.035628 1.632305
0.019763 1.313038
0.016651 1.242869
0.023046 1.148098
0.016733 0.912420
0.017846 0.833250
0.025779 0.976957
0.014424 0.515572
0.021320 1.252455
0.021314 0.664583
0.020150 0.559318
0.027826 0.919448
0.026901 1.091048
0.032669 1.219398
0.033073 1.388589
0.031806 1.423077
0.029034 1.216286
0.037835 1.302907
0.034506 1.285981
0.036096 1.274274
0.036846 1.396970
0.041782 1.402955
0.039401 1.186034
0.043150 1.146731
0.049184 1.365948
0.056754 1.326245
0.057623 1.447335
0.066653 1.350214
0.069361 1.492780
0.065574 1.442924
0.072133 1.423060
0.052373 1.790099
0.079615 1.087605
0.079346 0.962953
0.075157 0.996383
0.093201 0.746059
0.130078 0.542948
0.121647 0.545989
0.115007 0.700445
0.114393 0.970486
0.104436 0.670135
0.101048 0.707728
0.093722 0.952433
0.109889 1.049769
0.107920 0.767614
0.061520 1.020697
0.076367 0.934818
0.061046 0.407685
0.077492 0.437849
0.054216 0.675646
0.052516 0.717708
0.057547 0.830330
0.051644 0.815738
0.050899 0.595449
0.051971 0.505744
0.040953 0.657435
0.066079 0.763241
0.076832 1.342547
0.062761 1.045705
0.028098 0.589115
0.057647 1.570054
0.068434 1.727457
0.038444 1.032015
0.048969 1.523345
0.055008 1.546491
0.058654 1.563335
0.062160 1.692633
0.033166 0.933336
0.035214 1.056066
0.034042 1.478309
0.035712 1.556916
0.026397 1.994540
0.024874 1.802688
0.022130 1.840407
0.028807 1.759592
0.032137 1.430377
0.036975 1.874164
0.026884 1.574986
0.042567 1.665742
0.030060 1.577920
0.037426 1.717131
0.015750 1.421932
0.027588 1.676712
0.025128 1.492646
0.031271 1.519520
0.034424 1.551408
0.030435 1.502749
0.026817 1.577318
0.026385 1.369777
0.028767 1.382932
0.032839 1.390598
0.031988 1.562063
0.041193 1.389103
0.039420 1.293783
0.031307 1.420345
0.039134 1.313767
0.043013 1.415801
0.096497 3.138044
0.082754 2.940727
0.090158 3.096013
0.085023 2.975650
0.087030 3.002304
0.095876 3.541404
0.093762 3.269073
0.102017 3.249126
0.116026 3.488639
0.095222 3.295947
0.096976 3.241895
0.089514 3.302487
0.101840 3.437059
0.105238 3.517469
0.083506 3.072520
0.072526 2.639792
0.076873 2.667012
0.082384 2.601798
0.089839 2.799560
0.072940 2.239240
0.091428 2.747744
0.093365 2.732890
0.088007 2.851833
0.084349 2.703259
0.082798 2.557672
0.086096 2.592763
0.082782 2.341626
0.078449 2.130224
0.082282 2.420537
0.081650 2.221901
0.081243 2.253634
0.084597 2.390888
0.082039 2.285333
0.062895 1.638824
0.069196 1.981020
0.056299 1.617981
0.054121 1.517175
0.056413 1.592401
0.059798 1.682253
0.064643 1.309434
0.057064 1.631086
0.044798 1.165790
0.053798 1.399696
0.065089 1.714121
0.048301 1.261611
0.054303 1.171068
0.055933 1.539902
0.048680 1.337932
0.055019 1.503861
0.053182 1.364106
0.048991 1.208947
0.053994 1.402646
0.051979 1.407606
0.055461 1.391851
0.058231 1.443329
0.054031 1.018658
0.053204 1.198399
0.070015 0.719658
0.054044 1.051324
0.054330 0.973966
0.047532 1.072430
0.044157 1.232214
0.056728 1.051164
0.055525 1.234799
0.066138 1.189526
0.084211 2.028483
0.096556 2.716442
0.106945 2.422166
0.112648 3.133393
0.115637 3.364926
0.106495 3.083278
0.104917 2.280840
0.094561 2.435295
0.106244 2.830583
0.097834 2.591772
0.100606 2.715860
0.089466 2.661638
0.082837 2.266748
0.084440 2.502683
0.070362 1.469783
0.066984 1.299630
0.078418 0.962838
0.082866 1.061862
0.070240 1.227499
0.068869 1.269126
0.074106 1.224049
0.075966 1.251040
0.076613 1.336313
0.072862 1.250801
0.074845 1.223177
0.070186 1.204503
0.062628 1.164637
0.069053 1.210576
0.063610 1.024115
0.072535 1.504486
0.067276 1.273134
0.062278 1.350954
0.061743 1.429758
0.060709 1.381039
0.063770 1.536821
0.066318 1.432288
0.065302 2.149118
0.064389 1.927288
0.055632 1.977449
0.057527 1.849959
0.055491 2.753819
0.045927 1.907263
0.047496 1.817279
0.047636 1.662473
0.040836 1.652712
0.043105 2.150080
0.033959 1.356417
0.027762 1.254654
0.028419 1.552350
0.030190 1.489439
0.026393 1.311925
0.027126 1.345658
0.022636 1.176761
0.024740 1.349358
0.025913 1.368429
0.023856 1.271074
0.021267 1.319927
0.024848 1.397072
0.020268 1.398235
0.020346 1.205442
0.020385 1.245817
0.021539 1.194144
0.025367 1.211529
0.027291 1.223667
0.021640 1.160405
0.021441 1.157215
0.033999 1.197462
0.027019 1.088143
0.031511 2.139307
0.044195 1.061769
0.054081 0.908582
0.055215 0.867600
0.055939 0.753590
0.053734 0.724104
0.057741 0.839486
0.054639 0.995901
0.047969 0.927972
0.032751 0.756264
0.032042 0.707904
0.030474 0.909505
0.033119 0.853042
0.035646 0.751140
0.028629 0.740977
0.026688 0.617033
0.026101 0.560423
0.023741 0.597715
0.024414 0.825133
0.025300 0.592586
0.023610 0.495293
0.027088 0.434561
0.021989 0.573005
0.026146 0.558482
0.022425 0.435863
0.023644 0.618922
0.025986 0.628213
0.025106 0.641388
0.028664 0.807902
0.022214 0.512760
0.022841 0.555856
0.017669 0.480955
0.019085 0.486535
0.015793 0.435027
0.019730 0.569390
0.022762 0.694219
0.018392 0.550713
0.021205 0.646988
0.016464 0.551301
0.017985 0.654908
0.022409 0.818204
0.028437 0.747743
0.018260 0.621805
0.022134 0.717653
0.019788 0.695457
0.020717 0.731832
0.018027 0.596977
0.022669 0.690582
0.017236 0.726664
0.022371 0.873626
0.018180 0.734894
0.020232 0.729904
0.026660 0.936799
0.029282 1.225543
0.018713 0.804478
0.020681 0.766736
0.024846 0.886542
0.028428 0.948795
0.021118 0.624222
0.024223 0.889103
0.024282 0.928032
0.024736 0.898367
0.018688 0.652928
0.025261 0.899935
0.026388 0.929830
0.030143 1.045228
0.029795 1.018645
0.024063 0.867422
0.026564 1.008308
0.020028 0.838030
0.020261 0.815297
0.019590 0.855466
0.019512 0.830637
0.024331 0.985317
0.022146 0.920312
0.023959 1.005007
0.027859 1.164343
0.030136 1.203339
0.029158 1.133731
0.031206 1.278840
0.027536 1.272855
0.039692 1.456198
0.026712 1.164444
0.028371 1.266355
0.028741 1.262433
0.037481 1.406564
0.036170 1.403514
0.033643 1.299558
0.027681 1.104201
0.026975 1.050301
0.025896 1.076137
0.021718 0.964283
0.019494 0.904794
0.019386 0.757523
0.019360 0.722857
0.015689 0.614208
0.007343 0.433851
0.019380 0.402123
0.017722 0.482288
0.019658 0.424179
0.017397 0.208760
0.016988 0.302313
0.025263 0.529761
0.024554 0.526829
0.026827 0.643679
0.021354 0.538031
0.038233 0.596629
0.024065 0.521390
0.021133 0.527077
0.021326 0.531713
0.039036 0.651857
0.025041 0.577940
0.028095 0.606571
0.025537 0.603658
0.015539 0.397353
0.034682 0.723225
0.015247 0.187772
0.025675 0.471809
0.024995 0.526658
0.051299 1.072294
0.029087 0.633200
0.024114 0.555791
0.021431 0.444009
0.021771 0.437799
0.015422 0.784848
0.017157 0.435247
0.017385 0.407482
0.015092 0.408978
0.015531 0.400092
0.019706 0.514333
0.015304 0.446638
0.014701 0.397000
0.018397 0.459495
0.010283 0.331288
0.014299 0.390930
0.010870 0.340221
0.013835 0.376852
0.024900 0.397431
0.010372 0.315768
0.014682 0.407238
0.013025 0.427613
0.014476 0.467816
0.013807 0.426859
0.012817 0.479396
0.016057 0.555730
0.014525 0.521453
0.012963 0.462095
0.012684 0.437623
0.009531 0.368262
0.007728 0.319101
0.007852 0.287787
0.008632 0.379963
0.009421 0.425554
0.004000 0.303681
0.008117 0.362595
0.009024 0.336584
0.006556 0.352083
0.006734 0.403339
0.007648 0.435534
0.008930 0.421244
0.003117 0.370634
0.006956 0.455031
0.003703 0.358573
0.009281 0.433435
0.009531 0.464562
0.009927 0.482363
0.007321 0.483943
0.011722 0.589500
0.014357 0.643986
0.018358 0.725846
0.013088 0.724783
0.015627 0.753073
0.015922 0.717060
0.019306 0.753758
0.015589 0.688369
0.013209 0.661624
0.015670 0.681645
0.013890 0.740458
0.013302 0.769933
0.019695 0.765444
0.016025 0.783769
0.015810 0.838767
0.015856 0.844461
0.024637 0.974538
0.013503 0.858631
0.017506 0.910241
0.017322 0.940607
0.021525 1.004928
0.018284 0.919481
0.022707 1.002017
0.020997 0.994176
0.022116 1.006850
0.020334 0.999921
0.018878 1.013259
0.021528 1.054275
0.015623 0.977121
0.021987 1.085422
0.017862 1.004130
0.013917 0.855355
0.016104 0.888400
0.011380 0.924892
0.012902 0.916721
0.012360 0.918162
0.014567 1.037748
0.015645 0.936100
0.009340 0.897799
0.020278 0.984629
0.016654 0.909911
0.011018 0.864971
0.015470 0.913571
0.018327 0.662297
0.017682 0.538997
0.014569 0.484903
0.014439 0.403043
0.011936 0.412201
0.011879 0.364569
0.006682 0.352720
0.011696 0.392353
0.024677 0.588104
0.017104 0.457075
0.015391 0.495311
0.018256 0.579942
0.021366 0.636160
0.025997 0.663471
0.029863 0.684730
0.028875 0.738390
0.035551 0.848223
0.030165 0.799655
0.033904 0.820962
0.041494 1.085996
0.032337 0.975314
0.034740 1.011626
0.036436 0.998969
0.033524 0.963706
0.040316 1.090691
0.039499 0.996839
0.034739 0.898618
0.034507 0.854095
0.024963 0.714390
0.028673 0.775414
0.030519 0.946798
0.025756 0.834927
0.028774 0.898352
0.029718 0.811120
0.021827 0.803114
0.024061 0.769825
0.025099 0.874547
0.014300 0.753037
0.018256 0.845198
0.019668 0.709441
0.040297 0.985146
0.026772 0.822621
0.032752 1.023178
0.026026 1.017468
0.051544 1.333760
0.039333 1.191535
0.039871 1.234183
0.034230 1.107196
0.044689 1.262424
0.037509 1.032597
0.031524 0.950945
0.039661 0.927093
0.020957 0.874479
0.024894 0.895269
0.026189 0.975962
0.023130 0.957135
0.013183 0.669916
0.013811 0.710689
0.014095 0.708455
0.013896 0.701339
0.010997 0.465899
0.010991 0.635872
0.005443 0.446668
0.014500 1.189576
0.005735 0.564133
0.008892 0.430833
0.007517 0.488478
0.022364 0.577939
0.027724 0.818004
0.015518 0.784966
0.017068 0.760381
0.016449 0.755286
0.015301 0.597811
0.030990 1.012974
0.027440 0.902145
0.034188 1.065706
0.029214 0.820619
0.024979 0.694192
0.029585 0.818503
0.028247 0.782885
0.044705 1.134405
0.052718 1.318567
0.051683 1.310458
0.047866 1.274799
0.054585 1.424007
0.051723 1.428953
0.058034 1.609112
0.058274 1.638011
0.061444 1.725005
0.063546 1.870020
0.065608 1.953731
0.066312 1.980262
0.067457 2.107066
0.070189 2.073324
0.080268 2.374723
0.079126 2.511961
0.083675 2.620827
0.079797 2.511414
0.076523 2.449365
0.083166 2.471270
0.080159 2.319470
0.088905 2.646897
0.087534 1.995770
0.091283 2.521237
0.090619 2.543899
0.102648 2.794515
0.101285 2.877075
0.106908 2.983101
0.105453 2.953473
0.110683 3.098543
0.115167 3.083510
0.129126 3.474026
0.141255 3.684140
0.147538 3.965024
0.156024 4.196460
0.185534 5.355888
0.178227 5.282430
0.200142 5.970265
0.207855 5.436719
0.211927 5.730822
0.229680 6.190559
0.244530 6.608427
0.223073 6.110953
0.207780 5.828502
0.218949 5.944982
0.197389 5.207505
0.230320 5.946424
0.237327 5.791759
0.246963 6.060570
0.275877 6.668090
0.253190 6.092476
0.244887 5.775911
0.270867 6.370875
0.238110 5.519048
0.267266 6.263436
0.243363 5.676471
0.273074 6.429027
0.270847 6.580146
0.239965 5.833448
0.245233 5.816922
0.230182 5.581308
0.240229 5.783954
0.221136 5.324918
0.217376 5.364176
0.185912 4.618229
0.186221 4.689657
0.169779 4.287555
0.167410 4.259758
0.170291 4.290745
0.169385 4.353537
0.164323 4.160224
0.158673 3.995756
0.162214 4.105937
0.140576 3.453512
0.132478 3.304091
0.138393 3.289180
0.120300 2.800424
0.134376 3.060117
0.117930 2.676246
0.112716 2.453328
0.104047 2.193062
0.086537 1.882677
0.098758 2.016110
0.104905 2.251530
0.102344 2.175058
0.112726 2.373863
0.101270 2.120107
0.111419 2.272234
0.107423 2.255833
0.116479 2.396557
0.111014 2.289727
0.120379 2.651408
0.108295 2.186056
0.106645 2.149946
0.103816 2.106431
0.098960 1.952962
0.098327 2.395596
0.091844 1.840266
0.081593 1.706787
0.080413 1.636404
0.084007 1.683617
0.083048 1.625503
0.073307 1.443537
0.072004 1.397624
0.074004 1.476741
0.073166 1.382260
0.072994 1.362880
0.073091 1.384392
0.068987 1.301266
0.074017 1.368579
0.062389 1.268984
0.059125 1.205389
0.060241 1.308327
0.056806 1.245721
0.062158 1.316188
0.066666 1.572798
0.047827 1.421571
0.051556 1.425649
0.043620 1.423215
0.050265 1.595445
0.040386 1.445282
0.045806 1.414730
0.043073 1.384284
0.039149 1.228893
0.034079 1.157912
0.038221 1.216997
0.039185 1.223029
0.032134 1.490027
0.041970 1.397225
0.045563 1.454053
0.045501 1.422877
0.047913 1.513114
0.047555 1.523831
0.058261 1.774766
0.059623 1.758311
0.058300 1.704774
0.060675 1.742734
0.064570 1.832487
0.071882 2.022524
0.079973 1.780176
0.078459 2.191638
0.078251 2.300585
0.084436 2.305559
0.082296 2.243838
0.080631 2.259351
0.085536 2.314064
0.090153 2.435271
0.097367 2.602155
0.092273 2.465027
0.091071 2.522523
0.096782 2.701556
0.087000 2.388365
0.096529 2.611694
0.092925 2.515054
0.090784 2.486558
0.098817 2.680118
0.093740 2.539853
0.089469 2.442356
0.093647 2.529443
0.095152 2.548411
0.094889 2.495192
0.104011 2.716663
0.088508 2.469273
0.105509 2.682690
0.103318 2.629824
0.096466 2.523462
0.096605 2.542678
0.091722 2.492857
0.090293 2.448644
0.089954 2.459999
0.083190 2.337544
0.084311 2.392680
0.067207 1.999276
0.066325 2.036601
0.065789 2.007415
0.064460 1.978261
0.062978 1.915043
0.065348 2.016003
0.066182 2.098616
0.055110 1.820131
0.059370 1.809521
0.065557 1.991472
0.060316 1.852678
0.054657 1.856665
0.060665 1.867985
0.068136 1.985507
0.062168 1.866872
0.063181 2.043746
0.066143 1.985798
0.062886 1.936213
0.067866 2.087674
0.068255 2.062452
0.067306 2.108477
0.066075 2.110970
0.068488 2.185556
0.078809 2.394229
0.090046 2.131689
0.083765 2.425776
0.032374 1.283555
0.027402 1.087930
0.025977 1.036166
0.027637 1.169121
0.025978 1.079820
0.028422 1.115017
0.028221 1.151808
0.028160 1.098042
0.020417 0.948183
0.028191 1.222893
0.030353 1.310020
0.033236 1.371860
0.025150 1.097539
0.022895 1.024946
0.022520 1.056572
0.032402 1.341753
0.026630 1.204661
0.025293 1.214211
0.029490 1.388318
0.030636 1.432448
0.033046 1.531893
0.036149 1.690612
0.034820 1.619987
0.034456 1.611984
0.037892 1.863559
0.038656 1.982315
0.042401 1.978889
0.043171 1.974117
0.039170 1.846702
0.043309 1.970670
0.038843 1.848063
0.038075 2.007571
0.032581 1.861636
0.035351 1.813194
0.037202 1.738606
0.038303 1.812612
0.029122 1.528232
0.028249 1.557179
0.033580 1.496758
0.035601 1.567233
0.035693 1.577435
0.035329 1.572757
0.034636 1.608427
0.035030 1.667092
0.029757 1.576306
0.030987 1.643476
0.026018 1.593984
0.026681 1.649859
0.029275 1.732116
0.029503 1.667162
0.032935 1.907306
0.028107 1.846101
0.024550 1.716450
0.022004 1.671713
0.027109 1.823094
0.023045 1.727911
0.024116 1.703029
0.020265 1.400783
0.017206 1.364547
0.020873 1.591323
0.015992 1.461250
0.018929 1.542768
0.021759 1.465318
0.023292 1.622831
0.024910 1.901993
0.018019 1.572391
0.017865 1.490148
0.021026 1.340640
0.019685 1.250018
0.020561 1.257416
0.018388 1.299514
0.025958 1.187899
0.028236 1.173198
0.042994 1.228445
0.040456 1.324182
0.027083 0.825796
0.028553 0.812170
0.030700 1.088615
0.051745 1.428923
0.038429 1.151506
0.043069 1.321322
0.043165 1.316805
0.047668 1.405235
0.059094 1.679816
0.050762 1.476233
0.046658 1.345414
0.044536 1.418295
0.056672 1.819974
0.043464 1.480466
0.038837 1.287054
0.045662 1.443279
0.047390 1.560344
0.048102 1.544674
0.040947 1.404706
0.036803 1.271793
0.031972 1.034534
0.026281 0.946234
0.030661 1.090510
0.024924 0.859734
0.032221 0.972035
0.029499 0.947367
0.035680 1.076850
0.044742 1.386772
0.047362 1.437640
0.037025 1.219621
0.038950 1.366095
0.044160 1.425781
0.041316 1.417969
0.035189 1.287718
0.040554 1.500038
0.041586 1.598777
0.041345 1.543536
0.049640 1.794354
0.056650 1.972501
0.062059 2.058622
0.056265 1.790086
0.046395 1.566686
0.051537 1.722673
0.053041 1.769451
0.049299 1.692721
0.053358 1.771136
0.060456 2.054919
0.061341 2.203054
0.062311 2.129814
0.062741 2.017088
0.061961 2.081209
0.066622 2.161100
0.070926 2.344122
0.064678 2.291920
0.066568 2.282286
0.065233 2.186275
0.061938 2.032546
0.069613 2.274888
0.072328 2.224078
0.069159 2.181770
0.071284 2.191087
0.072725 2.182687
0.068292 2.091673
0.077850 2.121365
0.071572 2.022657
0.071639 2.017673
0.079528 2.044648
0.080712 2.103747
0.075225 2.104960
0.067454 1.972794
0.070474 1.962945
0.070488 2.088144
0.066597 2.185351
0.059271 2.343001
0.052689 2.299408
0.051475 2.375218
0.037781 2.609134
0.045582 2.110369
0.055049 2.375651
0.049830 2.305698
0.051464 2.224478
0.056918 2.346775
0.050594 2.236980
0.049098 2.215753
0.048410 2.189264
0.051861 2.390070
0.040983 1.923620
0.042788 1.986071
0.039231 1.988393
0.041223 1.948630
0.042885 1.917195
0.049016 2.048336
0.046233 1.976977
0.049440 2.030451
0.042951 1.667341
0.037056 1.591147
0.036674 0.634937
0.040826 0.820433
0.036333 0.688722
0.034947 0.546402
0.041499 0.494743
0.036501 0.484958
0.030138 0.600064
0.033899 0.618937
0.042626 0.579003
0.044840 0.615333
0.040653 0.698680
0.037678 0.794100
0.034652 0.621031
0.029245 0.753806
0.033765 0.714899
0.039800 0.596379
0.040988 0.508954
0.045914 0.980051
0.049520 0.460291
0.046569 0.346508
0.052366 0.529610
0.042860 0.278534
0.042247 0.341748
0.043917 0.296954
0.047907 0.440923
0.048294 0.447237
0.045419 0.445117
0.044964 0.420685
0.045777 0.452576
0.038628 0.310024
0.029229 0.644640
0.034196 0.225684
0.036040 0.297078
0.039833 0.318151
0.032183 0.207964
0.035858 0.304505
0.036167 0.297683
0.035626 0.268679
0.035945 0.304195
0.028413 0.133054
0.032056 0.283399
0.035156 0.355959
0.028171 0.239524
0.024131 0.382806
0.032798 0.410529
0.033101 0.435788
0.030096 0.497729
0.039802 0.612218
0.031988 0.534358
0.031750 0.598328
0.033087 0.609963
0.035088 0.664500
0.039791 1.574273
0.031955 0.607954
0.030613 0.632319
0.030548 0.608668
0.029794 0.628062
0.032710 0.564232
0.026968 0.441970
0.033452 0.688461
0.033236 0.934754
0.041860 0.710692
0.045989 0.864066
0.046824 0.912617
0.048415 0.944257
0.053128 0.931338
0.059722 1.022077
0.063668 0.986758
0.069476 1.088778
0.075408 1.151123
0.076436 1.147724
0.079984 1.137543
0.078026 1.255507
0.078677 1.284978
0.081195 1.272914
0.080895 1.219343
0.066017 1.249177
0.052133 1.185436
0.050697 1.178346
0.050706 1.241494
0.040571 1.238644
0.045002 1.348255
0.043946 1.300828
0.051415 1.284846
0.055086 1.258417
0.062016 1.328205
0.065079 1.413251
0.057448 1.425069
0.056496 1.460390
0.063246 1.446011
0.057145 1.371426
0.054747 1.380627
0.050877 1.291646
0.059749 1.398383
0.055187 1.341988
0.066707 1.428075
0.068056 1.466839
0.070908 1.522912
0.070779 1.518031
0.078196 1.632994
0.070584 1.555348
0.086900 2.068748
0.089014 2.111904
0.087517 2.109021
0.090731 2.279971
0.092879 2.281737
0.087341 2.134924
0.088938 2.148532
0.084326 2.058527
0.096262 2.472376
0.100535 2.507168
0.096456 2.389073
0.092026 2.201363
0.096781 2.344761
0.095991 2.418631
0.095563 2.427981
0.079445 2.223658
0.085526 2.393106
0.080906 2.189862
0.091612 2.514212
0.086956 2.489542
0.080750 2.494386
0.082929 2.608820
0.074838 2.376952
0.076397 2.445471
0.078847 2.357588
0.075327 2.332353
0.070536 2.220502
0.065686 2.003315
0.063911 1.949361
0.047541 1.541998
0.050784 1.601155
0.056111 1.631202
0.061281 1.685096
0.046641 1.427748
0.041660 1.298221
0.032071 1.006740
0.036151 1.040731
0.037000 0.940942
0.030208 0.776723
0.026128 0.679834
0.025355 0.547767
0.018134 1.282185
0.029048 0.757739
0.025999 0.697610
0.027973 0.768976
0.018592 0.573337
0.015919 0.666658
0.016482 0.614539
0.008643 0.532317
0.004527 0.583925
0.007992 0.482191
0.010352 0.543365
0.014376 0.672579
0.014229 0.669701
0.022514 0.605495
0.021193 0.548707
0.019035 0.528951
0.024941 0.551719
0.027416 0.524528
0.027496 0.547964
0.014635 0.665712
0.017753 0.688356
0.026040 0.720579
0.034283 0.863196
0.032006 0.870786
0.030845 0.940599
0.032590 0.882555
0.033697 1.086450
0.032822 1.204771
0.030889 1.262351
0.035425 1.248782
0.034149 1.264299
0.036568 1.393163
0.041842 1.517100
0.045824 1.619578
0.041859 1.544986
0.046569 1.551848
0.048558 1.636951
0.056272 1.867969
0.052334 1.786987
0.070171 2.074742
0.059349 1.848800
0.050949 1.779794
0.050863 1.738365
0.060199 1.611512
0.082913 2.100209
0.085504 2.317704
0.087917 2.314621
0.088713 2.383272
0.090617 2.462609
0.095965 2.491540
0.092843 2.164171
0.099943 2.253903
0.092518 2.111276
0.079378 1.935109
0.087322 2.128997
0.042458 1.318111
0.040743 1.242887
0.039742 1.377671
0.042391 1.570511
0.058271 1.783532
0.066563 2.005120
0.066700 1.990281
0.066922 2.021739
0.063524 1.977121
0.073633 2.119992
0.071512 2.099362
0.061780 2.046280
0.061354 2.030289
0.067123 2.038739
0.070345 2.032778
0.066426 1.993328
0.061749 1.821227
0.068597 1.731472
0.057541 1.806644
0.051176 1.381601
0.053328 1.308193
0.057552 1.473138
0.046675 1.276269
0.068355 1.742768
0.063847 1.685618
0.064142 1.697657
0.069515 1.838668
0.053161 1.469529
0.066336 1.721579
0.066665 1.703916
0.057492 1.639036
0.070708 1.863355
0.071025 2.012781
0.051806 1.510396
0.054808 1.696415
0.055575 1.595714
0.071937 2.002342
0.061352 1.870166
0.063360 1.886050
0.048082 1.452098
0.039999 1.235990
0.058524 1.622451
0.054713 1.482546
0.067803 1.925581
0.069409 2.183391
0.069352 2.615282
0.077551 2.341285
0.080270 2.537541
0.073374 2.331034
0.081915 2.592868
0.082479 2.635482
0.102574 3.202055
0.097144 3.189866
0.087231 2.967127
0.091320 2.870584
0.084916 2.699584
0.075432 2.542867
0.083690 2.609119
0.071927 2.410604
0.076547 2.640882
0.081044 2.680999
0.080034 3.367093
0.072950 2.212890
0.047170 1.866764
0.069749 2.030656
0.062337 1.830070
0.042990 1.437509
0.025036 1.212614
0.029761 0.843725
0.027395 0.712962
0.031669 0.570245
0.032639 0.609690
0.034922 0.519946
0.039440 0.711430
0.032719 0.559256
0.035510 0.527650
0.030231 0.508243
0.027519 0.337108
0.035802 0.598132
0.037641 0.669972
0.038587 0.654755
0.034558 0.615203
0.041553 0.898957
0.038838 0.581161
0.036759 0.611945
0.032615 0.602409
0.040438 0.680027
0.039219 0.653041
0.034566 0.500458
0.042191 0.544414
0.039950 0.551205
0.038059 0.669798
0.040087 0.660692
0.044596 0.527602
0.044456 0.664166
0.041705 0.451387
0.045956 0.587867
0.043772 0.623959
0.035898 0.444823
0.038768 0.359036
0.045132 0.610100
0.035434 0.488483
0.046117 0.731885
0.044311 0.687323
0.033747 0.821127
0.037546 0.913649
0.053067 1.255018
0.044338 1.205776
0.041335 1.224443
0.036224 1.156796
0.042229 1.128640
0.033884 1.112805
0.045246 1.253089
0.037907 1.136094
0.028207 0.867228
0.025895 0.848938
0.024152 0.784275
0.022349 0.871142
0.016370 0.685240
0.014127 0.648325
0.014021 0.594755
0.012599 0.633871
0.012948 0.711482
0.019511 0.802786
0.012425 0.647284
0.008914 0.552796
0.011159 0.623822
0.006295 0.549228
0.009202 0.608578
0.015462 0.751936
0.018129 0.851993
0.022391 0.893877
0.017947 0.756703
0.016258 0.544032
0.012635 0.610934
0.017605 0.736642
0.015560 0.656016
0.013870 0.518050
0.018802 0.590045
0.016454 0.588962
0.017709 0.557286
0.021303 0.641085
0.015646 0.483336
0.017524 0.518822
0.034022 0.946237
0.024914 0.754817
0.023739 0.640974
0.019813 0.528999
0.025972 0.763989
0.030626 0.985901
0.027368 0.848387
0.017472 0.622007
0.022953 0.741318
0.030400 0.990019
0.043048 1.299468
0.026818 0.994298
0.024145 0.896832
0.037285 1.284239
0.049139 1.655161
0.058250 1.913208
0.047780 1.690487
0.044075 1.510077
0.038868 1.464815
0.057252 1.807695
0.057121 1.975557
0.059430 1.591315
0.060743 1.702153
0.047184 1.320741
0.051046 1.351801
0.049325 1.347490
0.053903 1.410270
0.045241 1.194476
0.065824 1.566079
0.065203 1.604808
0.062289 1.558050
0.053412 1.270908
0.056786 1.419884
0.065490 1.582843
0.064422 1.192698
0.078831 1.848083
0.077050 1.833036
0.069684 1.584519
0.072963 1.680792
0.074637 1.750059
0.075982 1.771950
0.068739 1.550326
0.063430 1.429445
0.065397 1.445838
0.065387 1.579086
0.056289 1.367502
0.060518 1.449536
0.060355 1.376835
0.061731 1.376476
0.058804 1.399781
0.054757 1.355401
0.052899 1.410953
0.045767 1.187495
0.054576 1.275121
0.061593 1.565295
0.050128 1.386250
0.054064 1.551323
0.051653 1.593055
0.056664 1.638867
0.065359 1.642837
0.048076 1.500190
0.048630 1.488120
0.044414 1.363002
0.032022 1.185372
0.034971 1.161353
0.029813 0.993928
0.035553 1.253623
0.034275 1.115363
0.035045 1.262123
0.035222 1.374121
0.039972 2.037791
0.047031 1.817872
0.043966 1.707286
0.045619 1.799112
0.048834 1.804940
0.060610 1.987224
0.060243 1.956413
0.061865 2.075832
0.062593 2.068452
0.065943 2.265097
0.060760 2.231900
0.048689 1.961924
0.043469 1.872920
0.051983 2.112356
0.044136 2.136123
0.021643 1.637844
0.039229 2.012577
0.022080 1.512029
0.029705 1.752771
0.026403 1.716889
0.031062 1.849448
0.031441 1.805962
0.037970 1.952409
0.035506 1.880232
0.038656 1.910304
0.046055 1.923264
0.034159 1.583699
0.043034 1.787191
0.040420 1.767052
0.044003 1.810730
0.038731 1.657197
0.040927 1.652815
0.041065 1.453779
0.047300 1.486871
0.032870 1.088043
0.039003 1.143156
0.054030 1.266847
0.048022 1.147616
0.059936 1.367201
0.054792 1.181455
0.054697 1.242486
0.060054 1.393084
0.060257 1.275655
0.061985 1.324715
0.063207 1.367966
0.062887 1.345955
0.050632 0.985351
0.050939 1.182224
0.056843 1.306657
0.054397 1.309120
0.055391 1.675911
0.049935 1.893436
0.061057 2.370865
0.053263 1.884430
0.048381 1.393576
0.043315 1.190680
0.043047 1.262553
0.048054 1.424914
0.060508 1.654791
0.043329 1.172557
0.050472 1.365588
0.050892 1.548772
0.050802 1.737088
0.054019 1.754237
0.057373 2.163192
0.046229 2.277460
0.037640 2.179283
0.050739 2.541498
0.034853 2.344880
0.051987 2.088926
0.049511 1.947839
0.054177 1.919499
0.043690 1.997926
0.031736 1.982172
0.029373 1.854442
0.015875 1.717427
0.021518 1.620354
0.017540 1.489086
0.025486 1.508658
0.035976 1.313317
0.009309 1.098359
0.034778 1.378049
0.005244 2.031597
0.019662 0.985150
0.031808 1.296578
0.024862 1.422897
0.016624 1.245297
0.022057 1.251857
0.016909 1.198827
0.014815 0.971212
0.011469 0.888048
0.017007 0.653861
0.011489 0.698186
0.008419 0.441145
0.016955 0.337828
0.019438 0.635779
0.021018 0.390515
0.019333 0.207018
0.021080 0.289124
0.015010 0.233976
0.026999 0.406128
0.029741 0.502986
0.024263 0.388782
0.027451 0.509654
0.028600 0.367078
0.036970 0.418341
0.047758 0.609498
0.051808 0.697035
0.030490 0.409572
0.047858 0.952549
0.046172 1.348604
0.054571 1.118658
0.029826 0.577057
0.025188 0.527473
0.023123 0.563908
0.007260 0.736179
0.022661 0.519933
0.021917 0.331795
0.017851 0.307169
0.028196 0.588818
0.034115 0.687182
0.036000 1.338722
0.029977 0.699670
0.033180 0.847935
0.029508 0.732740
0.027124 0.709249
0.029013 0.820481
0.023854 0.682458
0.028311 0.829981
0.023532 0.663072
0.028803 0.798500
0.042503 1.370031
0.036208 1.097486
0.035599 1.023976
0.027357 0.838242
0.022494 0.646267
0.027589 0.808323
0.026088 0.739259
0.020561 0.603545
0.021529 0.642577
0.014695 0.649225
0.012708 0.466085
0.005701 0.679152
0.017389 1.052096
0.015817 0.836268
0.018838 0.852240
0.033511 1.353866
0.026745 0.861444
0.025686 0.822340
0.030662 1.178509
0.026940 1.036086
0.029626 1.378876
0.029777 1.126663
0.029571 1.050508
0.028073 0.951327
0.029794 1.008199
0.024849 0.835573
0.026038 1.032563
0.033929 1.352149
0.036909 1.605137
0.038042 1.688836
0.027311 1.401314
0.034946 1.754333
0.016483 1.402958
0.028917 2.019950
0.037928 2.140421
0.035473 2.026074
0.034251 2.023826
0.032028 1.821147
0.036251 1.961532
0.035748 1.981921
0.038130 1.972513
0.028637 1.632081
0.031069 1.775959
0.024853 1.532913
0.037274 1.933383
0.038804 1.930276
0.034994 1.788388
0.032928 1.910424
0.029510 1.683566
0.028411 1.616342
0.037953 2.001512
0.027562 1.514654
0.020213 1.451980
0.029968 1.170160
0.031619 1.800199
0.036872 1.802541
0.028800 1.699331
0.040805 1.886967
0.050650 2.272568
0.027186 1.423442
0.020187 1.496694
0.038705 1.697428
0.034298 1.359280
0.030327 1.240275
0.036840 1.648693
0.055236 2.140385
0.035269 1.607529
0.028065 1.440751
0.038823 1.716587
0.027758 1.216660
0.033007 1.436532
0.022957 1.417733
0.037072 1.701234
0.037668 1.527777
0.040294 1.363447
0.044278 1.643589
0.042456 1.627302
0.042817 1.739352
0.047880 1.729370
0.041026 1.503713
0.059670 2.160954
0.042604 1.585906
0.037674 1.511926
0.036848 1.520902
0.046742 1.766738
0.042175 1.734043
0.042552 1.686546
0.047257 1.885870
0.040606 1.630604
0.034829 1.262454
0.066622 2.324689
0.059863 2.069537
0.051041 1.524426
0.044681 1.139693
0.064160 1.855607
0.051792 1.009312
0.049463 1.614431
0.041803 1.191613
0.052001 0.943887
0.048672 1.080238
0.045423 0.808785
0.045182 0.793337
0.038878 0.624194
0.034070 0.915165
0.035066 0.568913
0.038108 0.670902
0.032717 0.632089
0.047034 0.977381
0.048549 1.063005
0.033608 0.548994
0.040750 0.892148
0.038302 0.972854
0.048371 1.126092
0.041259 0.899907
0.025075 0.511982
0.026215 0.500416
0.021319 0.404595
0.023954 0.583187
0.021962 0.536517
0.027194 1.017242
0.016846 0.753525
0.004783 0.489191
0.017770 0.637895
0.010418 0.614242
0.018038 0.628961
0.016306 0.614653
0.012949 0.532686
0.016766 0.602603
0.020970 0.788707
0.016550 0.672790
0.029122 0.822606
0.022220 0.638772
0.021214 0.832413
0.015689 0.826636
0.028561 0.923925
0.028028 0.842959
0.028530 0.899867
0.027107 0.915554
0.040047 1.148067
0.041111 1.010126
0.037749 1.000703
0.024621 0.883624
0.024048 0.724308
0.038186 0.863478
0.033076 0.787798
0.024937 0.780523
0.040145 0.955086
0.039076 0.816371
0.043060 0.892732
0.043064 0.955681
0.051415 1.115048
0.059542 1.181845
0.061718 1.319864
0.060237 1.307801
0.068618 1.585061
0.067072 1.603459
0.079826 1.872961
0.069380 1.626855
0.062876 1.497095
0.068224 1.674569
0.048393 1.284956
0.045591 1.230681
0.067652 1.732655
0.066155 1.649595
0.066707 1.764584
0.077214 1.923860
0.071594 1.757753
0.073264 1.832853
0.075867 1.892949
0.075489 1.860803
0.063320 1.633522
0.050585 1.459215
0.083194 2.219048
0.066061 1.758890
0.071522 1.918725
0.070998 1.832892
0.080945 2.084896
0.080440 2.079992
0.076903 2.014670
0.088573 2.283909
0.082270 2.121526
0.086933 2.233855
0.073406 1.931398
0.080119 2.043819
0.078774 2.044814
0.051429 1.454281
0.068616 1.903406
0.050712 1.533038
0.064532 1.737188
0.062247 1.655737
0.078957 1.983826
0.073130 1.896627
0.070274 1.893016
0.057554 1.596985
0.065141 1.804547
0.059996 1.777564
0.057562 1.638113
0.063592 1.770879
0.069945 1.885076
0.059548 1.655613
0.040014 1.193346
0.052902 1.424793
0.049563 1.426718
0.043145 1.302376
0.040299 1.435979
0.050392 1.620994
0.042845 1.440912
0.036912 1.395801
0.039542 1.250118
0.038485 1.188576
0.043191 1.393496
0.041129 1.258688
0.037676 1.233343
0.037768 1.300939
0.039056 1.302008
0.035099 1.221814
0.040763 1.333193
0.042196 1.250391
0.035581 1.157159
0.032638 1.017243
0.038901 1.119017
0.025394 0.858751
0.029018 0.761899
0.027092 0.856501
0.029404 0.971124
0.026380 0.918114
0.025876 0.853647
0.029188 0.905520
0.024955 0.986733
0.021824 0.820633
0.023846 0.765219
0.027918 0.949395
0.020596 0.815463
0.020680 0.844705
0.025171 0.952085
0.021161 0.824488
0.020532 0.910326
0.026072 0.999728
0.023232 0.869019
0.020458 0.822815
0.023158 0.943979
0.024539 0.973401
0.017017 0.758533
0.024664 0.907283
0.023167 0.784408
0.026456 0.819945
0.028660 0.899716
0.021592 0.863915
0.025390 0.932492
0.025967 0.976163
0.031583 1.091486
0.035805 1.046958
0.031968 0.980086
0.031717 0.910256
0.037955 1.089238
0.034826 1.003760
0.034452 0.989500
0.036777 0.882259
0.039333 1.051066
0.038797 0.989665
0.045044 0.982688
0.041825 0.945603
0.045472 0.995120
0.049135 1.134067
0.049255 1.246677
0.053892 1.307013
0.053433 1.261454
0.056866 1.326341
0.061284 1.325075
0.061938 1.301018
0.062662 1.242318
0.061262 1.306423
0.060673 1.278529
0.064092 1.302277
0.057662 1.223409
0.062633 1.349935
0.058387 1.209722
0.057732 1.241490
0.063372 1.324582
0.060011 1.211617
0.066667 1.406351
0.059299 1.228479
0.064514 1.393061
0.058979 1.343677
0.057170 1.358911
0.059390 1.396734
0.061305 1.349150
