0.004256 0.423929
0.003913 0.468182
0.004038 0.611808
0.002737 0.489326
0.004323 0.441783
0.004327 0.447312
0.004604 0.557400
0.004631 0.599231
0.005692 0.666624
0.006947 0.613932
0.008202 0.487549
0.006249 0.608515
0.007234 0.619601
0.007726 0.679469
0.007868 0.578787
0.008038 0.538069
0.006303 0.684628
0.007875 0.718852
0.007206 0.832955
0.008711 0.985617
0.007220 0.917938
0.008153 1.034871
0.006970 0.983349
0.005436 0.771540
0.004920 0.774903
0.003652 0.590974
0.004623 0.514416
0.004671 0.501078
0.004407 0.511245
0.005082 0.560969
0.005903 0.571545
0.005874 0.570444
0.004275 0.397135
0.006175 0.417121
0.007478 0.352403
0.006809 0.381035
0.006553 0.375071
0.008257 0.385133
0.010049 0.662198
0.008890 0.532248
0.008123 0.453481
0.008129 0.314465
0.010081 0.616246
0.006836 0.385766
0.006858 0.385917
0.005194 0.251056
0.005606 0.333188
0.005179 0.192644
0.005775 0.282677
0.004850 0.171165
0.007559 0.448078
0.004533 0.221284
0.004245 0.312260
0.005372 0.460873
0.004417 0.457474
0.009061 1.027416
0.004242 0.553141
0.004794 0.533660
0.003323 0.125839
0.003525 0.345031
0.005141 0.242230
0.003147 0.273040
0.004836 0.107794
0.006633 0.481121
0.004780 0.396881
0.005062 0.498867
0.010206 0.596733
0.007057 0.400800
0.005638 0.363218
0.010035 0.348347
0.004919 0.518358
0.012620 0.626438
0.012321 0.598904
0.012877 0.663662
0.015089 0.659490
0.014703 0.668059
0.010344 0.425173
0.010988 0.473459
0.012319 0.469765
0.007849 0.554863
0.007114 0.909954
0.005691 1.671826
0.004993 0.524431
0.004654 0.960389
0.015603 0.571737
0.022972 0.837856
0.022936 0.980008
0.015382 0.463835
0.021528 0.555536
0.015069 0.448910
0.008376 1.012528
0.014949 0.525299
0.011933 0.599652
0.010236 0.811489
0.016541 0.374543
0.019950 0.541789
0.016348 0.557357
0.019741 0.624361
0.022363 0.849214
0.018481 0.924030
0.021565 1.032862
0.020203 0.613165
0.025386 1.081580
0.019857 0.633412
0.024321 0.923505
0.024506 1.057054
0.024381 0.944078
0.023630 0.904950
0.020456 0.721466
0.023120 1.056921
0.020175 0.744018
0.024831 1.065959
0.022849 0.885059
0.022988 0.877361
0.021605 0.595922
0.021869 0.865382
0.018265 0.529880
0.025172 1.204240
0.017445 0.458385
0.015674 0.572257
0.017219 0.570805
0.019142 0.711124
0.020502 0.799389
0.016438 0.667779
0.017352 0.757822
0.018132 0.812220
0.016923 0.717315
0.016756 0.670677
0.016760 0.774758
0.014928 0.715951
0.017425 0.813149
0.017020 0.755269
0.018543 0.821414
0.014742 0.791325
0.014912 0.806897
0.013032 0.754464
0.013202 0.787297
0.008928 0.850283
0.009029 0.837616
0.015619 0.603565
0.012909 0.613380
0.014422 1.424763
0.009934 0.721833
0.008105 0.841840
0.007241 0.876132
0.006951 0.921655
0.006755 0.914802
0.006821 0.919590
0.006286 0.983582
0.006703 0.972441
0.013461 0.789859
0.017301 0.990097
0.019382 1.133584
0.013662 1.135789
0.015968 1.194526
0.018861 1.262166
0.021520 1.452706
0.029359 1.491484
0.020612 1.516408
0.018554 1.282344
0.026833 1.708451
0.034869 1.361202
0.023408 1.466243
0.024260 1.540986
0.025058 1.471338
0.025311 1.461438
0.021620 1.018085
0.021979 1.091938
0.019560 1.045337
0.022789 1.172526
0.021085 1.150719
0.013333 0.931754
0.012839 0.966827
0.009630 0.895974
0.009438 0.761181
0.013632 0.906021
0.014399 0.951198
0.019423 0.985871
0.017717 0.891461
0.028394 0.950081
0.020389 1.174026
0.013393 0.914437
0.015002 0.940108
0.014790 0.934718
0.015169 0.870764
0.014994 0.864423
0.017823 0.855356
0.014802 0.718177
0.011035 0.597942
0.009416 0.540767
0.007866 0.522292
0.006147 0.399774
0.011353 0.346586
0.013146 0.183579
0.011415 0.159455
0.017040 0.424712
0.017163 0.442062
0.016530 0.426376
0.014836 0.462346
0.014350 0.497257
0.013461 0.576944
0.013158 0.572287
0.012966 0.482123
0.013147 0.572551
0.010773 0.335995
0.008869 0.361719
0.009133 0.309266
0.009929 0.284787
0.008578 0.176475
0.008826 0.138125
0.007364 0.534796
0.007740 0.099917
0.006973 0.119162
0.007450 0.133144
0.007870 0.181715
0.008385 0.203366
0.008737 0.358035
0.009746 0.519751
0.012531 1.478968
0.012351 0.661423
0.011937 0.623060
0.009756 0.505469
0.009657 0.454763
0.009589 0.486152
0.010117 0.810477
0.009474 0.493958
0.009802 0.452700
0.010206 0.512284
0.011221 0.582643
0.010669 0.481710
0.011419 0.499231
0.011024 0.455900
0.010881 0.550767
0.011928 0.657007
0.010451 0.483067
0.011726 0.588631
0.012541 0.728654
0.012821 1.082168
0.013347 0.730192
0.013975 0.728796
0.012338 0.543312
0.011211 0.550695
0.011108 0.574012
0.008599 0.367771
0.009570 0.448950
0.009113 0.422416
0.008359 0.388138
0.008481 0.368466
0.008246 0.396229
0.009951 0.401468
0.008205 0.350994
0.007378 0.413052
0.007748 0.398897
0.010346 0.604303
0.010384 0.564799
0.008710 0.496409
0.008884 0.515447
0.008283 0.540130
0.018403 1.097547
0.010643 0.416057
0.011031 0.460291
0.006321 0.474555
0.004137 0.600319
0.004036 0.584181
0.004706 0.580832
0.005374 0.633643
0.005946 0.479910
0.005511 0.518308
0.003909 0.526151
0.004221 0.417434
0.006769 0.644768
0.009109 2.312819
0.004248 0.567063
0.005919 0.454681
0.004642 0.708006
0.002887 0.542440
0.011155 1.868878
0.004118 0.372933
0.003013 0.388250
0.004084 0.528226
0.016773 1.495039
0.007063 0.711912
0.007751 0.710040
0.008496 0.668907
0.011750 0.789241
0.012836 0.813363
0.011456 0.753068
0.011646 0.809852
0.008002 0.704040
0.010273 0.922029
0.012470 0.998864
0.015591 1.143448
0.015334 1.114207
0.017573 1.114773
0.015833 1.008418
0.017406 1.051215
0.017470 1.058849
0.016387 0.864761
0.016718 0.869371
0.016640 0.818602
0.016250 0.869768
0.015892 0.829585
0.016220 0.828438
0.014956 0.732977
0.015613 0.837566
0.022794 1.596606
0.015415 0.852495
0.016712 0.917648
0.016677 0.913176
0.016444 0.858085
0.024665 1.687599
0.017360 0.875771
0.016534 0.892474
0.014668 0.823524
0.016299 0.965806
0.014155 0.804853
0.014592 0.821551
0.015544 0.891164
0.014210 0.756342
0.013564 0.731942
0.012208 0.609430
0.012415 0.704852
0.011979 0.792697
0.011690 0.794919
0.009886 0.734090
0.010261 0.677031
0.008714 0.615080
0.010296 0.697656
0.010668 0.818828
0.008060 0.494058
0.003955 0.300599
0.008585 0.625165
0.006329 0.491271
0.005127 0.439759
0.007854 0.654667
0.010474 0.833052
0.008242 0.689002
0.007609 0.639844
0.006466 0.642071
0.005286 0.531973
0.005829 0.572790
0.005366 0.525860
0.005739 0.515119
0.004649 0.493255
0.005057 0.510242
0.003811 0.483767
0.004880 0.585335
0.005076 0.553302
0.006343 0.612359
0.006382 0.623164
0.007182 0.641675
0.005790 0.622751
0.005371 0.673901
0.011388 0.463111
0.005907 0.677133
0.006102 0.725551
0.005520 0.699486
0.004059 0.559908
0.004478 0.499678
0.004696 0.469780
0.005116 0.409740
0.003966 0.438988
0.004572 0.380670
0.004354 0.540421
0.004180 0.706651
0.005247 0.478024
0.008574 0.297149
0.008010 0.486248
0.008695 0.485775
0.007001 0.351987
0.006332 0.424633
0.006601 0.390622
0.003491 0.653646
0.003751 0.614552
0.005931 0.472938
0.004544 0.457861
0.005740 0.443058
0.004641 0.456473
0.007028 0.309332
0.009221 0.078549
0.008437 0.273404
0.004799 0.537279
0.004465 0.533303
0.005980 0.436318
0.005414 0.310758
0.005712 0.312903
0.008142 0.084863
0.006781 0.048385
0.009391 0.136012
0.009807 0.231715
0.009001 0.208380
0.009228 0.197379
0.008270 0.081517
0.007063 0.090057
0.007257 0.127696
0.005784 0.153858
0.008622 0.245604
0.014675 0.635433
0.012120 0.536924
0.011823 0.392347
0.019955 1.193981
0.011988 0.527989
0.011890 0.513456
0.013729 0.552235
0.009899 0.350223
0.005561 0.282346
0.005999 0.343720
0.006480 0.275021
0.004342 0.404178
0.007091 0.453082
0.006646 0.302062
0.009564 1.270630
0.009034 0.438310
0.007846 0.326504
0.006929 0.359771
0.008919 0.531122
0.007302 0.370598
0.006754 0.398963
0.007468 0.400840
0.008933 0.455466
0.006935 0.386982
0.008799 0.430994
0.007078 0.287785
0.005614 0.268343
0.007067 0.398288
0.005722 0.263452
0.005240 0.253556
0.007061 0.337011
0.005924 0.266030
0.006061 0.189535
0.004703 0.153209
0.006051 0.160186
0.006829 0.309911
0.006594 0.311699
0.007160 0.301548
0.006255 0.192769
0.005727 0.240163
0.005262 0.303347
0.004013 0.221469
0.005010 0.327030
0.005648 0.387058
0.005623 0.370672
0.004720 0.403091
0.004932 0.331870
0.005350 0.295615
0.003584 0.268434
0.002710 0.193057
0.005121 0.206887
0.005009 0.322707
0.004820 0.283454
0.004766 0.354986
0.004081 0.398027
0.011841 0.775620
0.004996 0.382962
0.003637 0.358945
0.005720 0.445620
0.005432 0.426303
0.005495 0.440902
0.005261 0.412659
0.005172 0.431724
0.006017 0.451239
0.005939 0.440213
0.004127 0.232857
0.006871 0.300847
0.011275 0.378950
0.008690 0.278436
0.008668 0.300716
0.006073 0.399282
0.005110 0.380122
0.005637 0.312490
0.008988 0.227868
0.009709 0.254756
0.010684 0.273029
0.009162 0.226396
0.008215 0.274041
0.009682 0.333408
0.007284 0.273274
0.013332 0.456233
0.012511 0.439846
0.008760 0.400545
0.016169 0.544257
0.008614 0.457504
0.009218 0.453986
0.013961 0.563554
0.013617 0.583225
0.011233 0.533786
0.011150 0.518243
0.013800 0.602376
0.016152 0.644163
0.016593 0.725128
0.020851 0.906249
0.016845 0.960997
0.023278 1.101143
0.023074 1.180387
0.021361 1.163860
0.028960 1.409429
0.027991 1.398792
0.027139 1.531400
0.020804 1.515382
0.026275 1.465370
0.025719 1.431057
0.026895 1.513179
0.022457 1.242205
0.023214 1.408588
0.021392 1.392297
0.024917 1.581183
0.019783 1.270915
0.020655 1.222774
0.018067 1.015129
0.017143 1.064226
0.022241 1.126659
0.018785 0.770943
0.018037 0.868948
0.017950 0.916111
0.016802 0.851790
0.019346 1.000624
0.028841 1.530528
0.030415 1.507029
0.033413 1.751483
0.032243 1.669722
0.030546 1.643309
0.027089 1.570502
0.024440 1.426294
0.026023 1.442480
0.024371 1.277472
0.023707 1.267650
0.020236 1.033849
0.019544 1.004070
0.018670 0.931867
0.016389 0.934073
0.016029 0.916662
0.025402 1.434549
0.026335 1.343757
0.017869 0.945745
0.017991 0.896006
0.016069 0.669599
0.016437 0.705135
0.014852 0.668732
0.014343 0.660752
0.012011 0.650157
0.013806 0.723959
0.017410 0.822883
0.015273 0.780303
0.016815 1.017224
0.018215 1.100317
0.019348 1.183998
0.013205 0.886086
0.014496 0.940930
0.017545 1.285363
0.020410 1.505580
0.018019 1.312168
0.017056 1.255895
0.018016 1.260131
0.017733 1.212266
0.017057 1.226833
0.017912 1.300368
0.016366 1.162456
0.017260 1.231850
0.018866 0.974653
0.016050 1.147539
0.015234 1.087457
0.017785 1.267073
0.017544 1.274348
0.017117 1.199943
0.017466 1.266770
0.018249 1.310161
0.019172 1.374568
0.017903 1.293920
0.017889 1.258182
0.015252 1.125958
0.015886 1.156399
0.015027 1.122468
0.015151 1.152606
0.014061 1.093269
0.012580 1.017155
0.013304 1.091957
0.013489 1.094379
0.010576 0.916938
0.010500 0.873090
0.012573 1.025289
0.020128 1.507023
0.016426 1.337390
0.019696 1.574396
0.016877 1.341106
0.020097 1.603747
0.018616 1.492617
0.019371 1.562589
0.020589 1.610873
0.011359 1.149118
0.015742 1.375801
0.010949 1.194473
0.012325 1.204337
0.012270 1.254768
0.013273 1.203163
0.012364 1.112295
0.008962 0.986797
0.015571 1.101316
0.018760 1.187053
0.013185 0.891758
0.016977 1.194136
0.027702 1.768278
0.032959 1.980556
0.022566 1.508793
0.028312 1.970344
0.023032 1.652530
0.027858 1.958401
0.025752 1.819505
0.024963 2.016435
0.078979 4.316668
0.045442 2.806500
0.041388 2.699634
0.053840 3.142930
0.060263 3.442997
0.052577 3.039189
0.053220 2.999481
0.073785 3.709594
0.065136 3.274781
0.037189 2.239616
0.035626 2.219790
0.030442 2.112367
0.063302 3.178529
0.045175 2.587162
0.055061 2.809443
0.063388 3.102939
0.092417 4.185930
0.077338 3.457357
0.040271 2.238099
0.050501 2.577345
0.065391 3.014768
0.083545 3.473130
0.063593 2.674471
0.070714 2.803569
0.066494 2.429492
0.021564 0.868731
0.033619 1.245763
0.019230 0.773631
0.096007 3.596840
0.057001 2.240587
0.062120 2.582292
0.009933 0.348147
0.065021 2.574643
0.029358 1.206026
0.012954 0.505091
0.024965 1.045259
0.026198 0.906081
0.017882 0.743692
0.019211 0.603609
0.014922 0.595439
0.019413 0.405337
0.030781 1.307864
0.023679 1.017348
0.021253 1.032917
0.015576 0.513314
0.019184 0.566433
0.024210 1.200025
0.022896 0.714128
0.014544 0.577287
0.017797 0.328347
0.033712 1.007827
0.016889 0.974467
0.012680 0.670324
0.034235 1.030865
0.018181 0.495976
0.021543 0.414394
0.009813 0.558990
0.007125 0.190557
0.033240 0.939942
0.025530 0.631518
0.028696 0.695380
0.024150 0.760561
0.022895 0.481428
0.016984 0.406837
0.021391 0.416738
0.012516 0.182213
0.017251 0.893694
0.015534 0.558764
0.008734 0.581333
0.008417 0.985879
0.005691 0.739009
0.007044 1.072586
0.011683 0.601725
0.005093 0.776778
0.007799 1.063970
0.011477 0.870468
0.010427 0.596731
0.004848 0.901920
0.009252 0.726998
0.003152 0.870866
0.013518 0.668568
0.002678 0.773311
0.008800 0.541663
0.007151 0.511620
0.005511 0.411863
0.005979 0.415954
0.006849 0.687114
0.004834 0.491089
0.003207 0.458802
0.008704 0.734568
0.015266 0.918377
0.005476 0.585147
0.008812 0.607771
0.007904 0.668363
0.009711 0.846857
0.009306 0.867443
0.009296 0.836464
0.011959 1.043783
0.011118 0.983095
0.008274 1.179113
0.009897 0.855822
0.006601 0.673780
0.007114 0.657155
0.005693 0.588997
0.003478 0.467694
0.004945 0.535003
0.005653 0.518588
0.005465 0.479787
0.004149 0.348700
0.004980 0.333592
0.004701 0.266990
0.005354 0.283591
0.004573 0.257733
0.003268 0.120451
0.002963 0.097792
0.004025 0.064887
0.003967 0.166061
0.004665 0.152399
0.003351 0.362335
0.004306 0.327926
0.004013 0.261868
0.006469 0.349106
0.004679 0.276722
0.005855 0.382929
0.007479 0.488004
0.009274 0.633080
0.012378 0.851040
0.012150 0.829944
0.012072 0.844457
0.010770 0.753807
0.008249 0.531349
0.009631 0.677295
0.012083 0.772562
0.010931 0.573220
0.008209 0.385966
0.007427 0.387319
0.007336 0.389013
0.007376 0.288863
0.007859 0.313326
0.004559 0.207792
0.006377 0.378471
0.006307 0.313564
0.006134 0.316569
0.007224 0.354099
0.007276 0.341323
0.007325 0.334550
0.007478 0.392074
0.007647 0.347427
0.008911 0.401250
0.008397 0.305310
0.007829 0.352790
0.008031 0.430825
0.009307 0.402694
0.008690 0.321278
0.008342 0.270861
0.008694 0.405069
0.010224 0.468720
0.009821 0.320186
0.009136 0.296498
0.009930 0.406100
0.008614 0.392876
0.008421 0.384125
0.008625 0.434715
0.009343 0.663250
0.010206 0.750903
0.011271 0.837132
0.008705 0.675808
0.008716 0.533344
0.009397 0.719548
0.009239 0.737456
0.008251 0.439219
0.008334 0.476005
0.007256 0.244154
0.006351 0.545184
0.007034 0.582798
0.008793 0.384918
0.010437 0.559681
0.014838 1.834007
0.008230 0.448074
0.007519 0.669225
0.007584 0.509019
0.007944 0.558564
0.007254 0.766170
0.006864 0.942203
0.006795 0.875968
0.007557 1.031616
0.007574 0.895582
0.012370 1.905232
0.007578 1.161501
0.015523 1.331985
0.014669 1.190196
0.015914 1.121739
0.012199 1.115696
0.013528 1.386600
0.014790 1.331889
0.014926 1.392262
0.013218 1.151555
0.015907 1.153583
0.016973 0.959037
0.010424 1.144794
0.016875 1.048757
0.016607 1.137803
0.014332 1.242201
0.015299 1.125963
0.012587 0.907339
0.016223 1.694327
0.013268 0.937017
0.013017 0.892642
0.011289 1.073715
0.017090 1.592271
0.012014 0.767517
0.012126 0.928725
0.013831 1.036873
0.014131 0.966558
0.013101 0.898427
0.017149 1.343591
0.017826 1.175645
0.017388 1.469598
0.019259 1.610873
0.018707 1.571967
0.017326 1.184023
0.018916 1.152925
0.018452 1.095580
0.018388 1.098867
0.016720 1.160691
0.012899 0.874994
0.013296 0.924021
0.013316 0.733720
0.014867 0.786872
0.016804 0.988485
0.014254 0.666667
0.009758 0.405604
0.013092 0.777935
0.014281 0.464361
0.013715 0.312783
0.014216 0.372650
0.013960 0.447336
0.015029 0.489172
0.015037 0.482753
0.015232 0.747239
0.014366 0.673752
0.013993 0.597469
0.010602 0.487821
0.010510 0.644426
0.011652 0.921412
0.011222 0.885034
0.008626 0.501771
0.007474 0.798385
0.012956 0.903981
0.008254 0.999007
0.011657 1.158162
0.010865 0.904601
0.011091 1.206750
0.007613 0.813936
0.008793 0.548601
0.008702 0.665108
0.006586 0.741068
0.015572 1.151963
0.009202 0.992405
0.009985 0.807600
0.011907 0.890336
0.012328 0.955575
0.011890 0.899506
0.012786 1.026929
0.011667 0.869047
0.010230 0.675276
0.011417 1.014325
0.010994 0.992620
0.012207 1.000342
0.011273 0.732790
0.011848 0.860402
0.011734 0.832990
0.009795 0.653148
0.007263 0.539313
0.008660 0.594739
0.008602 0.573722
0.009962 0.588203
0.009312 0.478527
0.009769 0.595721
0.015578 0.449417
0.009764 0.310894
0.009077 0.309490
0.009685 0.381131
0.008821 0.387332
0.013444 0.627866
0.013429 0.616337
0.017449 0.683679
0.013432 0.357940
0.013223 0.556042
0.014572 0.716987
0.010448 0.478801
0.010973 0.588532
0.010929 0.917947
0.009541 0.833917
0.011022 0.899203
0.012802 1.045573
0.011281 0.861778
0.010968 0.674577
0.011104 0.637183
0.012010 0.764039
0.012003 0.935335
0.012252 1.073831
0.011361 0.910230
0.007067 0.422577
0.010703 0.776695
0.009199 0.709902
0.012659 0.798725
0.010309 0.775544
0.009808 0.860134
0.009991 1.014443
0.009629 0.934645
0.009232 0.971041
0.010077 0.912345
0.010386 0.983862
0.009506 0.940209
0.010288 0.979387
0.010405 1.004174
0.011415 1.030698
0.010167 1.017226
0.009804 0.979871
0.010807 1.117752
0.013693 1.395391
0.010116 0.959565
0.010789 0.999262
0.011809 1.136139
0.014603 1.377835
0.020747 1.378464
0.014520 1.395393
0.012641 1.210598
0.014641 1.444516
0.014479 1.324250
0.014707 1.341918
0.016976 1.509672
0.019564 1.738634
0.015778 1.382661
0.017111 1.515683
0.012346 0.998515
0.012030 1.133044
0.014046 1.202865
0.014199 1.265751
0.015163 1.290663
0.014330 1.185436
0.012956 1.079248
0.013939 1.262498
0.012507 1.014258
0.013342 1.132993
0.010571 0.865508
0.010610 0.855550
0.013443 1.017810
0.013442 0.967651
0.011591 0.896487
0.011800 1.005407
0.012555 0.821835
0.013677 0.656691
0.010750 0.568854
0.010624 0.704884
0.013541 0.524915
0.015631 0.718777
0.015005 0.472281
0.013399 0.609652
0.012942 0.483528
0.012638 0.671319
0.013389 0.753336
0.012122 0.527764
0.008262 0.534578
0.010794 0.274949
0.016358 0.613366
0.016844 0.537402
0.015645 0.527611
0.015161 0.365616
0.014210 0.567046
0.010405 0.320197
0.012291 0.461961
0.011347 0.402573
0.012815 0.769182
0.012272 0.788575
0.010991 0.931145
0.008873 1.232215
0.013085 1.600319
0.018803 1.279096
0.016795 1.109204
0.012710 1.095739
0.014421 1.099897
0.011888 0.843883
0.012162 1.192782
0.012326 1.466325
0.015267 1.221287
0.016959 1.048513
0.015542 0.994359
0.008748 0.574026
0.011509 0.710526
0.013191 0.768647
