0.660007	10.719510
0.641434	11.502709
0.703553	11.714509
0.657138	12.251214
0.628359	11.079457
0.630322	11.628658
0.638865	12.854239
0.601806	11.176812
0.637356	11.795615
0.632425	11.609630
0.621260	12.602344
0.588263	11.479034
0.587312	12.286625
0.587990	11.661918
0.594013	11.358541
0.573917	11.465297
0.589640	13.388902
0.569391	13.069180
0.560754	11.063244
0.545516	12.513537
0.532208	12.222954
0.550896	11.996840
0.539889	10.892944
0.533965	11.633512
0.538756	17.517481
0.533161	13.263342
0.542073	14.173907
0.562013	14.139431
0.557538	13.072480
0.559619	11.568227
0.547064	11.016522
0.520801	10.790060
0.513360	12.287454
0.513777	11.424540
0.511114	12.564574
0.512701	9.988443
0.508988	10.806755
0.497042	9.368581
0.485632	7.115859
0.480624	11.463861
0.474348	13.174628
0.465539	11.488045
0.439108	10.621668
0.423716	10.592923
0.433649	10.847155
0.415473	9.466842
0.417718	9.827089
0.418284	8.181490
0.404898	7.528840
0.407867	7.070147
0.411393	6.997102
0.394818	6.793111
0.362448	5.992871
0.381261	6.728358
0.377542	7.337915
0.364496	7.176356
0.357435	6.242719
0.368993	5.596966
0.369250	5.646411
0.385486	5.396256
0.376397	5.717244
0.386489	6.811646
0.365869	6.188040
0.347924	4.758971
0.368920	6.703754
0.348067	5.542421
0.372683	7.330441
0.352799	6.607980
0.352964	6.016605
0.331292	5.437020
0.328220	6.049053
0.305261	5.381291
0.310536	5.338490
0.289404	5.085672
0.284766	5.085826
0.279921	5.616657
0.246028	4.861027
0.248710	5.310403
0.229910	5.600183
0.226716	5.527143
0.244437	6.592556
0.213445	5.824435
0.214473	6.921479
0.200256	7.793032
0.172995	8.824572
0.177597	9.011348
0.171165	9.265730
0.146253	9.468247
0.140962	9.922399
0.137017	9.588642
0.149620	8.646912
0.167162	8.016389
0.159989	8.666911
0.137454	7.953310
0.128629	7.165215
0.124182	8.484110
0.113169	8.245391
0.111355	8.958767
0.100731	9.284906
0.095861	8.459050
0.075658	8.523447
0.066565	8.480230
0.080047	8.789165
0.081642	9.456573
0.077809	9.232946
0.079100	10.656661
0.058467	8.241495
0.052820	9.111217
0.047636	9.192208
0.058296	8.763099
0.048483	7.843127
0.038044	8.216363
0.056490	5.661230
0.043905	7.184318
0.043729	7.152963
0.039056	6.569709
0.056721	6.627270
0.048211	6.464326
0.041621	6.303139
0.052870	7.316858
0.057490	7.357635
0.048589	7.754340
0.043013	7.231693
0.042563	7.292305
0.040025	5.748250
0.020965	6.667794
0.020005	6.454749
0.010519	7.034053
0.040973	5.279202
0.050771	6.536607
0.035325	5.165864
0.025304	5.865562
0.012137	5.934970
0.026033	7.739173
0.027190	7.051733
0.041057	7.037393
0.036540	9.616225
0.043476	6.776258
0.045376	9.189480
0.067810	6.608810
0.059962	7.193143
0.059088	6.605846
0.056517	8.512135
0.061142	5.838131
0.070207	7.329051
0.073281	4.919463
0.071879	4.980201
0.069970	4.776378
0.075203	2.805817
0.070468	6.542475
0.080410	5.842154
0.071573	5.716834
0.064156	5.572009
0.058988	7.541106
0.059947	7.517179
0.072489	6.201944
0.075114	7.239271
0.077117	7.817819
0.078432	5.333941
0.093786	5.158432
0.109645	5.449534
0.116030	6.401513
0.125978	6.266632
0.126537	6.155051
0.128414	6.398086
0.099401	5.703944
0.110450	6.565178
0.095179	6.985788
0.116617	7.835033
0.110585	4.500238
0.116226	4.457238
0.116509	4.365666
0.114166	6.516449
0.104060	7.098668
0.111191	6.925664
0.134187	7.308397
0.141622	5.008106
0.127675	6.491767
0.127587	6.440782
0.117707	5.958408
0.114878	6.798872
0.122090	9.291655
0.101536	9.691470
0.094645	8.675133
0.100937	6.091108
0.108271	6.956580
0.107969	6.958156
0.079610	7.836533
0.072704	8.227510
0.072925	7.993001
0.073121	10.513903
0.071650	7.287684
0.072564	6.819116
0.080604	6.433117
0.075656	5.836120
0.071038	6.883470
0.077901	5.692952
0.076057	6.118685
0.075042	5.862090
0.073359	6.466990
0.068779	6.040634
0.073385	6.579476
0.064557	5.933255
0.070104	6.521615
0.063452	8.279996
0.066151	7.409401
0.066511	7.452404
0.063614	7.450618
0.053594	5.801806
0.050995	7.119270
0.058625	5.804100
0.053647	4.543178
0.050482	6.517050
0.053213	5.954201
0.055799	5.870366
0.055638	6.232048
0.067170	8.185606
0.058777	8.259535
0.051412	5.896451
0.050517	5.987119
0.050031	8.381552
0.048372	5.872366
0.057651	8.444592
0.069635	8.355435
0.057135	8.827500
0.057239	8.801104
0.047050	6.165855
0.049084	7.265512
0.051084	7.661357
0.047902	7.606053
0.051593	6.843305
0.051747	7.498088
0.040391	7.652252
0.038560	6.864671
0.044147	7.061944
0.035607	7.046068
0.038970	5.651539
0.039173	5.662335
0.039849	6.181963
0.038740	6.894042
0.034732	6.478847
0.036778	4.888170
0.035818	4.977212
0.050805	6.407137
0.058591	6.884152
0.041651	5.805988
0.050296	5.355769
0.050500	5.305683
0.036671	6.246732
0.054193	7.172535
0.042558	7.011080
0.042665	7.037059
0.056473	7.380805
0.058207	5.366722
0.040090	5.409444
0.040460	5.479338
0.042035	5.021688
0.039991	5.712174
0.042640	5.410457
0.044235	5.860754
0.041626	5.428516
0.029140	5.964188
0.018615	6.448437
0.019316	6.466506
0.022496	6.751365
0.034933	6.286594
0.042873	6.868321
0.058596	8.022542
0.059742	8.765602
0.047906	7.470145
0.044658	7.081436
0.044243	7.519783
0.054579	7.993196
0.040667	7.419330
0.036463	7.043510
0.047038	6.184243
0.057670	7.767360
0.051293	7.275099
0.064313	7.273054
0.060996	7.377409
0.040205	6.373191
0.040059	6.375403
0.043544	5.515656
0.066015	5.208580
0.068617	4.911977
0.068568	4.844732
0.047322	5.719161
0.042693	5.100429
0.043295	5.036478
0.049801	5.874899
0.057553	4.749255
0.057149	4.803999
0.070787	5.115298
0.070818	5.663027
0.070049	5.699000
0.066521	5.854472
0.062206	6.137469
0.067486	6.195249
0.072276	5.388852
0.073706	5.304502
0.082541	5.656802
0.075578	7.071364
0.077392	6.970975
0.088179	7.308504
0.095066	5.773530
0.093442	5.793432
0.099723	5.159343
0.086153	5.837059
0.087998	5.753423
0.102990	5.772852
0.096222	4.597479
0.095649	4.609893
0.094035	5.705180
0.093805	5.679595
0.092976	5.342595
0.093622	6.453657
0.092979	6.439323
0.100949	6.313442
0.110130	6.145757
0.110579	6.083004
0.098329	4.609554
0.113319	5.494179
0.114074	5.494891
0.115770	4.993702
0.110287	7.313860
0.120821	6.174105
0.121271	6.136065
0.116826	6.577453
0.105959	5.487761
0.106976	5.458148
0.095832	5.836656
0.081562	5.670488
0.081848	5.604236
0.087755	5.722310
0.102717	6.049830
0.102749	5.941168
0.089878	6.957592
0.096995	6.940124
0.098283	6.920347
0.094012	6.995871
0.094249	6.974905
0.090364	6.968390
0.094885	7.158545
0.095155	7.090057
0.088505	6.500808
0.090448	6.751597
0.091031	6.723351
0.093730	7.461752
0.085185	7.599563
0.084090	7.669430
0.070828	6.338448
0.074552	6.993184
0.075441	6.982985
0.077225	6.917858
0.079726	9.092882
0.079749	9.110013
0.080533	8.456086
0.087421	9.288450
0.086580	9.304885
0.083021	8.262855
0.083328	8.760953
0.083357	8.771232
0.083168	9.436333
0.082293	8.324907
0.085058	9.167798
0.085078	9.153342
0.082977	9.573839
0.087397	9.232946
0.094778	9.007348
0.095673	8.922225
0.099632	8.948179
0.105699	9.775280
0.107476	9.653555
0.108847	9.621601
0.092334	10.986311
0.099497	11.660842
0.099258	11.644222
0.097695	11.631893
0.099965	10.864844
0.097844	9.629091
0.097964	9.584719
0.103395	9.789699
0.102835	9.887192
0.106541	10.377191
0.114469	9.732137
0.117184	9.473295
0.114917	11.349979
0.114689	11.353570
0.124331	10.408488
0.119813	11.674684
0.137429	9.956068
0.130221	9.305643
0.130606	9.261585
0.132914	8.575220
0.135337	9.652500
0.152189	9.912838
0.150924	10.790351
0.150449	10.254187
0.161713	9.351168
0.161926	9.599833
0.161114	10.237817
0.167607	10.433456
0.168599	10.755863
0.168370	10.708683
0.163590	8.857537
0.162014	9.563439
0.161818	9.501129
0.162280	10.285094
0.152557	10.109634
0.158205	11.294102
0.173256	10.850550
0.177576	10.908405
0.171047	11.480810
0.164610	9.921293
0.164683	9.547038
0.164816	9.468000
0.165348	9.512751
0.175062	10.167455
0.175141	9.433675
0.189813	10.657618
0.190166	10.623734
0.181800	10.037048
0.184427	10.076013
0.178429	10.392737
0.180377	10.290883
0.189340	11.654856
0.181991	11.742852
0.182767	11.730827
0.174947	11.645569
0.187749	12.697263
0.196379	12.486999
0.188550	11.711697
0.188571	11.670116
0.189725	12.564325
0.155337	13.685672
0.160057	14.742418
0.142373	13.059753
0.141768	13.100712
0.156266	14.164438
0.136795	14.055664
0.135683	13.965275
0.131217	14.443837
0.148101	13.004201
0.148081	13.022584
0.140144	15.549516
0.132238	15.061181
0.128901	15.050703
0.124803	14.135991
0.134095	14.150249
0.121281	15.356261
0.121445	15.333291
0.124062	14.491408
0.121548	15.143615
0.126925	16.225368
0.118944	16.509474
0.115638	15.988626
0.116741	16.343571
0.117138	16.523312
0.117456	15.057742
0.119328	16.462833
0.117375	15.211059
0.118685	15.505630
0.118205	15.262424
0.122514	16.345154
0.117860	17.996273
0.119470	16.987230
0.115226	17.186674
0.116333	18.005527
0.113817	17.730600
0.123325	16.825445
0.125508	16.524405
0.121293	16.518843
0.122748	15.403222
0.124982	15.661455
0.140451	15.640237
0.144635	13.928708
0.146831	14.579683
0.154728	14.597813
0.163747	14.944986
0.166178	14.227507
0.160556	12.451465
0.189333	12.973705
0.181672	14.216142
0.188047	12.097337
0.188898	15.270138
0.189258	14.187243
0.194200	13.660711
0.186483	13.575739
0.178751	13.185459
0.180738	13.773386
0.181823	13.760736
0.181010	13.153057
0.192237	11.069407
0.195920	12.550711
0.201603	12.833719
0.199965	12.884832
0.187050	11.183964
0.188204	13.000701
0.182983	14.422958
0.182705	14.428834
0.183738	14.563581
0.180954	13.298899
0.180247	15.040687
0.190466	15.088675
0.191071	15.060192
0.179410	14.945773
0.172091	13.425120
0.175963	14.288761
0.175159	15.265354
0.176209	15.262733
0.177016	14.830159
0.185064	12.035472
0.185666	11.912492
0.203672	11.350601
0.202622	11.466186
0.196817	12.064234
0.209477	12.721207
0.232985	11.340375
0.229408	12.185043
0.230052	11.130565
0.231489	11.044806
0.238051	11.533611
0.230123	12.060269
0.236565	11.140210
0.235981	10.310361
0.251240	10.005690
0.261106	9.608725
0.243636	9.529786
0.243142	9.605380
0.252734	8.726097
0.262492	7.231259
0.264312	6.460569
0.251855	7.422181
0.269638	6.291699
0.269698	6.334616
0.253003	5.727097
0.243946	6.879601
0.244437	6.821412
0.256035	7.121689
0.277658	9.295364
0.277860	9.328182
0.268574	9.147092
0.268962	9.094346
0.264888	8.971788
0.291422	6.430195
0.291219	6.457781
0.308270	6.232677
0.308219	6.418860
0.301560	7.255372
0.283743	10.023063
0.283756	10.066364
0.302324	6.401513
0.277515	8.706053
0.277501	8.722775
0.280227	8.163757
0.270181	6.877551
0.272569	6.888360
0.253309	8.828300
0.253782	8.712440
0.248476	8.163757
0.288430	7.988098
0.288353	7.949762
0.273395	10.973674
0.273873	10.925207
0.261738	8.836461
0.265910	10.259152
0.265956	10.129538
0.268867	9.386128
0.268913	9.349576
0.281703	11.611522
0.280897	11.676631
0.296648	12.810352
0.293490	13.505577
0.293605	13.411968
0.284649	11.998343
0.289162	11.874716
0.290296	11.814013
0.281950	12.267142
0.283594	11.421246
0.284123	9.596566
0.285346	9.445546
0.309596	10.237970
0.278812	9.012914
0.279021	9.045886
0.283223	10.373112
0.304759	9.521479
0.305453	9.497829
0.301564	9.854880
0.316939	9.805535
0.316899	9.842707
0.299255	9.099687
0.299351	8.494999
0.270823	9.039215
0.264114	9.471889
0.264210	9.994954
0.256677	11.657345
0.256969	11.673676
0.255589	10.357914
0.232125	10.186321
0.231940	10.199391
0.240557	9.301516
0.241144	9.219954
0.241469	9.551141
0.242240	8.816489
0.230723	9.458229
0.230780	9.425200
0.237328	9.885052
0.227285	9.711179
0.227409	9.719728
0.234898	10.365628
0.253001	10.995440
0.252980	11.035150
0.227153	9.815360
0.237402	10.547766
0.237614	10.498160
0.246506	11.830063
0.222234	12.306267
0.221836	12.333318
0.225378	11.112451
0.235291	12.258957
0.236122	12.192250
0.223633	13.799281
0.204829	13.765125
0.204883	12.178413
0.197692	13.530531
0.198569	13.959093
0.170950	12.530197
0.165643	12.395222
0.160291	13.174450
0.156602	13.790237
0.154572	14.239580
0.145332	14.084330
0.155174	13.991544
0.154996	13.234448
0.149554	13.421381
0.153484	14.109098
0.152821	14.213713
0.140066	12.379647
0.145844	11.478009
0.139183	11.644021
0.140904	11.908147
0.135218	12.027716
0.141513	11.317054
0.134056	11.311372
0.139657	13.259083
0.140815	12.955495
0.142967	12.491144
0.142277	12.890309
0.143260	13.440130
0.146468	13.282668
0.143984	15.325865
0.149079	14.982543
0.141040	16.261387
0.150413	15.630996
0.137634	13.541313
0.131297	14.630248
0.127525	14.887789
0.129261	15.336926
0.129153	15.017446
0.125558	15.827865
0.114978	15.556888
0.107349	15.585676
0.108150	15.904866
0.103219	15.478265
0.112753	16.157030
0.105099	16.847420
0.105872	15.369853
0.088694	16.523359
0.104648	15.876801
0.097742	15.363876
0.098137	17.015047
0.095000	17.164673
0.092104	15.868391
0.095603	16.170099
0.089915	16.210215
0.091262	14.674437
0.086164	16.791000
0.094111	16.902859
0.099380	16.857906
0.111040	16.402231
0.113066	17.093813
0.098846	16.801430
0.102895	17.678892
0.097155	18.185602
0.105636	18.705599
0.117342	19.465965
0.101330	19.561808
0.112742	18.164064
0.121271	19.269764
0.123503	19.236437
0.123304	18.047382
0.109925	18.732771
0.123157	17.669956
0.114507	18.886505
0.124442	20.416437
0.127554	19.401459
0.121673	18.860970
0.110440	20.096937
0.129575	19.641615
0.128894	19.963953
0.134553	21.446344
0.148605	21.017456
0.155795	23.113512
0.137690	23.340229
0.150043	22.625290
0.168314	23.101236
0.165754	24.341352
0.176069	23.114571
0.187793	24.920952
0.187895	25.955784
0.195646	25.596960
0.225894	26.379759
0.241190	26.870523
0.237643	26.656269
0.244969	28.261148
0.231110	27.505884
0.246655	28.518232
0.250544	28.455439
0.253598	27.687157
0.245565	28.998747
0.251858	27.785383
0.258129	27.331551
0.248898	28.570541
0.239790	28.645929
0.233328	29.350916
0.239601	30.224188
0.238740	30.218555
0.249475	30.411386
0.246970	30.308615
0.264276	31.167255
0.268369	32.667915
0.241119	30.632576
0.264563	32.633633
0.273118	32.393890
0.323204	34.988850
0.318094	34.627258
0.372230	36.236515
0.346970	34.855709
0.394021	38.073616
0.380437	37.443359
0.527282	36.353813
0.493859	40.140610
0.528803	39.018265
0.462814	41.195045
0.561671	42.561092
0.554555	47.930321
0.644846	43.102539
0.888171	41.538971
1.026453	55.134323
1.115875	57.087261
0.922355	50.286030
0.970712	48.635761
1.163648	49.985470
1.156750	41.607487
1.161258	47.161568
1.465045	52.067764
1.616640	64.237190
1.265493	58.511963
1.399574	53.770126
1.455016	60.806183
1.483955	61.122383
1.527263	65.424759
1.390770	64.163506
1.589859	93.956009
1.542036	85.724777
1.421264	126.134865
1.698578	127.988884
1.634558	109.139496
1.586308	116.383438
1.525685	117.443130
1.557608	102.958099
1.440835	120.924149
1.565512	134.600067
1.501833	107.526749
1.251265	139.796951
1.556191	147.952103
1.554795	153.521637
1.659079	150.765793
1.411082	154.421356
1.511309	155.075958
1.558233	149.333313
1.435899	145.033630
1.070471	149.364029
1.553584	130.708710
1.428826	142.317749
1.426872	142.399017
1.077375	128.167877
1.203679	140.949371
1.380263	161.394440
1.444692	151.894119
1.411079	148.099777
1.283118	164.429443
1.250640	162.532333
1.178862	168.240555
1.264063	169.103592
1.392132	167.643784
1.260327	166.634384
1.314749	159.988647
1.430696	156.059113
1.097194	156.149124
1.512298	150.413696
1.413849	152.694687
1.353696	162.509247
1.005754	157.747513
1.233776	152.998688
1.240710	154.692123
1.220594	167.547638
0.940304	166.244812
0.726100	166.136398
0.937053	166.449570
0.814684	165.240189
0.593017	160.571213
0.532615	151.609772
0.459072	154.865845
0.558182	142.743927
0.577434	152.621506
0.639261	148.825989
0.454839	166.257065
0.531832	151.823914
0.574607	151.100540
0.517072	140.023895
0.433866	147.869080
0.350451	148.333710
0.356477	160.872345
0.342897	159.469788
0.344295	148.730392
0.354656	144.935547
0.409813	155.574158
0.407408	158.202179
0.310394	153.860016
0.350054	146.865860
0.336203	151.116364
0.304127	152.449554
0.375974	139.376511
0.368653	125.277718
0.410931	122.802742
0.300408	123.103790
0.301092	144.907578
0.324830	142.353119
0.431818	133.821823
0.521635	130.499100
0.538302	124.690491
0.518883	135.618851
0.601466	131.733917
0.560867	123.564293
0.600631	132.429901
0.640293	124.050415
0.667546	123.534714
0.604197	141.444992
0.540937	139.770386
0.724723	139.322327
0.669514	147.982605
0.727895	140.355316
0.615395	134.217331
0.554700	144.979431
0.575561	137.544250
0.535174	138.892227
0.450961	135.667877
0.446464	147.351578
0.388443	145.719437
0.355458	125.689194
0.408169	125.021767
0.352254	128.075226
0.325051	137.342392
0.354764	134.817581
0.368832	129.240646
0.383170	136.415649
0.374365	129.358612
0.349007	142.789032
0.372091	111.069260
0.393867	113.032982
0.405824	138.911133
0.380368	146.017197
0.418264	136.538269
0.378910	123.844902
0.394051	131.276291
0.364736	113.609360
0.398081	107.366051
0.409244	95.767197
0.357652	104.034660
0.382384	134.293472
0.392229	119.339165
0.365804	111.311104
0.354435	94.679100
0.332640	106.488853
0.290213	91.877167
0.292397	73.220749
0.288698	69.810501
0.274164	58.964375
0.282916	47.592213
0.254453	57.196514
0.234334	40.635269
0.255353	44.808483
0.249278	40.369274
0.246883	40.225887
0.260531	33.449875
0.227663	33.013966
0.230347	35.352619
0.231469	36.994892
0.253280	34.070396
0.253832	35.006340
0.232128	35.180405
0.220525	33.188496
0.222029	23.869808
0.223763	30.675444
0.216589	26.381613
0.215703	25.609875
0.196074	26.595371
0.209411	24.042885
0.204125	24.701227
0.186497	24.958025
0.181758	24.079521
0.181303	26.899761
0.169703	25.448755
0.169683	25.039604
0.187210	23.893873
0.196342	24.438322
0.180924	25.441994
0.189281	20.646276
0.173932	24.083548
0.183991	22.076054
0.188403	21.038193
0.179345	22.692461
0.186763	22.358696
0.179987	23.538317
0.162272	20.068497
0.163361	18.431515
0.161310	19.738884
0.155200	22.055208
0.162276	21.461388
0.168398	20.881720
0.154410	18.675859
0.158795	18.110025
0.166680	16.659742
0.171449	13.409920
0.158835	15.980371
0.162859	14.210620
0.162825	15.466949
0.155837	11.208189
0.177165	12.155664
0.174465	12.525815
0.175692	10.188706
0.169493	11.413005
0.174247	12.247950
0.176996	9.377609
0.173898	9.565324
0.178533	8.639388
0.153081	6.632585
0.137030	7.264002
0.152940	7.551070
0.143203	8.751201
0.156265	8.034933
0.156475	8.104725
0.161870	6.711577
0.151331	8.295119
0.144174	7.826030
0.150107	7.851910
0.148843	6.827494
0.156519	6.358676
0.150939	7.933489
0.150552	8.352246
0.148361	6.975355
0.141581	6.715077
0.157000	8.152716
0.162618	9.128915
0.155655	7.169258
0.133812	7.459443
0.111582	7.932995
0.118581	7.708852
0.110492	8.851520
0.138683	7.329478
0.156255	7.184209
0.163108	5.981624
0.161493	9.368162
0.181683	9.046493
0.186473	8.241209
0.205675	9.538744
0.220483	8.518850
0.230143	8.450062
0.217001	7.518742
0.227008	8.556106
0.232453	10.985597
0.241426	12.134616
0.256149	11.508228
0.257674	13.436452
0.272011	11.230690
0.276034	10.341859
0.277470	11.116895
0.275061	12.223210
0.269785	11.681264
0.281273	11.784308
0.291545	11.463246
0.269468	10.809875
0.288801	11.200634
0.271734	9.412471
0.287267	10.466831
0.274623	8.346241
0.294638	8.559950
0.301425	6.251118
0.292106	6.730336
0.206320	2.489796
0.209625	4.009534
0.202218	3.025687
0.207091	4.084203
0.206507	3.240550
0.193980	2.611625
0.190063	3.699617
0.183768	3.252846
0.184850	3.473047
0.183750	2.119605
0.178414	2.679089
0.174408	1.468707
0.170407	2.704389
0.172476	3.050165
0.167526	3.328727
0.161311	3.325669
0.168306	3.661118
0.166163	nan
0.154343	nan
0.157369	3.766719
0.177746	2.960303
0.175898	2.431584
0.175196	2.089104
0.200953	2.757699
0.163971	1.011808
0.146150	0.566481
0.156898	2.985318
0.159085	2.849555
0.149937	1.315793
0.163157	1.453170
0.135951	3.356595
0.145038	2.785377
0.105090	3.382382
0.075567	2.864350
0.120773	4.117610
0.119684	1.160269
0.084924	nan
0.081931	1.126730
0.042923	2.178966
0.046581	1.185626
0.072390	1.599327
0.052709	nan
0.070971	3.316949
0.103034	1.315198
0.082826	1.840947
0.084529	2.847906
0.060849	3.508701
0.077000	nan
0.082249	nan
0.078657	1.992059
0.082722	2.071420
0.080744	2.921175
0.070672	2.664147
0.061819	nan
0.062016	3.233052
0.053814	4.658716
0.039170	2.321580
0.062195	2.507340
0.031173	3.566895
0.033686	2.922782
0.035809	1.637533
0.047615	2.081597
0.051896	3.641823
0.030532	4.329653
0.041678	3.093991
0.053510	3.984268
0.045958	5.330123
0.041189	5.629050
0.017184	4.479140
0.013240	6.986461
0.060737	7.130702
0.014713	3.658124
0.035940	5.913690
0.028126	5.843359
0.070098	4.304083
0.060913	3.764640
0.050342	6.086607
0.018555	6.644145
0.051258	5.497171
0.056331	5.186737
0.058014	4.378916
0.028909	5.476479
0.032864	7.939214
0.026302	5.977826
0.043288	5.174344
0.028491	6.339930
0.026679	5.880761
0.062110	6.950610
0.040903	7.452509
0.034856	7.800968
0.048517	6.630577
0.035816	5.809224
0.051497	6.895747
0.050672	7.237755
0.046119	7.667795
0.056177	9.481811
0.054211	10.968601
0.056454	10.417068
0.052499	8.902621
0.052760	8.905173
0.057569	9.079084
0.068893	9.401726
0.074506	9.514398
0.072044	10.266254
0.065291	10.366460
0.078749	9.989385
0.075583	9.115172
0.076677	8.485587
0.076847	7.720731
0.086971	8.173635
0.090299	8.852229
0.101395	8.984704
0.084830	8.894873
0.119435	8.418297
0.111491	8.868498
0.117813	9.686536
0.127881	9.795060
0.117086	10.068621
0.113605	9.529950
0.132120	9.576786
0.129424	10.463911
0.127729	9.444468
0.141282	9.949769
0.146553	10.369181
0.155569	9.704076
0.170473	11.103628
0.188024	10.398015
0.180891	9.908015
0.183429	10.854016
0.192032	10.694474
0.197671	9.414885
0.200717	10.059042
0.211508	9.451184
0.207632	9.604239
0.196017	10.262284
0.185557	11.115060
0.174989	11.820648
0.175767	12.337770
0.181553	10.736169
0.184214	10.914727
0.166798	11.075778
0.175305	11.344383
0.175626	12.310982
0.165919	12.140172
0.167935	11.393893
0.151516	11.255023
0.149563	11.339199
0.163955	11.429686
0.172462	12.022500
0.170295	11.397815
0.150635	10.794928
0.154891	11.932486
0.148082	11.277570
0.158529	13.520845
0.172159	13.132346
0.169100	10.835008
0.146174	10.580709
0.141284	10.211526
0.139413	11.060905
0.139736	11.635600
0.132433	10.765261
0.151048	10.113355
0.136577	9.737046
0.123679	10.056861
0.129590	11.854627
0.134011	11.539659
0.130020	11.088863
0.132294	9.722549
0.138296	9.933688
0.131940	10.725359
0.148767	10.635753
0.136165	11.880394
0.148228	12.108934
0.142395	11.939579
0.128209	11.756665
0.179948	11.355227
0.172861	11.265327
0.190955	12.580106
0.179178	11.662187
0.148479	11.282921
0.162962	11.547673
0.213872	11.205182
0.228726	11.931631
0.203846	12.372297
0.201674	13.595027
0.184624	10.396659
0.187206	12.152953
0.182056	13.435460
0.198774	11.905447
0.199679	10.735585
0.221704	10.657839
0.245421	12.439618
0.221115	12.972133
0.217667	13.283495
0.235907	12.788355
0.235307	13.238359
0.250195	13.356345
0.244873	13.582382
0.223192	14.236990
0.239967	15.150974
0.240267	14.270296
0.244307	13.678275
0.224887	13.849280
0.217398	13.480577
0.247222	14.574300
0.257991	15.161489
0.232164	12.434511
0.218025	14.515162
0.209677	14.419640
0.225797	15.615671
0.239364	14.637916
0.236916	15.459842
0.237223	15.484655
0.260807	15.564808
0.278172	15.258411
0.274925	15.868491
0.296910	17.204676
0.267829	16.466936
0.276940	16.874207
0.277283	15.542850
0.296042	16.107574
0.282991	16.330589
0.275514	16.871042
0.288930	15.792554
0.305103	16.085279
0.304999	16.098747
0.303134	16.110840
0.320113	16.477236
0.335069	15.768573
0.325636	16.303829
0.330293	15.869975
0.323312	16.392988
0.350882	16.135777
0.368921	17.408598
0.367166	16.529440
0.367247	15.620797
0.370865	15.559359
0.333649	15.598164
0.347218	15.986513
0.351576	15.727389
0.337403	15.878087
0.350819	15.358203
0.343837	15.520611
0.346621	15.472382
0.346997	14.440685
0.350903	14.801023
0.353610	14.840370
0.357396	14.851579
0.374951	14.115215
0.379866	14.090845
0.364526	15.960802
0.406828	15.322484
0.401509	14.674597
0.419363	13.574062
0.418864	13.569497
0.418557	15.082588
0.412777	14.869801
0.413944	14.762208
0.422886	14.388803
0.431048	13.894247
0.434533	13.222650
0.443011	14.377128
0.456382	13.561285
0.456182	14.275575
0.455329	14.246413
0.467065	13.252810
0.471084	14.186303
0.465740	13.935184
0.485486	14.655332
0.484476	14.615544
0.470569	13.308214
0.468473	14.151359
0.481645	14.442424
0.483002	14.268758
0.510806	14.234069
0.497501	13.720196
0.492158	13.642034
0.506389	13.050682
0.490687	13.254765
0.510901	12.103751
0.508996	12.058578
0.518287	12.732175
0.509304	12.873870
0.537048	11.431331
0.552178	11.310955
0.552325	11.312481
0.577658	12.046542
0.585363	13.452558
0.608805	12.891465
0.643323	12.851248
0.643465	12.864424
0.697739	12.214227
0.718876	11.326333
0.724970	10.525078
0.756469	10.227017
0.763485	9.267083
0.789530	10.175159
0.808695	10.689270
0.808568	10.660265
0.820875	10.737994
0.845497	10.552521
0.818778	9.834901
0.841559	10.432705
0.860504	9.261924
0.880162	8.122780
0.888860	8.225701
0.898195	8.185893
0.928929	7.602139
0.952420	10.654456
0.964372	11.965426
0.963087	11.429960
0.959784	10.799936
0.965362	8.989759
0.989308	10.242256
0.983867	12.758451
1.001005	11.708081
1.038336	10.983027
1.016104	7.262709
1.005115	6.060047
1.033978	7.653481
1.029203	6.879942
1.026395	8.351215
1.026044	8.347650
1.044723	7.932205
1.029789	7.707837
1.053250	8.696150
1.073717	12.985429
1.050995	10.094429
1.053403	9.950397
1.059288	9.014998
1.061874	9.572202
1.093137	8.563519
1.064677	10.355189
1.063549	10.370845
1.088757	9.848279
1.102741	10.060835
1.116026	10.659309
1.149865	10.790713
1.118644	8.704884
1.122544	5.478480
1.125651	3.113411
1.148250	4.118371
1.148890	4.524875
1.169250	1.816120
1.170852	1.812237
1.155103	1.791822
1.150439	8.899629
1.065407	36.282894
1.057166	31.226868
1.089908	28.633034
1.091541	6.920008
1.137835	3.033696
1.162803	11.756065
1.161506	12.922093
1.161141	21.904335
1.215963	11.197763
1.199381	10.432780
1.180835	5.087519
1.242861	4.018311
1.269714	17.890938
1.225272	15.045436
1.287069	8.366959
1.059230	25.185884
1.094320	23.711382
1.096542	26.354334
1.077998	28.427023
1.044729	30.488527
1.089603	26.433197
1.043769	26.849733
1.059610	25.308773
1.047637	29.579855
1.065624	24.084728
1.067449	24.812300
1.019383	29.455399
1.148491	16.226095
1.097537	16.214136
1.099716	18.625406
1.045069	17.556013
1.028418	15.905065
1.066636	31.089640
1.006444	19.792606
0.996809	23.913797
1.035757	18.363024
0.999196	25.349892
0.999036	25.334291
0.977359	28.007225
0.927957	25.573114
0.931449	27.982801
1.029964	32.228024
1.089772	23.572046
1.029613	28.865017
1.151248	34.706669
1.128271	31.708513
1.089206	29.524174
1.110646	39.621788
1.170880	38.733139
1.191682	41.699280
1.184425	31.681202
1.182033	27.785755
1.204294	26.998482
1.181719	35.144562
1.088671	35.271214
1.100918	31.410309
1.057123	28.541405
0.997781	21.439297
1.020396	23.113922
1.027397	27.398888
0.999568	24.637344
1.019929	27.423939
1.072692	23.363785
1.027183	28.021984
1.062533	29.115904
1.075289	26.124771
1.116835	19.316233
1.102207	18.152985
1.067930	21.223555
1.086380	18.385527
1.068345	12.730513
1.424839	26.231327
1.371880	27.145357
1.085559	10.606974
1.097970	9.967237
1.033239	8.912911
1.038486	8.036005
1.078124	8.922225
1.109453	10.744197
1.062104	12.600912
1.013249	7.429458
0.974076	8.588366
0.992638	7.083758
0.977541	6.937528
0.985046	7.591416
0.988774	7.299496
0.989090	6.725331
0.978979	6.913101
1.025018	6.945538
0.991279	9.449279
1.016078	9.748709
1.036414	12.165206
0.975970	8.788988
0.963239	4.379274
0.973060	6.138745
0.968948	8.126732
0.965815	5.612473
0.975177	5.158887
0.951244	3.752352
0.924172	5.812996
0.925698	6.149196
0.935229	6.325958
0.923352	4.797966
0.910453	6.825544
0.906955	7.500490
0.915137	4.888010
0.903889	4.985700
0.903972	4.966505
0.896000	5.341862
0.900404	8.284724
0.881016	6.905053
0.857514	5.992479
0.867246	5.354745
0.870134	6.687731
0.872415	6.564104
0.858485	6.917178
0.843026	9.245836
0.847980	7.222914
0.865522	7.974063
0.879801	9.163694
0.851631	7.341010
0.860619	9.540469
0.863669	9.648927
0.876975	11.246104
0.902051	11.070823
0.856315	7.304216
0.832947	8.161359
0.857881	11.473638
0.861928	11.663800
0.862505	8.857271
0.835826	7.610377
0.824653	7.066157
0.844291	7.799662
0.854280	9.867357
0.897788	9.715534
0.902763	9.385210
0.876662	7.353696
0.887387	7.620560
0.900884	9.398392
0.900968	9.394389
0.932924	9.510856
1.014780	10.224872
1.003134	7.626312
0.971046	6.821642
0.968904	4.664258
0.968818	4.726286
0.947876	6.096248
0.994430	8.492417
1.029106	7.929242
1.007523	6.957706
1.007108	6.972322
0.949984	5.253481
0.907772	5.758184
0.953270	6.697794
0.955132	6.459236
0.926979	7.160405
0.970306	7.246730
0.993130	5.737614
1.021032	6.551805
1.020554	6.522215
1.118256	5.816364
1.050783	5.423177
1.047847	8.088181
1.032702	7.631652
1.026041	8.506980
1.029179	8.657867
1.017772	6.183104
1.003853	8.432336
0.990039	7.257747
1.024657	8.342016
1.050897	6.893361
1.052094	6.824970
1.056836	6.483318
1.052389	7.475175
1.053559	6.654745
1.067204	8.099892
1.078997	7.517909
1.080058	7.546505
1.078616	8.065874
1.081368	7.997996
1.081950	8.025568
1.078811	7.941383
1.075120	7.824628
1.050225	8.743050
1.028261	8.492325
1.014314	9.582512
0.999946	11.585631
1.002140	10.136652
0.999041	10.379683
1.005639	9.808012
1.011497	9.128057
0.988848	10.924777
0.994481	10.779740
0.972948	13.139036
0.989320	9.785456
0.986213	9.670262
0.971215	9.542194
0.948697	12.782772
0.932742	10.283952
0.923560	8.546577
0.895189	9.267759
0.871769	11.148581
0.870346	10.809367
0.874609	10.185167
0.840276	8.972924
0.827733	10.887763
0.810052	12.344885
0.797621	11.515651
0.797249	12.407616
0.774467	11.608279
0.751438	11.910583
0.749258	11.409432
0.772710	12.247310
0.823578	11.552899
0.859688	12.184657
0.868465	14.271452
0.869200	14.065485
0.910713	14.985318
0.891855	14.377128
0.902663	15.295769
0.882183	15.509578
0.896641	16.951910
0.897821	17.301579
0.890308	18.784740
0.888698	18.608727
0.857560	18.698242
0.865966	18.292431
0.865893	17.824490
0.856330	17.203854
0.841174	17.731709
0.842918	17.510481
0.872445	18.246828
0.872095	18.040325
0.876348	16.701180
0.869158	17.570375
0.870734	18.718161
0.857322	18.762461
0.800547	18.673758
0.802400	18.691221
0.793146	18.807663
0.780317	17.524927
0.766511	17.230503
0.784456	17.592319
0.781366	17.973812
0.782261	17.439260
0.794611	16.825956
0.770330	18.062574
0.740245	19.936510
0.731233	19.209887
0.731754	19.210421
0.716335	20.709375
0.689545	23.182417
0.706743	23.597446
0.641285	22.376200
0.640820	22.332083
0.624004	21.688955
0.604054	22.907501
0.513824	21.027563
0.566453	21.171305
0.568181	21.190777
0.539536	22.238884
0.446144	22.118465
0.400342	21.122133
0.388078	21.764694
0.388973	21.779852
0.362678	20.690596
0.290236	23.200256
0.301649	18.715809
0.177338	19.627396
0.173527	18.610924
0.173722	18.609655
0.169277	19.641573
0.198365	26.683453
0.227392	22.998678
0.212608	17.769911
0.130721	17.823122
0.203086	13.823196
0.205761	15.726291
0.206012	15.711756
0.174707	13.453664
0.178849	13.944358
0.165591	14.083604
0.167264	12.810659
0.169211	13.374305
0.146658	13.660711
0.142737	11.750061
0.151425	9.944962
0.147433	10.702313
0.140404	10.482171
0.143972	10.275869
0.143640	10.549549
0.128861	11.064661
0.127242	9.507890
0.103112	12.086377
0.076993	11.737778
0.079455	9.227769
0.092988	11.945226
0.078614	13.646347
0.070141	14.104594
0.076393	11.832581
0.104965	11.758865
0.106764	12.708377
0.092536	9.386128
0.105132	10.354129
0.118055	8.732111
0.121077	8.733276
0.113520	9.333303
0.103543	9.351168
0.131124	8.997166
0.140571	8.219985
0.137619	8.170280
0.137527	8.819599
0.139522	8.073931
0.134048	7.428720
0.148538	5.670488
0.133678	6.751829
0.147470	4.622952
0.149232	6.449772
0.146009	6.699781
0.132100	5.914087
0.145092	7.544325
0.140775	6.175119
0.133933	7.202175
0.138726	7.580472
0.135303	6.751945
0.140780	5.247666
0.133710	7.184972
0.115270	10.153647
0.099943	9.139294
0.086902	10.749375
0.090670	9.777604
0.092997	11.652503
0.077777	12.373247
0.079434	11.626637
0.084290	12.168559
0.110027	13.690600
0.094610	15.060767
0.110702	13.296478
0.120526	14.730010
0.120750	13.599296
0.082167	11.733099
0.083345	11.325087
0.084664	11.921177
0.090801	11.595101
0.099490	10.766208
0.091211	10.735585
0.085886	10.027908
0.089179	11.784443
0.104340	13.457455
0.125050	10.769265
0.111079	11.440997
0.129072	11.220493
0.126937	10.364116
0.142599	12.232317
0.156889	13.228165
0.159298	12.697202
0.159908	12.539644
0.165696	12.888363
0.174571	12.524750
0.146831	12.772583
0.141697	9.299663
0.141382	11.074928
0.124876	13.715792
0.099984	10.679879
0.113451	12.082614
0.131225	10.893519
0.123521	12.127764
0.113134	11.108429
0.129417	11.775923
0.123284	10.392360
0.133485	9.696724
0.128732	8.230747
0.105355	10.753897
0.113730	11.981603
0.106354	16.836924
0.103431	15.250127
0.122218	19.519222
0.133458	13.647037
0.109555	12.590887
0.105601	11.604429
0.115156	19.303606
0.097332	11.865932
0.110368	21.898727
0.111887	15.353806
0.091768	18.249928
0.089754	20.476276
0.100407	24.576733
0.111720	17.953905
0.120286	24.037472
0.137668	20.825901
0.128284	19.233740
0.109875	20.618397
0.151429	25.553324
0.156539	19.364824
0.147622	22.459160
0.167613	18.644726
0.168389	20.983315
0.189639	24.224573
0.189406	26.841084
0.219321	31.746572
0.193198	26.206032
0.179594	33.656292
0.161403	30.368307
0.154515	34.027893
0.154436	25.356770
0.161094	29.227266
0.202438	40.392643
0.205435	35.246880
0.232250	34.678856
0.230503	36.889408
0.241387	34.699913
0.281360	40.190460
0.238912	37.042915
0.244601	36.260887
0.241369	42.089172
0.283543	37.613350
0.316336	42.041649
0.282479	42.539883
0.283196	42.714062
0.265998	39.075268
0.252153	38.780342
0.258044	37.247303
0.233486	39.815830
0.314566	45.284969
0.289607	42.990280
0.279102	44.773579
0.304969	38.603935
0.267842	37.560814
0.279894	38.805389
0.273483	32.577034
0.258408	32.564491
0.265050	34.865429
0.288799	35.541580
0.307297	34.602779
0.286620	34.798790
0.312938	26.973661
0.275342	30.105673
0.280853	30.818741
0.295830	26.470007
0.282975	28.942413
0.273856	30.565611
0.267609	32.025761
0.300056	31.419561
0.266131	32.302876
0.306624	30.606991
0.288650	29.694128
0.299068	32.001190
0.281929	29.575869
0.270242	27.202778
0.272745	27.094492
0.277596	28.067593
0.239292	23.230841
0.233733	27.060677
0.216941	21.695925
0.196901	23.147446
0.176331	20.307350
0.144714	19.140747
0.159545	23.156261
0.115053	17.239756
0.124240	19.555050
0.088138	15.781263
0.097531	14.106040
0.077514	13.181473
0.075099	13.738709
0.073206	15.214774
0.060832	15.629892
0.073094	13.384565
0.077568	16.132128
0.065908	13.208759
0.059105	13.147330
0.084678	14.784098
0.106066	15.455626
0.089464	14.595231
0.054894	9.844697
0.087113	8.872739
0.114207	10.935534
0.083567	9.529457
0.109935	9.924689
0.096955	10.641426
0.085012	12.396487
0.066524	11.095436
0.080743	11.684955
0.069156	11.876763
0.065054	10.147548
0.059839	12.985549
0.076222	10.872201
0.086219	8.906581
0.082122	12.370396
0.053564	11.812020
0.073233	13.187899
0.065072	13.028184
0.071015	12.813781
0.096664	13.303498
0.119018	11.592463
0.084948	11.909002
0.100615	13.294002
0.082714	11.966803
0.088722	11.871745
0.108105	14.421980
0.080736	13.364565
0.074398	12.915112
0.090078	14.160171
0.092885	14.635022
0.065325	15.673233
0.064807	16.189951
0.071055	16.447657
0.064332	18.586576
0.095740	17.045811
0.098964	17.581553
0.102543	17.722355
0.085516	18.019882
0.100340	16.716082
0.100398	16.874252
0.102972	18.138344
0.116344	17.884392
0.101878	17.604330
0.106245	17.595848
0.110646	16.721815
0.114648	16.584515
0.122686	16.330879
0.131094	16.073267
0.116752	17.706738
0.111216	18.461643
0.121607	18.553558
0.123022	18.750011
0.129991	18.187073
0.112726	16.952188
0.117812	17.372091
0.118142	18.757181
0.114412	17.069302
0.106966	16.331213
0.104980	17.042864
0.099830	17.310793
0.105187	18.762796
0.115495	18.105469
0.096974	18.032612
0.100985	18.726727
0.097493	19.018349
0.087689	18.284695
0.098962	18.545547
0.085532	18.871511
0.084284	18.831141
0.090158	20.573961
0.074732	17.042358
0.071432	16.326019
0.066353	15.102300
0.071012	15.496665
0.061275	17.308931
0.067186	17.308750
0.062407	15.525970
0.051696	15.419776
0.045284	15.682245
0.048622	15.657744
0.049929	15.388229
0.050071	17.229179
0.048232	15.909902
0.076351	15.353858
0.084128	14.386240
0.063164	16.717678
0.085877	14.516569
0.067315	13.809000
0.074969	12.231035
0.079552	12.430790
0.069916	11.667563
0.066394	11.966606
0.072389	9.754415
0.073381	10.245163
0.050840	11.379229
0.057970	8.069273
0.059102	10.440140
0.050213	7.425557
0.044171	10.518895
0.034318	8.344928
0.030124	8.445055
0.047448	7.112115
0.030490	8.210927
0.051156	7.657062
0.045939	9.044500
0.065749	4.846672
0.070933	5.715190
0.039503	9.148119
0.052515	6.011527
0.071722	11.269781
0.043683	8.210831
0.056470	9.876010
0.086216	6.467233
0.091812	8.068788
0.117951	8.560133
0.073872	6.073213
0.082446	5.767831
0.119556	2.989772
0.106463	4.121981
0.092135	1.655124
0.080484	2.119974
0.071088	3.940606
0.080377	3.760479
0.060474	3.629982
0.061087	3.083093
0.065126	nan
0.051609	5.243935
0.145192	6.541158
0.037198	3.486993
0.038553	2.964003
0.029670	3.065779
0.015658	2.043649
0.071084	4.757655
0.036302	4.388916
0.039706	5.219691
0.057911	4.231997
0.084234	5.526576
0.070689	5.611775
0.083062	4.574261
0.101875	4.001129
0.114092	2.675874
0.124861	4.441226
0.121344	3.676481
0.123314	4.067493
0.126130	4.365846
0.129555	5.474048
0.130370	5.674077
0.143108	5.719846
0.141067	4.869716
0.134350	5.887414
0.141660	7.224324
0.137463	6.812566
0.136038	6.332886
0.117663	7.058728
0.122824	6.583641
0.116685	7.332576
0.118494	7.413733
0.127375	7.572098
0.129204	7.520097
0.133892	7.472870
0.138937	7.442729
0.136835	9.134063
0.159586	6.974569
0.158492	7.654198
0.159421	8.567086
0.157806	9.467006
0.155824	9.925322
0.157127	9.188542
0.166025	8.790771
0.168873	9.383372
0.170450	8.879446
0.165042	10.082855
0.184513	9.910705
0.181801	8.592926
0.201638	9.541537
0.219884	10.522248
0.195759	9.914341
0.209401	9.207027
0.211683	11.774591
0.196364	9.878469
0.151037	6.015563
0.136124	4.905278
0.129774	5.072106
0.133860	5.267621
0.141666	3.520728
0.152312	4.517255
0.140457	5.002162
0.133178	3.192608
0.123555	5.803290
0.128497	5.478337
0.100013	6.331649
0.082545	6.559092
0.069190	6.996542
0.070123	5.679181
0.072856	5.416821
0.077714	4.754198
0.067946	5.483766
0.062711	6.039856
0.073829	6.509475
0.061371	6.225008
0.056932	5.540443
0.066732	7.626826
0.058963	8.759701
0.090395	9.179157
0.101691	9.124966
0.107171	7.647952
0.113448	7.736643
0.103368	6.400534
0.095644	6.945426
0.096151	6.961531
0.105728	7.601212
0.102776	7.832234
0.105807	8.893640
0.101610	7.899650
0.093309	8.633674
0.099371	8.194406
0.090251	8.255550
0.104335	7.862079
0.121618	9.898678
0.108930	10.439314
0.104933	9.220888
0.117680	10.916163
0.110446	10.227938
0.107740	10.233912
0.092096	9.830598
0.077221	10.340419
0.054283	9.915606
0.064965	8.650445
0.059252	7.741601
0.059741	7.761307
0.072948	10.570703
0.062171	10.594108
0.060691	9.929505
0.059422	10.766862
0.031591	9.663372
0.045214	8.053823
0.067415	8.496936
0.084087	8.591558
0.101059	7.591623
0.098211	6.538165
0.102692	9.709160
0.112564	12.190899
0.122654	9.451101
0.120709	8.212072
0.127125	8.671339
0.134788	7.814411
0.142309	8.167500
0.149755	8.107237
0.162203	7.381972
0.175603	6.945651
0.182596	7.474443
0.176033	6.329669
0.168548	7.049180
0.181726	9.574657
0.212394	9.453092
0.223274	7.390243
0.209217	7.759793
0.231233	8.424901
0.235645	9.836654
0.258636	12.719851
0.267294	12.666899
0.269170	9.399142
0.274191	14.064203
0.278894	15.098400
0.263201	9.839920
0.262420	11.786372
0.246652	12.803432
0.259849	12.071576
0.281910	11.124929
0.279554	12.116961
0.265153	13.145720
0.234862	14.817504
0.237512	14.155959
0.231745	14.513487
0.228911	10.782939
0.228494	12.925249
0.215226	13.088971
0.230380	13.454830
0.190147	13.842708
0.182322	12.656307
0.165676	13.064738
0.164086	11.814344
0.159766	12.585093
0.143573	11.590570
0.144547	11.174076
0.155429	13.524037
0.200797	12.552146
0.213287	14.026494
0.194258	16.738010
0.229682	17.508373
0.221376	14.995740
0.240407	15.130340
0.237722	15.112484
0.290304	17.252100
0.259301	14.961519
0.274361	15.831386
0.308178	16.380861
0.310672	14.875025
0.349331	18.013906
0.338623	15.130030
0.343845	15.111496
0.348728	16.633791
0.356323	16.902115
0.382258	15.926920
0.387056	18.608810
0.357064	18.029125
0.375430	18.691807
0.306151	16.456392
0.402520	17.641071
0.397925	18.340281
0.384833	19.187155
0.349233	16.928259
0.350861	15.277845
0.343069	15.494894
0.353519	15.740664
0.298220	16.477186
0.343592	16.452431
0.326108	14.734323
0.327250	14.729102
0.284202	13.937156
0.247470	13.393062
0.211033	12.977694
0.226947	12.250254
0.206603	12.543146
0.146057	12.545147
0.126831	10.929512
0.110132	9.340940
0.126913	10.023218
0.116612	8.971702
0.101905	10.108782
0.132461	11.247916
0.121671	11.391416
0.159391	10.151409
0.166434	11.477258
0.169060	10.420302
0.182203	9.651769
0.218914	9.449941
0.181962	9.511679
0.191877	10.772102
0.197447	12.425489
0.188962	11.865138
0.206299	10.198164
0.199001	10.638554
0.185340	10.966815
0.194637	11.586849
0.211931	10.231998
0.207192	12.032539
0.204546	13.866210
0.194405	14.689353
0.194904	13.206026
0.212344	13.894981
0.221076	14.753115
0.209616	15.017132
0.229575	12.739443
0.263390	14.666735
0.256112	13.318821
0.255267	14.664487
0.241971	12.963786
0.274685	14.432424
0.294510	14.973950
0.298651	15.578672
0.266717	14.706654
0.238830	14.029738
0.261638	16.605812
0.291843	14.516947
0.301940	13.944191
0.293774	12.563264
0.304248	14.064035
0.270828	14.524890
0.239031	12.528131
0.227845	13.111006
0.215046	12.617952
0.207687	11.037066
0.205818	11.605307
0.181453	11.879470
0.121327	9.356446
0.096924	5.997050
0.240505	4.249166
0.308420	7.513323
0.285873	5.638361
0.253017	7.413733
0.250095	7.493595
0.236092	6.030514
0.157163	6.004358
0.128200	7.415740
0.132149	8.285387
0.154695	8.153004
0.129326	8.618415
0.092661	6.563388
0.128828	5.666621
0.103830	7.328303
0.080210	7.364232
0.089730	5.547646
0.114796	5.018257
0.119999	6.459722
0.104724	5.827526
0.117966	4.617360
0.120798	5.939190
0.158642	6.288213
0.156411	6.475825
0.132124	6.452807
0.134543	5.123557
0.125562	5.962218
0.161655	4.984129
0.174687	5.537757
0.159360	5.739798
0.144740	6.720556
0.150303	7.151759
0.192023	7.126966
0.179513	6.674251
0.204708	6.264257
0.175628	8.714149
0.199016	7.813209
0.216873	7.429880
0.230826	4.154330
0.223381	4.806443
0.216443	5.353868
0.214981	3.642039
0.218327	6.370366
0.217160	4.863925
0.209941	3.964176
0.240634	4.842308
0.270157	4.432404
0.261179	4.933765
0.285528	4.102563
0.309274	4.971074
0.282750	6.013481
0.270628	6.763070
0.269075	7.022687
0.260064	4.897611
0.208082	3.143188
0.246857	7.334926
0.206596	7.764535
0.159038	7.106498
0.182202	4.402630
0.177951	7.153948
0.177751	6.746027
0.189032	5.493894
0.186777	4.878069
0.187309	8.582618
0.178510	7.306146
0.146841	7.216840
0.116157	5.143992
0.169780	5.305830
0.137265	4.165810
0.131822	2.720549
0.145666	5.084440
0.155256	4.549033
0.140288	4.801717
0.115284	5.150229
0.133501	5.188849
0.135981	4.249166
0.134653	5.590106
0.119886	8.310687
0.112619	5.735294
0.114391	7.679126
0.134466	2.593881
0.127136	6.341659
0.121872	5.341569
0.121575	7.783578
0.110468	8.061503
0.103295	8.142525
0.125133	8.223891
0.125772	5.850458
0.142835	6.335235
0.137121	6.255500
0.141566	7.550344
0.125812	5.735021
0.128407	6.959280
0.108714	4.497107
0.105206	5.816498
0.117989	5.631693
0.113791	6.055781
0.101503	5.857413
0.092344	6.248863
0.080081	6.676480
0.084306	5.938267
0.081156	6.833685
0.087914	7.692273
0.093367	8.375381
0.096597	7.770081
0.082081	5.526859
0.101117	5.979397
0.112488	6.999117
0.105323	5.855140
0.112832	4.612101
0.107726	5.011231
0.108516	3.609654
0.106101	5.618051
0.118340	5.159950
0.120676	4.022789
0.116426	6.172076
0.124940	4.101609
0.122088	4.251744
0.137104	2.845156
0.134291	2.764786
0.127995	3.447029
0.127534	4.708196
0.122333	5.740343
0.146268	0.970750
0.162858	3.314587
0.153334	1.813532
0.144896	1.850277
0.135943	2.605624
0.136602	3.250920
0.111602	2.749740
0.129640	4.055929
0.148660	3.978566
0.134486	3.849969
0.124555	4.467589
0.123360	5.989996
0.165830	4.394265
0.160608	1.562692
0.160834	5.108865
0.157766	6.976365
0.142135	7.739780
0.149814	9.083657
0.143625	9.963384
0.140222	8.054213
0.147466	12.612731
0.166121	14.323210
0.145558	11.010614
0.156578	13.038475
0.181165	12.069693
0.193214	11.016379
0.182791	13.536097
0.164173	13.432833
0.189018	12.549210
0.178415	14.704517
0.194898	16.923620
0.212690	17.249369
0.224019	18.348080
0.227872	18.554193
0.233845	18.786121
0.226112	20.285990
0.239113	20.351974
0.246239	21.903761
0.242826	19.945938
0.235108	19.077377
0.239877	16.728434
0.230965	18.151684
0.229379	16.572531
0.211527	17.313152
0.196044	18.786161
0.196421	19.841589
0.175849	20.831835
0.181841	19.376270
0.179980	19.950630
0.179069	18.578749
0.149204	19.480505
0.146125	18.876347
0.144497	18.610626
0.124889	18.931910
0.102144	17.893089
0.083947	17.204630
0.114961	17.899940
0.107535	17.972631
0.097101	16.615034
0.074537	17.684715
0.049792	18.550632
0.064229	17.954912
0.035125	21.075872
0.023912	20.321178
0.019324	19.287264
0.047241	20.067711
0.060938	21.867531
0.075365	20.069593
0.071453	19.309025
0.059046	22.129965
0.071668	19.034424
0.069192	20.761484
0.063056	20.660564
0.068452	21.318256
0.066551	22.764524
0.059222	21.714752
0.086873	21.419125
0.092944	23.435293
0.073499	21.959955
0.077497	21.084610
0.097172	19.665548
0.104580	19.420502
0.130667	20.539165
0.142733	21.441093
0.155564	21.554548
0.145331	22.292158
0.126352	23.589533
0.135049	23.178915
0.110645	21.945784
0.136676	20.344316
0.157823	22.086718
0.151212	20.732769
0.142156	21.627918
0.148340	20.864111
0.155108	19.634125
0.143650	17.062489
0.152994	18.797209
0.137446	20.410847
0.147166	19.353813
0.143646	19.232265
0.119320	20.248451
0.104456	22.592886
0.118419	23.307419
0.153774	22.164103
0.175104	22.774975
0.180992	23.073250
0.209925	20.780392
0.215226	19.336576
0.228263	21.025095
0.235518	21.903402
0.267259	20.266745
0.258245	19.438717
0.265032	20.844109
0.264607	21.169853
0.249121	22.403955
0.253820	21.226480
0.260894	18.857424
0.229050	20.166925
0.216208	20.946974
0.221783	19.642014
0.217399	17.913765
0.203125	18.309826
0.185023	18.495718
0.195551	15.909704
0.194051	17.562904
0.203781	18.171940
0.207157	17.945061
0.210398	19.084011
0.208998	20.403444
0.197468	17.670891
0.190759	16.290964
0.208517	20.109928
0.193614	20.058811
0.204196	20.159668
0.235602	20.347992
0.268458	20.048260
0.287654	19.318228
0.273508	18.522091
0.252239	18.193682
0.212011	15.397970
0.237988	16.372040
0.211919	14.273870
0.198662	13.368380
0.211999	15.291200
0.218258	15.963606
0.249493	14.378929
0.230947	15.077642
0.214919	14.297436
0.235369	15.099545
0.222120	14.370084
0.230816	14.051366
0.220304	12.961729
0.208989	14.332738
0.209017	14.325894
0.184611	14.295076
0.165644	14.484908
0.169431	13.800134
0.172517	13.938505
0.172567	13.926679
0.188209	13.450574
0.188952	14.430683
0.181227	12.382814
0.198310	12.763492
0.198544	13.255947
0.185338	12.536204
0.172258	13.067619
0.179353	13.140050
0.189808	12.365324
0.190887	12.356886
0.201363	13.775665
0.198288	12.670798
0.196549	13.239248
0.186560	12.759068
0.199841	13.409802
0.192450	13.888882
0.206428	11.956576
0.217521	13.467885
0.215721	13.685212
0.209758	14.275081
0.192374	15.469893
0.193485	15.493474
0.192956	15.473802
0.200905	14.030072
0.169601	15.019431
0.176375	15.177479
0.179351	15.175769
0.174421	14.947190
0.172266	14.976045
0.150954	14.666895
0.151326	14.164327
0.161511	13.777431
0.156609	13.165456
0.141968	13.571346
0.142123	13.589429
0.133989	13.277647
0.131496	13.061616
0.114831	14.322552
0.108190	15.504618
0.099406	14.908756
0.127622	14.730062
0.126653	14.732407
0.122354	16.173740
0.125211	16.369593
0.144245	18.944407
0.175281	15.568287
0.165525	19.883055
0.150522	20.825678
0.153415	20.351395
0.146487	20.618742
0.153403	19.960999
0.169241	17.447189
0.154918	18.224459
0.158630	20.156544
0.150484	21.200840
0.152750	21.355631
0.143966	20.556360
0.147771	18.686970
0.143688	19.727404
0.119449	20.958654
0.114046	20.916630
0.133390	17.946419
0.137060	15.575345
0.122402	17.512951
0.111914	20.142450
0.124496	19.645298
0.147328	16.155136
0.127516	16.700802
0.131539	16.390831
0.120330	15.522582
0.121396	15.478368
0.116368	17.218687
0.131016	16.795633
0.154345	15.282625
0.146032	15.051329
0.137320	14.807650
0.136600	16.772280
0.154684	16.460688
0.141764	18.795200
0.123553	18.527058
0.124329	16.182138
0.136313	16.700663
0.148554	16.255009
0.149719	16.297085
0.141770	16.652197
0.156388	15.630546
0.144440	16.191940
0.138966	17.163528
0.130210	15.650724
0.128207	14.307257
0.118535	12.639750
0.115625	12.767362
0.123794	15.084513
0.118329	14.379257
0.116211	14.074631
0.115221	14.976726
0.118870	14.895905
0.132264	14.541416
0.134858	16.059090
0.146718	15.231121
0.126421	13.404361
0.141232	14.968077
0.134057	15.007668
0.141484	16.858418
0.129917	19.689850
0.124634	23.782093
0.144181	22.346821
0.134461	21.994747
0.147778	22.651493
0.120105	25.721809
0.135045	24.307407
0.157246	25.928522
0.112219	26.421722
0.117273	22.895117
0.113278	24.255056
0.096078	15.235708
0.098543	7.707328
0.108695	10.099708
0.108394	11.953954
0.123619	8.382672
0.112748	10.141059
0.117844	7.017555
0.138268	7.552108
0.159467	11.021573
0.178662	10.726821
0.159653	13.344064
0.150127	10.308004
0.168446	13.951898
0.192963	15.983515
0.206904	15.977177
0.214863	12.754640
0.185620	11.808304
0.178400	11.562939
0.181849	11.140350
0.195635	16.580111
0.192534	13.690257
0.176790	16.456964
0.191498	16.742842
0.185409	15.326325
0.202889	12.578236
0.202542	13.653417
0.217960	13.212084
0.269685	11.737108
0.278203	9.399142
0.292243	8.627773
0.265618	15.922974
0.271466	11.988798
0.273687	7.915004
0.324265	8.931966
0.341490	8.058491
0.370045	8.734532
0.342320	5.236913
0.349373	5.116522
0.332562	2.749740
0.344738	4.857805
0.301912	5.640029
0.347338	3.725552
0.340319	2.182914
0.304098	4.131656
0.291898	3.781653
0.276663	4.501804
0.287843	3.231115
0.247248	3.110141
0.265444	2.333350
0.256410	2.902627
0.241047	3.825491
0.231354	3.359858
0.233708	3.437022
0.216630	4.946760
0.228556	6.086221
0.240367	8.868057
0.239231	10.457618
0.241843	9.632101
0.263765	6.371225
0.239845	7.343783
0.265079	6.991056
0.283641	7.939805
0.262600	9.076495
0.248007	9.431016
0.239686	8.666459
0.213611	5.884488
0.240426	7.530920
0.240084	7.996919
0.217431	8.593199
0.241485	7.752016
0.268038	5.507132
0.260610	7.884563
0.258297	5.916337
0.246161	7.692171
0.229273	6.144482
0.247480	5.121111
0.246478	7.471404
0.224735	6.661097
0.241083	6.241590
0.243488	4.748761
0.271563	4.458292
0.265263	4.635297
0.269709	4.191850
0.277602	5.674630
0.281398	4.948659
0.270244	2.261116
0.279351	0.695485
0.314702	3.249716
0.305660	3.768381
0.337274	4.231442
0.362102	9.152059
0.382904	13.609676
0.379153	10.769847
0.349928	9.332128
0.324322	12.142238
0.379710	9.515880
0.332576	8.905965
0.327358	9.052294
0.372438	8.228272
0.377104	10.244246
0.316791	12.171781
0.298104	12.448945
0.255741	11.875310
0.287838	13.513011
0.274847	7.599563
0.268060	7.750905
0.266713	12.450395
0.255225	12.518802
0.218016	12.938471
0.232889	16.818392
0.225036	11.260734
0.190828	13.789214
0.192977	13.011618
0.180794	15.752233
0.209198	12.981441
0.216447	12.986999
0.240634	16.795492
0.194496	17.282631
0.242747	23.091068
0.248060	18.216995
0.254150	16.331984
0.283846	17.349010
0.259281	17.446648
0.255028	11.575204
0.244471	14.729317
0.247135	16.425533
0.267785	18.228294
0.262668	18.504768
0.244155	19.144691
0.217776	18.867678
0.181356	19.491282
0.192862	15.140297
0.201090	19.484461
0.196362	16.762442
0.207298	15.878680
0.192491	16.161600
0.184720	12.494596
0.188426	13.596584
0.171697	17.738222
0.167000	20.004694
0.162324	17.074501
0.164581	15.645155
0.164831	18.330978
0.166309	13.106459
0.165426	11.365441
0.157189	11.020078
0.149732	10.242561
0.128353	6.636716
0.114909	9.717228
0.110079	9.291318
0.117742	8.354122
0.109724	9.180352
0.110537	9.986876
0.094034	9.910941
0.083418	9.294185
0.090966	12.069693
0.097744	7.300677
0.096859	8.673959
0.103414	9.830916
0.112544	5.825107
0.127803	5.430679
0.118821	6.488509
0.114037	6.865014
0.100823	5.961955
0.120790	5.009200
0.141404	6.780533
0.144775	11.591991
0.138810	12.543771
0.182368	12.508084
0.177712	10.948788
0.157387	11.773659
0.176793	13.361219
0.176702	12.171200
0.158610	8.547220
0.124668	7.952817
0.115732	8.313514
0.158980	10.315680
0.158583	8.254128
0.164379	12.673089
0.145936	12.201315
0.154460	12.322251
0.192127	11.335187
0.206841	11.457567
0.282307	11.825754
0.307452	12.852652
0.291242	11.063386
0.279896	8.828743
0.279342	8.811868
0.342430	8.092538
0.370012	6.339065
0.401892	5.301845
0.401538	5.387835
0.403232	4.431344
0.444535	5.298595
0.457806	5.373137
0.456223	5.523032
0.464056	5.036167
0.503581	4.767519
0.523306	5.326450
0.498500	3.590301
0.498234	3.499318
0.485219	4.381955
0.539736	3.885792
0.549096	2.853672
0.548210	2.904244
0.547895	1.634184
0.564737	2.188286
0.588250	3.555465
0.569457	5.785452
0.577299	6.082875
0.578126	7.436834
0.585643	7.241433
0.669800	7.943553
0.675419	7.896773
0.659606	10.232612
0.669257	10.815095
0.678141	13.386968
0.695260	12.186137
0.695438	13.835280
0.697258	16.245396
0.726316	17.142967
0.760603	20.156429
0.768906	20.862715
0.759594	23.422577
0.841431	16.921160
0.801045	23.431894
0.907040	33.492924
0.905286	28.233242
0.888426	28.453632
0.921647	34.223286
0.912775	37.323002
1.021780	33.751404
0.989907	44.561104
0.992303	39.193043
1.082649	37.376888
1.079169	37.916504
1.188537	34.453876
1.052962	23.077448
1.069204	19.615770
1.048908	23.424158
0.980020	21.714714
0.881536	19.752188
0.775618	22.230171
0.786565	22.019117
0.731072	24.745607
0.677380	30.700041
0.537251	28.647915
0.653905	27.019133
0.621728	19.222939
0.571283	18.619326
0.558217	16.308599
0.557475	13.281073
0.511892	12.633110
0.518662	14.727451
0.526829	17.435205
0.488338	12.784060
0.464969	12.892074
0.442651	11.094588
0.399734	12.931254
0.375709	16.249453
0.346643	14.544654
0.333241	12.525753
0.326841	15.062278
0.266928	14.013398
0.262073	13.683780
0.241744	16.311680
0.238744	15.259029
0.216506	15.151752
0.231308	12.756792
0.226151	15.531076
0.232916	14.154573
0.231123	12.827790
0.233871	13.391129
0.233035	16.531435
0.233373	16.797363
0.280150	11.931170
0.281687	14.371614
0.277242	12.668818
0.283508	12.436972
0.277224	13.396107
0.287274	12.531074
0.289531	9.673098
0.282397	8.064612
0.292555	9.341696
0.297546	7.735326
0.298383	6.239583
0.305508	4.812466
0.297593	11.282365
0.322450	8.111101
0.352873	4.626676
0.379078	5.875566
0.348054	5.881027
0.347787	7.028373
0.337211	10.709269
0.342279	7.802977
0.378426	7.675556
0.368497	8.087115
0.390021	7.896972
0.397662	7.102198
0.392658	7.982900
0.381647	13.578685
0.382155	20.932240
0.401511	12.488381
0.417666	11.754065
0.402845	22.347315
0.395396	31.133726
0.454580	18.839779
0.475440	15.822953
0.504535	15.855471
0.532857	14.651421
0.506573	16.740543
0.518665	15.486683
0.530519	15.046739
0.509696	15.672981
0.497798	15.752084
0.532146	18.790264
0.521721	15.220397
0.482802	15.422881
0.495934	18.083099
0.466396	15.222512
0.472708	14.415938
0.453023	19.718790
0.453928	19.434183
0.437003	20.611105
0.439352	20.117828
0.411716	23.042389
0.431264	20.008352
0.462599	23.616282
0.497921	26.928699
0.450300	30.562294
0.497754	31.960602
0.507147	25.814226
0.513128	25.829754
0.498120	28.861206
0.467335	33.065941
0.492523	28.418787
0.507120	28.056522
0.495189	29.616699
0.483930	28.154413
0.505433	32.101738
0.493639	34.935051
0.483504	34.010731
0.439620	27.924913
0.434835	28.936428
0.425852	26.812731
0.431996	25.900526
0.462671	24.363338
0.408032	24.679312
0.400103	20.509645
0.377337	18.856798
0.361336	16.848398
0.332517	17.283901
0.372329	15.448617
0.386234	17.177301
0.396072	15.529309
0.385612	16.877930
0.395853	16.072142
0.393066	19.116287
0.385952	18.668240
0.360115	20.026627
0.353821	18.938637
0.354570	17.767170
0.363537	18.454828
0.351368	17.568674
0.333545	16.773731
0.319946	16.406876
0.329360	16.294867
0.321322	15.899485
0.314379	15.041418
0.253663	15.318898
0.252850	15.116380
0.232904	14.323756
0.207557	14.269692
0.185190	14.337448
0.171080	12.714238
0.153409	12.801840
0.137672	12.339739
0.133686	10.553411
0.128013	11.523683
0.132754	12.287327
0.121305	11.925650
0.144542	11.535650
0.123909	12.455370
0.099798	11.276457
0.096077	10.648053
0.083035	8.964800
0.075738	9.854561
0.089429	9.566060
0.095873	8.208637
0.110826	10.418045
0.127252	10.982957
0.126513	9.821346
0.074742	8.728521
0.032946	8.993505
0.031021	9.070365
0.066168	7.967676
0.075294	6.739872
0.070150	4.993388
0.071671	7.848318
0.076055	7.839131
0.066182	7.301321
0.052758	7.371035
0.048217	7.297994
0.047976	7.188460
0.038964	4.383384
0.043312	5.140795
0.053534	4.334352
0.118980	9.799940
0.122627	9.598362
0.133197	10.367141
0.135066	9.696158
0.147965	9.751925
0.148598	9.752245
0.135214	9.419711
0.128589	8.777927
0.127199	10.096059
0.132652	10.675034
0.132682	10.658059
0.108856	9.159675
0.118281	9.195275
0.118451	9.175316
0.107489	8.624503
0.116423	9.166173
0.119588	7.371992
0.131282	7.554596
0.127767	7.638833
0.127300	10.191936
0.124459	9.094089
0.110870	8.669261
0.111516	8.662662
0.113588	9.088141
0.123083	9.556062
0.123151	9.663696
0.123788	9.656883
0.130846	8.928633
0.111492	7.101646
0.111121	7.093812
0.112353	8.178521
0.117474	6.457054
0.112384	7.605949
0.113026	8.392293
0.117558	7.076236
0.109475	7.844525
0.102303	7.572098
0.102275	7.574166
0.098924	8.188668
0.095636	8.560316
0.083125	8.047402
0.083007	7.215430
0.069522	8.399198
0.077426	8.494723
0.078344	6.719274
0.078985	6.717408
0.073873	9.156938
0.073405	9.565078
0.076318	9.711098
0.078372	8.978336
0.077164	9.104938
0.075125	11.611994
0.063198	12.494347
0.057960	11.787835
0.053607	12.037621
0.029953	9.867040
0.031327	9.890916
0.029223	10.433306
0.071097	13.268486
0.064861	13.511443
0.036480	10.957376
0.037061	10.960238
0.033010	13.094902
0.025434	11.801395
0.031323	11.495755
0.028110	11.468442
0.050066	11.504004
0.072130	10.525898
0.074162	10.996580
0.061814	10.900427
0.063376	9.547858
0.060591	9.565160
0.053420	9.040428
0.052661	9.006217
0.037900	9.172071
0.054532	10.482770
0.055775	10.304811
0.058778	10.344436
0.056532	9.757627
0.054501	9.711340
0.064675	10.490916
0.087186	11.071814
0.116221	12.292239
0.094187	13.034985
0.096342	13.076019
0.090201	13.669037
0.084346	13.193191
0.070971	15.219209
0.060022	11.671863
0.041308	5.482052
0.040170	5.476336
0.028848	6.969851
0.031363	7.443992
0.077554	12.408815
0.062709	14.656778
0.083965	12.556207
0.082916	12.533389
0.082066	9.339095
0.070520	10.238123
0.043036	5.355769
0.036805	4.993075
0.036396	3.630629
0.038986	4.721977
0.059402	6.288711
0.053679	5.364387
0.055053	5.928898
0.052224	5.757232
0.040663	2.665028
0.042927	6.334493
0.044941	4.192784
0.046951	5.128139
0.030862	7.140360
0.037579	4.341751
0.030987	2.716806
0.028677	nan
0.033857	3.277300
0.056948	2.631035
0.043964	nan
0.034605	1.758310
0.034548	3.672859
0.026919	4.044139
0.027063	1.452093
0.042202	4.580760
0.042045	4.440697
0.033533	3.289697
0.024611	4.666775
0.065133	2.427718
0.052515	2.978230
0.051201	3.421729
0.045223	2.838546
0.042136	1.102149
0.039818	4.270484
0.051229	7.061390
0.066112	6.561480
0.052912	6.129170
0.039191	5.242292
0.050756	6.592318
0.057474	6.639666
0.051778	4.818319
0.056767	5.781797
0.065348	6.438958
0.058757	5.572290
0.060491	5.446372
0.064399	4.939633
0.077636	5.814747
0.065846	6.225637
0.061982	5.929426
0.065350	7.130373
0.058448	5.795594
0.064964	4.753704
0.077781	4.000347
0.069547	6.556225
0.073920	5.851662
0.062277	6.425809
0.057688	5.983587
0.069836	6.133640
0.078071	6.601933
0.077397	7.331188
0.082439	7.392892
0.081862	7.901137
0.087350	6.411779
0.089363	5.676009
0.090550	5.591788
0.093421	6.928943
0.092199	7.964825
0.081960	7.810501
0.067226	6.398454
0.075939	6.718341
0.075195	6.668029
0.070960	6.905166
0.061975	7.157779
0.060258	8.538600
0.055456	8.873533
0.065689	9.028286
0.068826	7.523012
0.083463	8.513515
0.076840	8.772214
0.085297	9.021168
0.098450	6.003185
0.102518	10.114285
0.105222	8.476721
0.103507	8.291814
0.102454	8.084887
0.114480	9.501459
0.118296	7.748984
0.110949	8.087600
0.112716	8.975019
0.110880	7.840629
0.115622	8.512594
0.113363	9.960789
0.107371	8.392014
0.113748	11.213783
0.117279	7.137837
0.119456	11.167971
0.119637	11.133735
0.117909	9.846128
0.120308	9.156253
0.124601	8.286332
0.116364	9.096845
0.129501	9.287437
0.125785	8.913791
0.121833	7.299067
0.121126	6.512483
0.124298	9.156595
0.118025	9.619565
0.122814	8.421553
0.120177	10.214903
0.117885	9.064575
0.127090	8.016486
0.128527	8.085760
0.127138	10.921906
0.122693	8.870265
0.138297	12.076576
0.136286	13.743793
0.131457	12.886414
0.123039	14.681067
0.129632	12.122137
0.129651	12.120521
0.141502	12.354094
0.137002	12.300593
0.132058	13.699422
0.128859	13.943233
0.138834	13.179450
0.138770	13.224428
0.136631	13.585502
0.132390	11.513744
0.130941	11.363578
0.129985	11.379367
0.142408	12.476318
0.137090	11.156523
0.126301	10.355492
0.129805	9.472385
0.130722	9.473378
0.131529	10.090003
0.131779	10.506371
0.135567	9.488255
0.134509	9.493786
0.135743	9.180609
0.140119	9.334311
0.140288	9.331709
0.136568	8.121236
0.135182	7.625183
0.139774	8.045552
0.143071	7.208805
0.146858	7.442308
0.142190	6.983434
0.149544	5.991041
0.149737	5.943276
0.151845	6.659098
0.151204	6.690892
0.150797	7.317607
0.145750	6.613785
0.145735	6.611298
0.148798	5.773123
0.171539	5.549762
0.177212	5.696664
0.141803	6.551805
0.140872	7.125757
0.137119	6.443213
0.136233	6.470017
0.126538	5.569620
0.127086	5.606611
0.135892	6.421543
0.131035	6.259880
0.130898	6.267881
0.126775	6.851425
0.124870	6.878690
0.119928	6.990608
0.127655	7.441256
0.127660	7.483554
0.134181	7.817317
0.134158	7.872434
0.134920	8.584260
0.128912	9.367243
0.128048	9.412555
0.131889	9.129000
0.131986	9.024815
0.128364	8.605589
0.129233	8.555740
0.129762	9.834184
0.134359	8.777213
0.137131	10.125436
0.140292	9.686456
0.134796	11.179546
0.143076	11.714509
0.146603	11.875047
0.146602	11.880657
0.150353	12.740674
0.144599	12.420818
0.145644	13.706752
0.146557	14.669303
0.145367	13.291406
0.139425	14.039802
0.133140	13.125358
0.140326	13.431372
0.144326	13.542586
0.150402	13.778172
0.156645	14.463113
0.171000	14.988200
0.170419	16.877930
0.169295	15.997169
0.169400	16.741718
0.178137	13.827170
0.161729	14.531266
0.157077	13.444974
0.156454	13.651865
0.189217	14.269417
0.172141	15.124943
0.170573	16.013699
0.167503	15.365664
0.173393	15.339381
0.169770	16.195478
0.176114	17.134346
0.233320	16.638369
0.187335	16.593323
0.144632	18.276955
0.152388	18.114670
0.165853	18.712238
0.179763	19.202148
0.169877	20.799887
0.174739	22.711271
0.177304	24.171003
0.179624	23.974216
0.178908	26.456699
0.190982	25.202797
0.231235	27.914948
0.246613	26.487097
0.225432	28.404428
0.202925	25.651413
0.222031	26.390894
0.228000	24.378611
0.220176	23.514833
0.204518	25.175041
0.214674	25.469336
0.211827	25.418066
0.194321	25.127108
0.211481	30.130699
0.234220	26.060658
0.215092	21.118071
0.207967	22.224253
0.222576	21.650476
0.224888	21.954502
0.200440	19.200308
0.185448	18.717993
0.173556	19.028019
0.172916	20.432926
0.183841	20.073944
0.162256	19.144609
0.163606	18.131149
0.153856	16.068430
0.170034	13.740595
0.209445	12.759190
0.185737	16.793154
0.191089	16.563665
0.154264	15.753279
0.179176	18.044640
0.184692	16.711428
0.182278	19.549179
0.228086	21.372433
0.231454	24.787203
0.217102	26.785320
0.195226	24.843657
0.210147	25.774597
0.210727	25.343138
0.233013	25.160276
0.260143	25.325788
0.285814	26.179535
0.219579	24.995895
0.210993	29.150803
0.209716	29.334845
0.217208	27.357327
0.235107	23.145811
0.248921	20.964811
0.312169	21.919107
0.311213	20.509375
0.332478	23.916466
0.323205	27.752737
0.322621	25.199852
0.331855	24.828030
0.388187	27.269558
0.439409	26.556355
0.469294	23.454590
0.481990	22.064098
0.500120	60.444424
0.658490	63.164036
0.625841	74.504074
0.584430	55.026932
0.586861	34.401882
0.630911	44.506565
0.637393	66.124046
0.894194	123.039978
1.070288	119.216782
1.020997	85.398087
0.927570	88.723396
1.708136	145.853485
2.466129	165.968491
2.483027	170.660248
2.651119	168.324615
2.608614	171.219681
2.602975	168.512146
2.727006	170.785568
2.835878	170.872131
2.879641	172.855865
2.948626	171.296600
2.904132	167.767334
2.937454	170.622040
2.930266	170.594376
2.934224	176.128754
2.980616	178.623795
2.974446	178.259705
2.994874	176.208008
2.994319	178.672775
2.990551	178.371414
3.002846	179.303284
3.032092	179.603119
2.990292	178.529755
2.993258	179.280396
2.947809	179.093277
2.994514	178.786499
3.019808	178.615646
3.020778	178.848328
2.990027	178.886765
3.047912	177.436539
3.058110	178.411011
3.073851	179.510818
3.082598	178.143967
3.057238	177.084137
3.063273	178.016022
3.051393	178.302017
3.045443	176.469910
3.039821	176.444916
3.054004	178.232376
3.011497	178.325562
3.024244	178.132278
2.998317	178.232880
3.010202	178.551498
2.937531	177.592026
2.982246	179.631104
2.947176	179.181839
2.887583	179.488831
3.031058	179.742416
2.992095	177.495041
2.871514	178.258392
2.947697	178.034393
2.962601	179.998703
2.961095	178.008118
2.992891	175.569504
2.991412	176.054932
2.911055	174.390411
2.954121	173.206085
2.985908	174.741943
2.903520	169.102676
2.832569	169.155106
2.859069	157.643570
2.826623	151.093399
2.723216	126.947678
2.802322	123.512924
2.637201	122.656303
2.678241	131.432968
2.669389	106.922150
2.693805	119.917648
2.566239	139.655685
2.430167	146.610291
2.104106	139.208359
2.130179	149.086624
2.131214	130.934555
1.885601	127.597420
1.946647	132.975906
1.527371	114.225800
1.505436	110.098099
1.409392	100.126999
1.095058	78.457321
0.919630	58.858353
0.707808	35.953083
0.716717	33.341595
0.630665	33.126472
0.581138	32.812931
0.491624	29.641893
0.478403	27.528370
0.470979	26.301279
0.426336	23.276663
0.410201	24.914179
0.397658	22.051998
0.386257	24.049934
0.368554	25.032042
0.353975	21.365396
0.343367	20.606791
0.331184	20.483116
0.344093	18.688232
0.315810	20.052496
0.293653	18.995596
0.271613	20.797161
0.261061	16.615837
0.240302	20.042137
0.244625	17.431286
0.214799	18.052216
0.186624	14.714123
0.183512	15.200681
0.168898	15.241374
0.179257	14.722442
0.165303	11.567753
0.139154	11.916506
0.134874	12.213327
0.123083	12.373376
0.129721	11.209100
0.121222	10.251892
0.116920	10.134720
0.111289	10.844336
0.100792	10.041343
0.095305	9.875454
0.085887	8.729778
0.086024	8.136173
0.095268	10.053275
0.090252	11.202383
0.082756	11.189150
0.080719	10.367898
0.083823	10.609190
0.096437	10.666953
0.125407	11.724075
0.108665	10.383533
0.099196	10.839853
0.088688	7.857695
0.084641	8.977725
0.098910	9.871882
0.085693	10.142990
0.083225	9.412139
0.089833	11.868905
0.079177	10.983027
0.095716	9.448697
0.088750	9.190332
0.062872	7.810201
0.062198	9.329441
0.052131	6.858737
0.045114	8.137809
0.046916	7.949369
0.048300	7.390243
0.045636	5.722036
0.045045	6.811186
0.043205	5.574679
0.045025	5.410023
0.044472	5.808550
0.072397	5.607728
0.074697	5.170257
0.096891	6.091494
0.090178	7.244677
0.091099	7.191073
0.095212	7.695836
0.099368	7.433990
0.107668	8.915812
0.108285	8.937930
0.108826	8.434195
0.106674	9.039474
0.100966	6.446494
0.088750	6.907434
0.096154	7.414367
0.101733	8.569829
0.098309	8.528042
0.096580	9.187945
0.097216	9.234729
0.087671	9.410390
0.084224	11.479102
0.088849	10.870470
0.089098	10.882362
0.081017	13.361336
0.064252	12.091048
0.060442	13.579147
0.068657	13.337713
0.052349	13.037934
0.040157	13.450049
0.039849	12.574244
0.047928	12.186137
0.041652	11.796744
0.032748	11.245616
0.032816	11.384600
0.036710	10.967243
0.036930	11.138872
0.034537	10.639659
0.034562	12.099280
0.034004	12.089490
0.049077	12.119938
0.054903	12.308178
0.052782	11.064801
0.052361	11.061969
0.048316	10.447795
0.057474	10.657986
0.075844	9.123850
0.075955	9.124621
0.085915	9.879818
0.091027	11.612398
0.090914	12.562950
0.090723	12.544271
0.095462	12.378001
0.091678	10.840866
0.078837	11.620633
0.072027	11.503663
0.073496	12.395474
0.095420	12.043743
0.104305	11.740648
0.104548	11.745455
0.085016	12.044524
0.112740	12.224814
0.112224	12.209731
0.116557	11.311164
0.105753	11.870820
0.119294	11.935902
0.131329	12.097791
0.131114	11.540202
0.113389	11.441614
0.107851	11.291463
0.110336	11.885145
0.110948	11.910056
0.100928	10.913434
0.096908	11.349771
0.107410	11.242967
0.085957	10.015083
0.085865	10.011093
0.072682	9.982479
0.063288	11.222100
0.068338	11.853370
0.068277	11.811624
0.062474	11.157226
0.056668	12.015518
0.045864	12.111588
0.047362	12.107120
0.067293	10.778286
0.080073	8.975368
0.087458	8.892671
0.102695	10.226481
0.104050	10.144768
0.099917	9.612964
0.059902	8.321143
0.055730	9.324821
0.052228	9.116633
0.064067	10.310665
0.074198	9.317170
0.059545	8.975281
0.065250	8.840450
0.050278	8.657233
0.063809	9.936053
0.070627	9.490567
0.086475	9.973997
0.086312	9.944962
0.068567	10.249446
0.084128	8.993419
0.102447	11.069264
0.101526	11.037563
0.094975	10.069788
0.092114	9.818474
0.096836	11.288615
0.103439	12.080214
0.111862	12.113272
0.110181	11.647320
0.091987	12.505137
0.081000	12.191092
0.066376	12.500244
0.067075	12.474434
0.074531	12.859545
0.060797	12.709981
0.039528	13.396399
0.039299	13.401025
0.034858	13.075540
0.044872	13.242507
0.039532	11.800532
0.031370	12.861740
0.032418	12.845387
0.037082	12.815739
0.043854	13.617744
0.039268	13.764783
0.028893	14.679038
0.043176	14.869325
0.043434	14.863307
0.034596	14.598456
0.048863	14.432803
0.055630	13.350881
0.037739	14.071788
0.058294	14.278433
0.058029	14.264743
0.052830	13.976956
0.049710	12.781729
0.034907	14.059907
0.044465	14.017037
0.052375	13.872716
0.042582	14.723559
0.043432	14.718923
0.040433	15.042669
0.037661	13.117406
0.052037	15.031133
0.050243	13.913096
0.052741	15.924109
0.065558	16.009827
0.065363	16.001438
0.083128	16.872345
0.078309	17.023125
0.075200	18.255095
0.075903	16.466984
0.064679	16.251097
0.077015	17.075651
0.077262	17.976959
0.076823	17.967075
0.096471	17.609997
0.079479	17.694576
0.071076	18.725466
0.077969	20.737818
0.076745	18.960711
0.074053	19.531912
0.074605	19.311752
0.073378	19.054899
0.078472	18.402664
0.076173	18.799801
0.075468	19.787956
0.067389	19.857004
0.066761	19.367340
0.069439	17.035810
0.075815	17.893925
0.081290	17.910431
0.073783	20.505461
0.071250	20.909704
0.068807	19.917522
0.069329	20.001274
0.083596	17.425198
0.098587	17.682716
0.145726	23.840363
0.154827	16.575941
0.100804	14.554847
0.133835	12.375910
0.139807	10.780904
0.166250	14.762208
0.187241	15.143408
0.185089	13.336007
0.181648	14.250708
0.198006	11.493435
0.194064	10.503535
0.189673	10.995084
0.197204	9.240241
0.196464	9.861557
0.191950	11.703259
0.183974	14.673903
0.168825	13.499768
0.175674	12.613290
0.179211	11.931170
0.184542	12.667270
0.177946	11.375920
0.189374	10.818210
0.186368	11.274092
0.167099	9.270886
0.167579	10.144382
0.151723	10.987667
0.147254	10.998861
0.134125	10.762201
0.135434	9.913629
0.143919	12.373376
0.143717	12.986516
0.127835	13.586310
0.128356	11.685022
0.119422	12.993822
0.129535	17.643967
0.130251	12.721638
0.134684	12.778108
0.146921	13.693751
0.144337	10.606974
0.145540	11.355780
0.147540	10.732154
0.155955	14.096414
0.153001	13.745162
0.139736	12.179701
0.121008	15.773401
0.134947	17.500204
0.127068	17.654472
0.114224	16.918327
0.097145	17.822504
0.081231	20.150650
0.082555	24.494505
0.086342	27.706049
0.087564	23.668427
0.083909	24.183784
0.087367	24.507061
0.087171	24.553938
0.073110	27.637646
0.078442	26.771307
0.083269	26.334370
0.092481	28.436256
0.103330	29.500767
0.104165	30.091442
0.101466	28.326624
0.107214	29.666286
0.123223	28.394123
0.103520	27.249674
0.104460	17.938927
0.118672	17.177896
0.113941	19.351254
0.130127	18.029694
0.108124	18.729034
0.118022	22.042673
0.113628	22.078051
0.116016	20.093452
0.120124	21.969885
0.114427	19.434263
0.121682	20.705954
0.129496	17.405031
0.120995	17.595045
0.127909	14.971329
0.129415	19.645981
0.142239	17.868523
0.151714	17.412792
0.153952	13.624598
0.156959	15.160297
0.173991	13.752865
0.187559	16.166651
0.180280	14.716308
0.186905	12.211851
0.206388	11.573309
0.219174	12.675749
0.241439	15.474564
0.266887	8.587453
0.292882	13.009688
0.289782	11.419529
0.303653	17.163391
0.342286	18.804693
0.323916	15.708058
0.323251	12.534140
0.351595	12.315375
0.376145	12.250831
0.405271	14.199075
0.427601	17.730291
0.418622	13.974936
0.425124	15.291149
0.420954	18.093918
0.421627	21.229263
0.426393	20.989351
0.413447	23.500549
0.444230	25.856726
0.428461	22.337337
0.427198	22.307240
0.446154	22.154861
0.426061	22.795309
0.457142	19.292114
0.481530	19.035746
0.485884	20.020456
0.497512	18.372868
0.522563	20.045080
0.514603	20.963799
0.535891	22.057709
0.580510	19.411551
0.608162	18.269688
0.592676	17.993172
0.591115	17.335648
0.597050	17.652159
0.591895	18.530027
0.584183	20.327332
0.623427	20.972956
0.636797	20.982338
0.663340	20.214270
0.629159	20.006502
0.631423	18.362896
0.644439	18.842325
0.675048	22.848024
0.663706	21.044142
0.650999	21.287066
0.663415	21.064629
0.627994	18.706230
0.621673	18.371925
0.614601	22.198015
0.593635	20.985600
0.592501	16.947926
0.546556	16.691113
0.497676	17.247866
0.466206	19.552397
0.419692	13.668921
0.395239	11.246872
0.377642	11.222729
0.349218	7.407498
0.356430	11.695082
0.336566	12.135390
0.307339	10.459043
0.276763	13.273274
0.266802	11.070539
0.260667	8.778819
0.240919	9.480158
0.233820	9.350665
0.254130	11.463314
0.242881	9.417548
0.226548	8.160110
0.230439	5.279795
0.223108	4.563294
0.218678	2.421261
0.218050	2.844881
0.225718	3.312225
0.228124	1.749832
0.214872	3.182539
0.194218	3.360091
0.183855	3.410041
0.186505	3.899267
0.175936	4.735388
0.186884	4.080944
0.183489	5.764844
0.174836	6.042060
0.170791	7.208371
0.167998	7.880290
0.182693	10.578337
0.156013	8.454233
0.178021	12.399143
0.172679	12.669622
0.171608	13.599180
0.154643	12.302123
0.154668	10.106920
0.142553	9.877677
0.134036	8.025178
0.132182	10.271978
0.109222	8.668718
0.109185	7.901732
0.089716	7.134106
0.099241	7.714539
0.091298	7.183556
0.098917	6.626915
0.087566	6.427272
0.083233	5.445078
0.088423	5.143231
0.081334	7.376453
0.085431	7.086300
0.099286	5.099969
0.102148	6.739174
0.102199	6.790690
0.116089	7.056175
0.109913	6.570782
0.108400	6.923176
0.100106	6.541637
0.124315	6.872312
0.121772	6.245729
0.134368	6.777761
0.139777	5.877298
0.140653	6.823593
0.166608	6.218841
0.155545	6.904600
0.162009	5.966288
0.155075	6.207876
0.167775	8.828833
0.181597	7.954196
0.220459	7.292626
0.246636	6.041282
0.221692	6.823822
0.229174	7.756865
0.245913	7.532897
0.260635	7.186062
0.235726	7.127186
0.239490	6.761912
0.238954	5.763350
0.228260	6.229283
0.250591	5.197443
0.241240	5.957357
0.243641	6.407871
0.240045	4.261675
0.244634	5.024494
0.238363	6.397964
0.252704	4.442812
0.253369	4.482285
0.246998	6.200051
0.230876	6.157086
0.241150	8.927140
0.242876	8.784976
0.247337	6.433604
0.268469	5.199853
0.276029	6.118045
0.256912	3.638383
0.266379	3.737510
0.264682	4.526432
0.258296	4.439639
0.263939	3.518949
0.258811	4.895692
0.263582	4.437346
0.255326	4.526778
0.260284	4.115328
0.270609	4.448976
0.292258	4.153954
0.306263	5.728737
0.296967	4.900487
0.307356	5.660814
0.317992	6.299783
0.309579	6.013220
0.277941	5.812054
0.318423	7.428826
0.313358	8.579878
0.329541	7.117290
0.330971	7.588527
0.333810	8.628954
0.307673	8.464974
0.304523	8.555648
0.289032	7.139483
0.313665	6.179429
0.316741	12.330647
0.315406	10.987381
0.316997	9.975569
0.285361	8.137617
0.327361	9.144265
0.355448	10.966743
0.360498	9.099256
0.354416	8.200234
0.356636	7.198040
0.323754	4.538178
0.332018	9.943150
0.349587	5.421155
0.061996	4.055737
0.060263	2.379522
0.070134	3.304891
0.067934	3.665819
0.064486	4.139795
0.075430	3.281358
0.084949	3.394395
0.073548	3.484972
0.069438	4.696708
0.080761	4.092246
0.077919	4.612609
0.069958	4.460224
0.072952	4.481236
0.063241	5.265688
0.060755	5.547363
0.072435	3.729543
0.069225	2.627164
0.069425	3.663469
0.069608	4.177632
0.070322	4.143953
0.066953	5.169197
0.084130	4.189982
0.086195	4.850547
0.096981	3.393473
0.103896	3.239583
0.118692	4.244188
0.124612	5.403796
0.133678	2.520107
0.137782	1.093594
0.135066	nan
0.147436	1.445610
0.145870	2.645868
0.148193	2.734325
0.169832	2.212475
0.156864	2.352726
0.156809	2.253487
0.144825	4.929161
0.145702	5.353428
0.147555	7.235915
0.159994	8.806708
0.164657	8.389492
0.181172	5.799781
0.192353	5.470041
0.199114	8.130201
0.208321	6.687497
0.206380	7.912133
0.202087	5.698725
0.182471	5.512674
0.180306	2.798554
0.171472	1.936673
0.177797	3.766927
0.172805	3.292789
0.162044	3.927074
0.154520	5.343620
0.133553	6.800945
0.096977	6.571139
0.096899	7.887046
0.089573	8.761669
0.090869	8.806619
0.085133	9.730042
0.075577	10.896470
0.093670	12.490829
0.088562	12.545773
0.088485	14.009589
0.093129	14.355332
0.077837	13.646061
0.089107	15.492207
0.090803	15.504364
0.075373	13.641057
0.086405	14.146921
0.087271	15.735974
0.086026	19.543064
0.075962	17.175150
0.113169	13.153594
0.094677	14.554847
0.083920	14.687483
0.111555	15.355186
0.112653	14.186248
0.141176	16.960482
0.148278	15.022098
0.145747	18.337881
0.132032	18.242821
0.115140	18.199728
0.118219	14.921332
0.129449	14.701100
0.153590	12.767486
0.151532	12.962577
0.174672	10.362679
0.159384	11.747858
0.134409	10.023376
0.144434	8.220654
0.144333	5.075192
0.153764	5.808011
0.152924	4.226999
0.156858	4.338685
0.150614	4.897291
0.157354	4.732411
0.158136	4.697541
0.162752	4.198381
0.159085	3.465827
0.156482	1.794877
0.156072	1.920438
0.182135	2.365666
0.163002	nan
0.165702	2.973495
0.143531	3.454288
0.120476	3.756730
0.109620	4.931861
0.109577	5.248114
0.098021	3.857079
0.099412	3.695595
0.094729	4.252665
0.118560	4.760781
0.124679	4.334713
0.132332	2.502340
0.160871	3.451114
0.166384	1.746698
0.189945	1.398272
0.216958	2.944395
0.217304	3.383308
0.227668	3.939215
0.251545	6.153524
0.288926	6.205731
0.334844	6.040763
0.332087	8.325755
0.342890	10.388061
0.338389	11.761266
0.321967	15.685950
0.359363	17.864168
0.358323	18.139341
0.362889	18.720720
0.365752	24.111490
0.373865	26.462996
0.392009	27.424084
0.375781	28.275551
0.382752	28.688610
0.369269	31.595238
0.367555	32.723026
0.371509	33.333477
0.361504	32.739536
0.362049	34.210938
0.384942	32.267227
0.353279	30.093550
0.366655	29.941235
0.321597	31.371904
0.305548	30.215511
0.294597	27.470205
0.286204	26.386015
0.263077	26.355894
0.236000	27.348373
0.270311	22.390135
0.269248	24.614765
0.262380	23.127863
0.275998	22.884136
0.332197	27.063070
0.333899	29.816578
0.338785	33.841217
0.294756	36.060352
0.329256	40.674316
0.331887	40.967484
0.334051	41.808941
0.319173	42.416821
0.281184	43.378639
0.270519	41.307953
0.289986	42.638641
0.267842	42.599888
0.191435	35.278271
0.124716	37.614857
0.158423	32.997231
0.154662	24.576122
0.115607	24.627003
0.157916	30.141340
0.171083	23.029116
0.151854	18.817064
0.170043	18.358999
0.138798	15.792355
0.108100	15.239880
0.070251	16.805216
0.089229	14.205815
0.090992	13.149120
0.084919	11.724877
0.045612	12.324159
0.056476	13.091968
0.028269	12.369381
0.023567	13.799792
0.011463	13.502673
0.027496	15.953716
0.025325	17.119854
0.062698	17.875866
0.054871	17.624048
0.055338	18.135441
0.085277	19.694403
0.081892	19.055605
0.097767	19.870941
0.092942	20.860189
0.103669	21.822397
0.094735	23.454287
0.116712	21.629154
0.117187	22.286470
0.136223	23.113411
0.168441	23.019981
0.190841	22.705097
0.210928	22.842093
0.193561	23.452271
0.223446	22.590897
0.203301	22.919744
0.212261	23.301838
0.208938	22.375427
0.219790	22.791128
0.251588	22.666267
0.247521	21.499872
0.233564	22.834709
0.248021	25.166172
0.231374	22.903925
0.241126	22.420546
0.249762	20.639261
0.230235	21.138933
0.213466	22.209259
0.212459	22.777674
0.191533	17.803226
0.199616	16.999388
0.176890	16.306623
0.164678	17.441919
0.152145	15.429852
0.181635	15.421966
0.174449	13.478656
0.167341	13.208937
0.150660	13.667315
0.201610	13.020657
0.217632	12.913592
0.244001	11.460921
0.237989	10.767809
0.299671	10.779668
0.304764	9.389049
0.284771	9.084261
0.253124	9.338423
0.270092	8.967246
0.233185	8.964624
0.212426	9.769506
0.235993	8.552534
0.263007	7.878501
0.269236	7.732592
0.281081	8.933808
0.272405	9.062846
0.293961	8.595842
0.314828	8.468861
0.343608	10.822122
0.314938	9.278660
0.279543	9.693006
0.307074	11.456336
0.300108	10.697113
0.273958	9.471310
0.239027	9.758993
0.216974	9.946774
0.256835	10.635827
0.281316	13.282608
0.283072	12.642233
0.308866	14.365824
0.291492	15.409183
0.285474	10.274115
0.289746	8.744394
0.271210	8.255172
0.263047	9.433675
0.296042	11.371303
0.297632	10.332003
0.311927	11.669982
0.298505	13.675521
0.271777	13.823140
0.294195	11.828538
0.317183	11.291394
0.327387	13.062878
0.286872	13.072302
0.293318	14.013958
0.336465	11.856280
0.348953	14.762794
0.351478	15.714555
0.361015	11.766932
0.385380	12.259532
0.427080	9.909913
0.433964	11.616314
0.433676	13.078000
0.418563	12.299318
0.427775	12.662812
0.455405	12.762938
0.478344	15.353910
0.453789	16.075756
0.491780	15.516967
0.522291	15.528448
0.495778	9.234050
0.520936	8.219414
0.518138	6.312698
0.511842	6.895633
0.445302	7.151211
0.433985	6.464205
0.410456	6.995088
0.407434	7.202501
0.440511	6.760754
0.431534	7.553560
0.400963	5.522466
0.401296	5.334381
0.397189	5.429093
0.373473	5.317034
0.393776	4.636649
0.396948	4.235141
0.422229	2.344060
0.423802	2.992650
0.398432	2.650007
0.355320	4.183624
0.366455	4.927572
0.344195	4.893773
0.290588	4.061137
0.250547	9.460632
0.200636	6.191583
0.182908	6.971874
0.157572	3.528280
0.171311	3.751099
0.150610	4.958142
0.180061	1.468174
0.100901	6.281361
0.118606	5.449821
0.135980	7.376983
0.156178	5.727233
0.203999	5.619444
0.161025	8.662932
0.124462	8.528409
0.126995	10.116687
0.133846	11.495209
0.098702	13.047316
0.088609	13.588851
0.054790	19.134953
0.038416	22.247099
0.035900	18.005398
0.024999	19.120483
0.036300	18.794031
0.018530	19.263519
0.059088	20.646429
0.057207	18.007622
0.054063	19.722342
0.045726	18.273298
0.058291	18.461685
0.081741	17.521519
0.103260	16.063101
0.099543	14.920966
0.101445	15.216733
0.113087	16.333906
0.101664	15.341940
0.078748	13.689799
0.107104	12.756177
0.109464	11.789431
0.103642	11.062534
0.143779	12.546711
0.144159	12.550898
0.133348	11.988471
0.137931	10.678117
0.183281	10.290883
0.193655	8.746275
0.166147	11.736240
0.191950	11.309154
0.207286	13.216121
0.193149	10.540778
0.174190	10.982600
0.162693	9.085297
0.185350	9.571465
0.210985	11.297641
0.194046	10.479104
0.199502	10.890426
0.187334	11.376266
0.183078	10.521278
0.192027	10.529619
0.219148	11.407165
0.246113	10.876527
0.252765	12.006379
0.271809	12.392248
0.292766	13.624771
0.288405	13.570653
0.288661	13.585675
0.295311	12.763185
0.304758	11.892663
0.315442	13.689569
0.296833	12.698560
0.297989	12.700969
0.259151	13.056931
0.280622	14.499692
0.261546	13.990253
0.248967	14.375271
0.268759	15.637274
0.181458	16.503429
0.193822	15.842591
0.162404	14.482741
0.115833	15.702760
0.137573	15.009446
0.180739	14.822325
0.180395	14.826826
0.166396	14.775973
0.139819	14.985372
0.140956	15.807362
0.138434	17.556328
0.139191	17.582893
0.164238	16.148327
0.184805	17.553373
0.183841	16.203526
0.166308	15.607874
0.164860	15.785840
0.212726	15.473648
0.258025	16.617161
0.270688	17.699995
0.272112	17.685957
0.291679	17.385113
0.268226	15.835303
0.267947	14.625045
0.267834	14.629659
0.280432	15.557644
0.274551	15.122765
0.263027	15.043296
0.252694	15.275689
0.238030	17.468521
0.245082	14.403031
0.236119	15.482881
0.237189	15.458828
0.231352	13.269609
0.268541	13.989750
0.269547	15.932489
0.267972	16.474134
0.225796	12.994969
0.225628	13.000763
0.255805	14.079370
0.262197	16.536568
0.285563	19.645540
0.295804	20.914106
0.292784	22.170673
0.322870	20.726583
0.326148	20.465784
0.320799	19.502455
0.332509	15.829154
0.337604	14.763378
0.339693	13.698163
0.314747	11.844701
0.312021	12.310853
0.304031	14.931113
0.297597	15.602442
0.287366	14.887735
0.259221	13.670357
0.272931	14.942307
0.296493	13.250798
0.307267	12.085987
0.303767	9.826053
0.296801	9.498655
0.305838	9.032104
0.308379	8.437817
0.305294	8.879622
0.307414	7.896773
0.305348	9.091589
0.315984	8.017463
0.309206	8.267687
0.318658	8.793444
0.303891	8.811155
0.301992	7.938029
0.299375	8.310687
0.298385	8.373791
0.293989	7.209457
0.296983	7.920049
0.298490	7.351459
0.287166	7.656858
0.278241	6.989151
0.274421	8.334312
0.269127	8.834421
0.266652	9.763166
0.258798	9.230740
0.254280	7.640985
0.252460	6.644145
0.244199	7.894095
0.234129	6.212416
0.221950	8.531348
0.214484	9.255406
0.208030	8.925561
0.208914	7.473919
0.198138	9.913154
0.188081	9.370255
0.181352	8.823595
0.171977	8.315869
0.162476	8.324343
0.151869	7.599150
0.154560	8.413829
0.144252	6.540919
0.130747	7.521138
0.128214	7.630933
0.106630	8.329236
0.100465	6.666502
0.102901	5.176462
0.099945	4.725623
0.098598	4.667278
0.098806	5.713271
0.102191	2.553738
0.116246	4.276896
0.114573	nan
0.128095	2.066501
0.143549	4.140552
0.169325	3.328257
0.147962	5.698863
0.152592	3.338824
0.154522	2.098823
0.169024	5.013105
0.194898	8.615416
0.188071	5.787753
0.219358	3.281835
0.254209	5.165257
0.246537	4.984601
0.261472	4.958301
0.264420	3.943783
0.271850	4.925507
0.287492	6.655098
0.275012	6.310340
0.284754	9.123334
0.315385	7.139373
0.318251	9.489328
0.334045	11.084056
0.347061	6.962206
0.348337	8.017854
0.343769	7.947989
0.353565	7.557292
0.363896	9.994248
0.367240	10.332989
0.364948	6.455477
0.372423	10.802693
0.384195	10.148862
0.374003	12.014670
0.349768	12.799572
0.334706	11.691528
0.361954	12.503067
0.360124	17.576769
0.349677	15.421354
0.335023	15.735974
0.331493	17.196041
0.313126	20.072651
0.301374	20.864075
0.294829	19.260742
0.289742	20.436081
0.290073	21.111097
0.281226	20.528975
0.272956	20.536100
0.253591	18.955070
0.246676	17.688402
0.231286	18.643293
0.236795	19.718550
0.242707	19.531832
0.235028	18.989138
0.221885	16.381487
0.200677	16.047792
0.204108	15.571363
0.219215	12.409575
0.225383	13.439487
0.207626	13.513474
0.202645	9.500304
0.219939	7.967479
0.213264	9.083485
0.214172	6.642849
0.226841	4.804325
0.234189	2.954480
0.187636	4.426394
0.162567	3.933846
0.134851	4.390165
0.165063	4.083436
0.175287	3.643973
0.179216	0.707756
0.189681	3.927871
0.158330	3.365445
0.153464	6.333998
0.160751	3.546426
0.166080	4.196329
0.156675	3.230146
0.159550	3.240791
0.156365	3.382614
0.142800	5.058504
0.124058	3.892234
0.136340	5.335263
0.166364	4.246217
0.164574	6.297173
0.154935	6.309844
0.169410	8.342299
0.179788	10.413907
0.201752	9.614350
0.207815	9.786096
0.234381	11.195455
0.283666	10.983528
0.305117	12.839525
0.334267	14.141929
0.348527	14.679357
0.340739	13.975664
0.339088	15.010179
0.364856	16.551046
0.381562	15.757216
0.410268	16.450903
0.429319	17.023493
0.421230	16.439920
0.404385	15.871262
0.416943	16.032568
0.395721	19.870192
0.382042	18.211773
0.380822	15.084722
0.354837	14.072569
0.347620	13.874413
0.337310	13.621431
0.333864	12.235587
0.322700	11.635600
0.319873	10.857121
0.309829	9.657207
0.311383	8.846296
0.309013	8.052169
0.306357	8.401715
0.304533	8.878476
0.295021	9.736001
0.291977	10.970101
0.296632	9.029848
0.299928	9.921847
0.303801	8.696871
0.319973	11.233759
0.310689	12.919240
0.304541	12.636213
0.315722	11.816467
0.318838	14.449814
0.308182	13.402195
0.319769	15.822853
0.305119	17.017771
0.301948	17.292900
0.298877	15.780968
0.288624	15.658046
0.305205	14.701156
0.309957	12.568255
0.308345	15.298385
0.273365	16.531389
0.275501	11.798539
0.264261	10.426318
0.263882	10.550366
0.263181	8.242920
0.291456	8.856033
0.245777	8.810622
0.223510	9.061723
0.234261	10.399523
0.230988	10.022514
0.215361	10.989021
0.181035	10.161363
0.175528	11.505843
0.225713	10.105525
0.186037	9.276294
0.141229	9.776563
0.139678	12.008925
0.132225	11.849600
0.112734	11.009334
0.108538	12.164111
0.119357	11.161019
0.110370	11.442504
0.113029	11.426943
0.113838	11.452914
0.101819	10.828204
0.157817	6.505023
0.188227	8.722056
0.188549	8.690022
0.140986	7.859888
0.149234	6.811646
0.160816	7.592757
0.161015	7.600388
0.143480	7.521450
0.136375	8.365742
0.127255	7.180284
0.132803	6.572569
0.132826	5.992479
0.153737	7.804683
0.144221	5.943408
0.143733	6.563508
0.138620	7.115639
0.138496	7.204893
0.152164	8.801725
0.143117	8.655063
0.115854	6.494903
0.118243	8.634490
0.104002	10.488451
0.100707	12.380661
0.106375	12.041268
0.126131	13.649681
0.111179	13.647209
0.093481	12.528945
0.126921	9.561964
0.120716	10.582264
0.113179	12.100512
0.116998	12.056692
0.115786	11.639509
0.125674	11.671392
0.113601	12.225969
0.107708	12.819044
0.106874	11.363233
0.225178	10.222188
0.279413	9.218424
0.222488	6.819919
0.236664	7.697464
0.270554	5.668140
0.260283	3.528280
0.235681	1.584577
0.184261	4.884004
0.198930	5.197443
0.220081	4.443693
0.256078	5.895389
0.308941	6.695572
0.283776	4.171631
0.293146	4.715175
0.242074	4.285673
0.265229	3.962398
0.279938	4.785549
0.311697	4.655858
0.313928	7.458603
0.293561	7.535703
0.252634	7.618503
0.273932	12.268037
0.261999	19.410942
0.259511	14.633144
0.262857	16.837626
0.269664	21.336342
0.235522	18.363882
0.257234	16.643326
0.235681	15.126085
0.237666	12.530824
0.220487	14.170530
0.237882	13.789214
0.222649	15.720950
0.185697	13.727456
0.172937	12.343996
0.189140	14.623972
0.191092	17.602144
0.193651	16.672419
0.198579	15.020216
0.185431	15.103079
0.205112	13.358283
0.190149	17.117832
0.178088	18.715513
0.148628	16.676094
0.138542	14.035609
0.126205	11.918348
0.126782	11.174849
0.131002	12.326640
0.112098	12.377176
0.118256	12.327785
0.112876	10.919035
0.113841	11.951198
0.100206	10.670847
0.108868	11.448191
0.109945	8.967683
0.096634	8.739734
0.103582	8.488173
0.096760	8.900157
0.101548	7.749389
0.101953	7.082099
0.088536	6.963893
0.097130	7.592448
0.086464	7.724484
0.093024	7.320283
0.089478	8.152043
0.083666	8.189816
0.086701	8.646912
0.075633	9.248039
0.085858	10.116609
0.085512	10.084021
0.093364	9.422289
0.087191	9.311619
0.080595	9.594606
0.068478	11.207142
0.060758	11.744121
0.064441	10.354660
0.067563	10.077179
0.067798	9.025509
0.058838	9.050908
0.053179	9.212132
0.044962	11.583669
0.057316	10.733468
0.063406	9.524686
0.066003	12.846364
0.068628	11.941746
0.049635	10.680245
0.050826	11.284379
0.047323	9.451765
0.044405	8.753976
0.047642	8.562969
0.049132	7.575923
0.044249	7.495476
0.049265	7.068374
0.060929	6.447223
0.071376	7.288330
0.078933	6.325091
0.073773	6.767932
0.070878	6.253373
0.070201	6.319764
0.071181	5.690200
0.072884	5.849387
0.093248	5.656387
0.102150	5.944725
0.102296	6.732547
0.101423	6.761101
0.089283	6.864444
0.084468	7.494640
0.078276	6.607032
0.078680	7.973475
0.082074	6.727660
0.080016	7.135422
0.079095	5.636696
0.077298	5.831690
0.071180	4.847802
0.076575	5.731333
0.074044	5.540866
0.076501	4.999343
0.079693	5.668279
0.082126	5.441914
0.078175	5.458578
0.077051	3.547750
0.077559	2.743756
0.067464	3.829990
0.078716	4.603945
0.078591	4.032896
0.078078	3.630198
0.065284	3.454288
0.074264	3.026721
0.077185	5.584642
0.071779	4.734892
0.065779	5.065773
0.070257	4.195770
0.068822	4.046461
0.079423	5.490757
0.079995	3.415775
0.097488	5.541573
0.095428	4.579906
0.090924	4.976111
0.104923	5.939059
0.117283	5.044865
0.102041	5.946832
0.110694	6.766544
0.113609	6.612245
0.099148	8.132513
0.089078	6.596949
0.073940	8.038929
0.073900	7.493490
0.080228	7.507274
0.078378	7.310112
0.073490	8.021761
0.071425	6.868093
0.063963	6.032721
0.063689	5.285872
0.087335	7.203153
0.120690	7.772198
0.116356	8.131935
0.112486	6.880169
0.111591	10.391456
0.109830	12.914564
0.127926	9.719647
0.121356	7.653378
0.115902	7.560400
0.111604	8.524275
0.134026	8.275642
0.132104	7.242839
0.125998	7.486274
0.142959	9.437993
0.118453	7.128175
0.121429	5.035234
0.120445	6.653333
0.118353	7.263464
0.124008	7.538197
0.112937	8.338917
0.139123	6.438593
0.106752	7.266482
0.110234	8.124226
0.079389	5.925727
0.110453	5.491185
0.087020	5.968125
0.089173	7.159967
0.070101	7.900046
0.099554	6.922045
0.092202	6.456811
0.114419	7.131361
0.084217	8.880681
0.095725	9.727626
0.131954	10.271596
0.136980	8.951681
0.157823	7.549307
0.164276	8.801458
0.165614	9.936842
0.158618	8.483464
0.154306	8.904294
0.147576	10.400124
0.109319	11.097837
0.127513	10.934890
0.141359	9.678767
0.157228	9.565898
0.149493	8.938280
0.166952	9.965429
0.168182	10.384589
0.142448	11.411288
0.152464	10.341784
0.155255	9.714406
0.144877	9.624044
0.156427	9.655990
0.160173	10.928939
0.150870	9.618832
0.140325	10.292103
0.142355	10.354357
0.151172	10.782939
0.155504	9.971953
0.176137	10.747480
0.158182	11.202383
0.138902	9.829082
0.130437	10.599506
0.127849	9.861716
0.124435	9.712147
0.130890	11.772794
0.136819	9.489411
0.140510	11.893059
0.129882	9.847163
0.124659	10.158972
0.134186	10.434056
0.139492	11.170076
0.126428	9.109496
0.127103	9.296039
0.133494	10.655337
0.138267	10.023141
0.144493	9.897728
0.144202	11.637352
0.156980	11.050056
0.150813	10.858494
0.156599	11.633040
0.125063	9.615654
0.142713	10.143222
0.141086	9.214342
0.151323	10.043058
0.149750	9.691550
0.145075	9.099600
0.142554	9.209325
0.142008	9.282965
0.123928	8.841779
0.132042	9.543015
0.137124	10.929440
0.146616	11.222729
0.129737	8.574491
0.120074	8.062475
0.128828	8.120561
0.132010	8.182257
0.113996	7.549826
0.116666	9.329693
0.116912	9.006477
0.137669	8.782389
0.125192	7.505605
0.148063	7.262494
0.150437	5.401042
0.153599	9.612231
0.160752	10.565584
0.163167	8.799946
0.170623	9.360883
0.166744	9.670019
0.179321	10.281207
0.183709	8.404792
0.171375	9.396892
0.158852	10.695793
0.137833	10.375605
0.103805	9.849313
0.108909	10.290958
0.102801	9.316835
0.101257	8.738748
0.101056	7.691457
0.084603	8.510846
0.081638	9.021429
0.072432	7.846922
0.081728	7.667284
0.089403	6.792880
0.080928	6.072052
0.075971	5.971273
0.085663	5.962743
0.089243	6.938092
0.080239	7.467208
0.073459	7.258933
0.058161	6.640727
0.047051	6.159248
0.037054	6.259505
0.042145	5.499449
0.065897	5.250053
0.063403	3.801061
0.077811	3.999955
0.038770	2.775806
0.070636	2.705546
0.082411	1.609085
0.056108	4.486126
0.051862	3.000748
0.062372	6.533970
0.065147	6.981303
0.051818	9.291992
0.045104	8.796205
0.039240	8.224559
0.035936	7.809598
0.038971	6.089822
0.037932	7.692375
0.038527	5.785588
0.044642	8.585264
0.055310	6.196007
0.081466	7.336741
0.070639	7.655528
0.076876	7.111344
0.065092	6.433483
