0.045363	5.843628
0.055973	6.490440
0.053599	6.263008
0.060190	5.711626
0.054688	7.128835
0.054646	7.502996
0.054810	6.670143
0.045082	5.570744
0.050314	7.090168
0.056826	6.894270
0.060951	6.437499
0.061822	7.549826
0.061133	6.808771
0.045267	6.386081
0.040369	7.900245
0.038169	7.620765
0.036869	7.625902
0.034481	8.576774
0.018756	9.181804
0.021517	10.025017
0.019077	9.703267
0.024459	10.412853
0.033260	10.916450
0.041508	10.817412
0.040563	11.459278
0.047747	10.530809
0.047952	11.528443
0.056361	10.134798
0.046969	8.020003
0.039375	8.721518
0.042246	8.293608
0.058550	7.760095
0.039648	6.774524
0.041815	8.218080
0.033024	6.160265
0.038205	6.047629
0.055725	6.418005
0.044012	5.548774
0.042193	4.826113
0.050312	5.249009
0.048571	5.560193
0.046390	6.591606
0.048870	5.375322
0.058228	6.459722
0.046713	5.951965
0.033590	3.922486
0.032904	5.879296
0.037301	5.082438
0.029634	3.676268
0.009502	3.637737
0.026602	4.547139
0.010278	6.010355
0.023092	6.350173
0.028495	5.599483
0.021039	5.252737
0.023080	5.172982
0.022194	5.325862
0.034664	5.462593
0.037722	4.968081
0.037150	4.651484
0.039804	4.437875
0.026717	4.279641
0.029744	3.546867
0.058405	2.994742
0.055866	3.784343
0.040617	nan
0.043330	nan
0.058672	nan
0.042793	4.234401
0.035294	4.854419
0.027329	1.569190
0.021971	2.811391
0.021437	nan
0.016340	2.439619
0.016109	3.164038
0.009893	3.521840
0.010663	nan
0.012726	1.945544
0.014683	2.956069
0.014324	1.978259
0.011919	2.069908
0.017255	3.152389
0.017529	4.978629
0.015770	4.796823
0.019323	4.236434
0.019028	5.653202
0.030897	4.610063
0.037385	4.791598
0.025165	6.073341
0.023600	8.456827
0.039669	6.178922
0.034883	5.606890
0.048891	5.489902
0.039804	5.392337
0.044385	6.169791
0.052169	5.938267
0.037631	3.519616
0.058636	7.486798
0.070802	6.791728
0.079022	6.648387
0.058764	5.149165
0.070408	5.993393
0.069490	5.140033
0.063407	4.380168
0.057335	4.825140
0.065565	4.634284
0.066051	4.648453
0.066280	5.112848
0.072225	6.468080
0.060270	4.585714
0.049343	6.154160
0.054347	5.321302
0.062716	6.558017
0.064576	5.808011
0.059266	5.116522
0.062732	6.046853
0.048379	7.105064
0.054624	5.505141
0.069032	5.986727
0.076588	5.906536
0.095328	4.780965
0.098698	6.297795
0.100667	6.419347
0.113789	4.048588
0.094980	3.882165
0.096879	4.423209
0.097980	3.106112
0.093749	3.437933
0.086688	1.913088
0.084901	5.473475
0.088688	7.161608
0.108201	9.507725
0.110222	8.321143
0.101574	10.717317
0.104263	8.093699
0.110231	9.732217
0.121121	8.676669
0.126748	9.691955
0.130059	9.247362
0.108544	9.835618
0.142620	9.704076
0.140571	10.652838
0.131653	11.602807
0.131110	10.388664
0.150835	6.790920
0.136846	7.327021
0.149408	6.181457
0.164413	10.848816
0.176394	14.305777
0.171049	10.803710
0.198177	16.497147
0.244863	15.029673
0.259681	15.896226
0.286744	11.777122
0.263994	14.323975
0.280605	10.194165
0.292827	12.017803
0.309640	12.053764
0.277478	14.679145
0.207675	16.233402
0.190997	14.236163
0.163225	17.783129
0.126722	12.121425
0.109502	12.892257
0.112001	13.655369
0.147573	6.420201
0.165447	14.748806
0.151198	12.150437
0.148390	13.044670
0.144177	11.408058
0.152511	14.705800
0.130974	15.453139
0.137053	15.003798
0.145355	14.906703
0.131459	18.281128
0.116193	16.773497
0.098981	16.339388
0.037501	18.149174
0.079347	14.610387
0.055592	12.803555
0.047714	9.294775
0.043158	6.273002
0.034067	10.085341
0.038010	10.502116
0.020817	10.241796
0.018055	6.245353
0.029989	6.819116
0.013935	4.366743
0.026644	4.659723
0.040272	2.976915
0.042230	0.783342
0.036707	2.077457
0.021417	nan
0.026468	2.844881
0.047837	3.224324
0.073147	1.383076
0.071655	4.049168
0.078626	6.836206
0.083028	7.141787
0.087138	4.220883
0.118863	3.825286
0.125306	5.805583
0.135801	4.702039
0.151774	5.655279
0.177942	5.310698
0.186702	7.980152
0.200269	9.944410
0.223570	2.323265
0.258373	5.452694
0.259615	12.688736
0.307531	17.791172
0.313888	12.609372
0.307281	8.712800
0.330322	8.244347
0.372618	10.506891
0.371099	20.033030
0.426670	8.482356
0.386663	11.341065
0.408463	17.380548
0.497538	12.805331
0.442173	12.204720
0.532898	18.059483
0.487632	16.548958
0.527846	26.478716
0.407559	11.567684
0.385238	16.061049
0.354747	15.567682
0.371625	19.412886
0.342504	12.367607
0.299815	12.505764
0.244009	12.261643
0.204061	7.381866
0.181684	7.621689
0.181928	6.566370
0.143483	5.344939
0.105816	4.981458
0.084261	3.774608
0.077677	nan
0.075026	2.833853
0.083773	1.656069
0.085860	4.548000
0.093038	5.247218
0.093183	4.216058
0.087930	8.957456
0.091850	11.693674
0.123928	8.357215
0.100345	11.325778
0.124458	10.527387
0.105707	11.843510
0.123982	16.491337
0.107746	15.575698
0.140183	14.406736
0.118571	11.708215
0.113998	9.607421
0.119623	11.718523
0.083403	13.444448
0.095185	12.654263
0.131875	9.014216
0.136872	10.773994
0.161151	9.617448
0.160979	11.896815
0.156902	10.450271
0.144370	10.686337
0.149963	10.827698
0.107293	16.542549
0.085737	15.033536
0.076419	13.473126
0.068877	14.430574
0.061898	12.220003
0.037207	10.142604
0.074167	10.731350
0.085135	12.124466
0.097283	11.470698
0.074156	8.470249
0.092829	8.279144
0.109917	5.886617
0.099164	9.011957
0.097609	7.984469
0.109866	9.466510
0.124284	10.850044
0.081996	9.581448
0.086039	7.305502
0.078384	9.711098
0.068140	10.557273
0.050978	7.218902
0.051745	10.505773
0.052953	11.406409
0.070070	13.872375
0.084955	16.318996
0.067391	16.339052
0.119952	20.467207
0.110399	25.165546
0.109884	19.105631
0.106366	18.819696
0.102868	17.053415
0.084052	22.775356
0.072688	20.173672
0.093693	18.212637
0.064458	20.137098
0.081468	22.284666
0.085740	17.880655
0.100029	19.344465
0.050088	21.064667
0.049961	22.168795
0.051187	21.260757
0.043182	20.241650
0.030485	19.569647
0.051156	19.859657
0.065975	21.502546
0.058299	18.991371
0.042096	19.642056
0.030369	20.843204
0.014381	18.846622
0.030398	15.960557
0.041337	15.039538
0.052394	12.218206
0.024616	10.573965
0.009924	12.399080
0.028135	11.614964
0.032918	11.214764
0.032502	13.051462
0.074783	12.286177
0.068257	13.208998
0.069726	7.418591
0.085794	6.617691
0.067579	5.364095
0.083307	6.296053
0.081787	8.046330
0.079630	6.879032
0.108932	9.271986
0.094138	7.541002
0.161625	7.445045
0.161164	5.570463
0.143769	8.291341
0.118193	7.639243
0.117286	7.052622
0.129341	7.632575
0.121385	8.921259
0.126982	7.079998
0.129938	8.267308
0.119849	7.859089
0.117853	7.854803
0.104748	5.994439
0.117108	8.798164
0.120782	7.074355
0.125567	5.614286
0.144742	4.618377
0.141243	3.992903
0.135673	6.150979
0.123304	5.329242
0.111213	6.761912
0.112562	3.859514
0.133135	5.216840
0.110208	6.036743
0.114114	3.856064
0.107208	4.024540
0.109126	1.843921
0.107708	nan
0.105243	nan
0.084419	2.501088
0.080501	2.581176
0.074981	3.121697
0.073968	2.603520
0.085393	2.104410
0.095643	3.115422
0.116074	2.507340
0.121896	3.983482
0.115163	3.273476
0.138798	3.110393
0.138027	5.257950
0.154505	7.172753
0.144477	6.274749
0.160712	5.702297
0.179457	6.423372
0.194653	7.800366
0.175822	5.037721
0.181655	3.431780
0.201193	3.855861
0.193486	6.611652
0.169507	5.782610
0.189764	6.771055
0.173683	6.918876
0.264262	10.448620
0.260192	15.262475
0.245035	14.006510
0.267778	12.859179
0.292840	13.685499
0.304869	15.902251
0.293323	17.078964
0.280897	17.404671
0.295667	16.872902
0.294961	15.884217
0.328847	14.565951
0.349207	15.892370
0.326680	14.817029
0.361477	13.842425
0.381882	21.687574
0.400437	22.910494
0.412528	21.371878
0.413749	19.468632
0.419481	21.496868
0.427080	27.742968
0.428805	20.888014
0.434308	19.489506
0.441644	14.519757
0.462863	16.399788
0.479705	17.797930
0.452421	17.842072
0.446176	16.644081
0.460260	15.022515
0.462640	13.964993
0.478246	15.390677
0.476704	16.288118
0.484331	15.187612
0.477156	15.529257
0.475424	16.100016
0.490076	14.940520
0.499310	15.040687
0.522349	15.458879
0.525596	16.563143
0.522999	15.181770
0.514265	15.469234
0.530879	17.012508
0.543919	19.689171
0.524421	20.214891
0.521765	16.688618
0.535201	17.994699
0.528079	18.856133
0.539595	16.848072
0.536271	19.069752
0.547253	17.283857
0.524734	19.957846
0.522825	16.945234
0.507495	16.354231
0.510606	17.353268
0.515674	15.981109
0.506724	15.800109
0.490297	17.391979
0.481817	14.994693
0.473253	14.740661
0.465570	13.480460
0.456475	13.240968
0.435167	13.698048
0.431027	11.719325
0.406845	13.025957
0.403348	14.212996
0.389960	13.279655
0.371984	14.643493
0.348738	13.309453
0.351673	13.152461
0.353534	13.960892
0.338639	16.460781
0.335751	17.993477
0.314148	15.104794
0.283386	15.648065
0.278981	15.781116
0.271068	15.153823
0.224873	15.000083
0.218778	10.804725
0.209208	14.866052
0.224042	13.461594
0.174672	13.480344
0.177307	12.054285
0.125083	10.145540
0.142570	9.884973
0.131617	9.530773
0.140004	7.615727
0.144640	9.253884
0.158793	6.484887
0.193450	6.897336
0.145203	5.563571
0.156641	3.820781
0.148819	5.813940
0.160178	9.461709
0.115986	3.974235
0.119287	5.940245
0.156889	2.757699
0.166377	5.148405
0.150705	6.470138
0.116799	6.832883
0.132909	10.732372
0.105201	8.317376
0.100633	4.527469
0.079736	4.898410
0.073472	5.392773
0.061527	5.289721
0.067938	6.591724
0.052500	7.287899
0.067555	5.751109
0.088395	4.754528
0.092513	5.451689
0.130872	5.368326
0.128947	5.904282
0.112095	7.121140
0.147299	1.581610
0.124205	4.748431
0.138544	nan
0.147913	3.317656
0.135957	7.399034
0.132685	9.283302
0.132066	10.046882
0.129609	10.480901
0.104363	8.795760
0.106773	8.832204
0.088929	9.001866
0.099640	9.894482
0.099980	9.949847
0.104234	8.861252
0.101930	6.543073
0.100955	8.990282
0.082657	7.321460
0.055936	7.405277
0.065350	7.255048
0.059506	7.604713
0.063566	7.617578
0.061670	6.776490
0.056466	6.530614
0.058704	6.386939
0.057053	6.890065
0.064532	7.071807
0.052532	6.931768
0.072453	7.538197
0.066256	7.715759
0.017977	6.876185
0.030523	7.148472
0.041401	6.730686
0.041843	5.644885
0.051526	6.177655
0.044886	7.972394
0.034483	6.375403
0.022820	7.023691
0.040394	6.770361
0.054391	8.609138
0.053074	5.389142
0.061721	7.613566
0.045548	5.567932
0.048770	7.103852
0.049959	4.455657
0.054455	6.143335
0.038290	6.163696
0.048131	5.763621
0.054637	5.210683
0.062048	5.105493
0.054643	4.274699
0.075161	5.581837
0.054222	2.410245
0.055924	4.914049
0.057690	2.092099
0.076288	2.944661
0.086439	4.065761
0.100684	3.218006
0.084979	5.265837
0.108976	4.892332
0.106280	4.987898
0.113299	6.099587
0.113263	4.459696
0.131066	4.740675
0.142889	6.604898
0.140461	7.240568
0.138687	5.878497
0.142863	8.541993
0.182651	8.510571
0.176239	9.944568
0.147925	7.556047
0.155667	7.369654
0.181256	8.609138
0.185469	9.070623
0.162397	9.098309
0.156082	6.295058
0.157505	7.228009
0.156592	7.139921
0.187638	7.785993
0.192810	7.500699
0.200753	6.422153
0.186114	5.672007
0.185496	6.168649
0.197639	8.657686
0.194807	8.363681
0.192525	10.985882
0.188486	7.772803
0.182990	8.630950
0.182466	6.620648
0.151808	5.561178
0.140481	8.446260
0.151379	8.906404
0.138154	6.268256
0.116949	6.306492
0.110409	4.853128
0.094498	3.582443
0.091461	4.515175
0.098668	2.878253
0.091835	3.396240
0.069201	2.801909
0.066583	2.670310
0.035725	3.536036
0.049038	nan
0.053890	2.702073
0.040931	2.389043
0.042605	2.282135
0.039602	1.709558
0.032302	2.999443
0.030190	4.356871
0.035684	3.363584
0.021980	nan
0.018449	2.034051
0.018527	nan
0.016896	2.835786
0.026627	0.768209
0.034617	2.396893
0.033523	2.455290
0.024416	0.783342
0.029895	nan
0.040988	0.344917
0.051040	1.384772
0.051488	1.226511
0.059585	nan
0.053782	3.980336
0.058713	2.873354
0.066206	4.231627
0.052338	nan
0.044089	3.050165
0.031653	3.460854
0.058113	3.319072
0.062983	4.181565
0.051875	4.277445
0.046723	7.157450
0.043054	6.055781
0.033544	4.862638
0.037700	5.322333
0.033661	4.502500
0.037868	2.993958
0.045301	2.565969
0.080366	nan
0.090596	3.247547
0.140922	0.435212
0.138575	1.969138
0.177671	2.124400
0.172680	3.111651
0.176967	3.678822
0.182556	3.154623
0.188861	3.661973
0.188118	2.163826
0.190273	2.649416
0.160657	3.594223
0.169516	4.136011
0.169019	2.096957
0.159760	4.602415
0.179640	4.951032
0.136044	4.236804
0.132640	6.582451
0.124673	6.753336
0.132483	6.086607
0.126835	5.407997
0.136428	3.916694
0.130986	5.726823
0.109229	4.218657
0.109773	5.159646
0.143740	5.689787
0.142304	1.642306
0.144227	5.473905
0.187607	2.474344
0.171649	6.793111
0.190910	5.537333
0.210657	2.610126
0.207605	3.949535
0.201001	3.759230
0.208021	6.039467
0.220115	5.577065
0.224064	6.370857
0.251619	7.835733
0.259531	6.610942
0.274007	5.407272
0.299105	9.559834
0.297401	6.211154
0.309563	4.174446
0.313748	5.873033
0.324359	6.702820
0.306401	7.608318
0.307152	7.257531
0.308873	8.119113
0.315978	7.606259
0.320286	6.512362
0.296750	5.017945
0.298281	5.689374
0.298752	5.228982
0.300846	5.005447
0.295439	11.549031
0.300144	7.570649
0.273770	8.729869
0.272906	9.658099
0.269505	8.725739
0.262487	8.792464
0.254215	6.998669
0.280792	11.748859
0.259350	13.783352
0.263007	6.327195
0.305576	6.170299
0.279004	7.042510
0.256068	4.816857
0.237796	5.451258
0.205067	4.915801
0.198295	7.531128
0.152025	7.930724
0.155670	7.781565
0.118517	6.329051
0.099250	7.495163
0.082001	6.980293
0.054172	4.489440
0.022564	3.237166
0.024846	2.059672
0.036080	3.652555
0.071965	1.516944
0.071895	nan
0.057488	2.230094
0.053117	2.821397
0.064206	5.058659
0.048038	4.378023
0.049309	5.945778
0.081636	5.212636
0.055058	1.611030
0.042357	3.950328
0.034672	4.973279
0.034134	3.107623
0.028204	5.761311
0.029735	4.404231
0.026031	4.526258
0.019916	3.777511
0.033734	4.433816
0.018081	5.706964
0.025023	6.980405
0.026391	6.667559
0.035228	6.897904
0.036216	6.362863
0.031928	4.086503
0.031711	4.263145
0.029360	3.332723
0.029465	4.006800
0.055001	5.627659
0.046096	5.180544
0.050606	3.318364
0.059213	4.507713
0.053535	5.340103
0.042540	3.034470
0.033886	3.828763
0.045292	3.499765
0.060545	4.085737
0.061390	2.654139
0.056035	2.726871
0.054592	5.148556
0.063817	3.188191
0.064990	3.884180
0.075061	3.215573
0.082012	5.509407
0.095987	4.413464
0.103556	5.287500
0.091713	4.262778
0.092589	3.781446
0.101417	4.800250
0.100786	3.971279
0.109547	4.599352
0.138615	5.879695
0.113707	3.837749
0.104152	3.190400
0.113506	2.230445
0.128073	3.506916
0.099547	2.696272
0.078511	2.156579
0.077388	3.573911
0.084348	3.091460
0.080692	3.471018
0.081196	3.902277
0.091710	3.890222
0.088144	4.157721
0.089440	4.765547
0.089244	1.695306
0.090231	2.834958
0.090794	2.013553
0.095857	3.961015
0.104442	5.834375
0.105458	3.752560
0.091802	3.270605
0.095039	6.500447
0.135047	5.854204
0.112402	6.556345
0.097786	5.433706
0.086576	3.610738
0.089468	5.622648
0.087183	5.177521
0.078813	5.704905
0.088741	3.199710
0.084091	2.924388
0.083895	4.539384
0.091567	2.781158
0.073429	3.249716
0.057223	3.356595
0.060379	3.071392
0.072316	4.623460
0.090865	3.825286
0.074335	4.137904
0.081155	2.403415
0.089839	4.252297
0.096367	3.190646
0.104901	3.629335
0.077228	4.852160
0.089698	4.683688
0.070291	3.149657
0.080328	5.084594
0.088233	6.262382
0.080033	6.762492
0.077271	5.304207
0.092071	3.267492
0.081203	5.326303
0.087004	3.432008
0.078564	3.823649
0.075553	5.008731
0.101946	4.989310
0.109901	8.017463
0.110364	7.894492
0.121601	6.287840
0.135013	8.622687
0.135038	5.409589
0.128222	6.675073
0.122977	4.922963
0.118941	8.768105
0.139988	12.336688
0.129533	9.428357
0.126498	9.878152
0.135813	7.213041
0.123147	7.585429
0.119108	7.261415
0.105991	10.634278
0.121946	7.219444
0.113415	7.897170
0.124190	7.309575
0.124784	9.379615
0.125746	10.885891
0.129264	12.336561
0.127797	12.303589
0.124908	12.515543
0.133022	13.349999
0.134800	12.306840
0.128786	13.387085
0.124501	11.985266
0.132658	11.439077
0.124176	10.960953
0.140472	8.523171
0.144498	10.639805
0.153439	10.860227
0.155819	8.021174
0.151948	6.042578
0.164997	5.938003
0.169590	7.062721
0.175254	7.645188
0.166034	6.640727
0.182789	7.356784
0.188162	7.363807
0.197699	9.115085
0.181976	9.366657
0.181556	9.641534
0.183760	10.008196
0.188235	10.779158
0.187199	13.726426
0.200807	13.052004
0.205654	13.277411
0.213293	15.055919
0.203729	14.186469
0.204177	12.723611
0.213794	14.316414
0.200787	14.915704
0.206823	14.324743
0.198406	15.739916
0.212233	13.887527
0.200016	13.061315
0.203920	14.298698
0.191713	14.713908
0.177040	13.834885
0.180600	13.332713
0.183646	14.038404
0.171347	13.904295
0.173490	12.662625
0.172926	12.110941
0.177091	12.307349
0.176091	11.261987
0.150946	9.138266
0.148390	7.358274
0.140338	9.599913
0.146240	9.608807
0.133156	10.890785
0.126112	9.270464
0.128044	7.518221
0.114541	5.930747
0.097925	5.313056
0.093027	6.923516
0.090363	6.264132
0.074089	8.776499
0.056416	8.709562
0.052436	9.071834
0.050508	7.687995
0.042284	7.739477
0.025948	8.179479
0.047437	7.780457
0.052829	9.266153
0.057979	8.100955
0.059052	9.012478
0.053071	7.728134
0.042586	6.390493
0.052064	6.882559
0.070901	4.646432
0.086126	5.749203
0.111408	5.361905
0.116634	9.835060
0.100305	11.680391
0.094234	11.393067
0.105723	10.641574
0.102062	10.461139
0.096356	7.809098
0.101077	9.071142
0.107465	9.857106
0.112801	10.603722
0.121011	10.267630
0.145050	10.174313
0.156804	8.494447
0.174202	9.678039
0.179761	4.055157
0.169499	5.917264
0.190858	5.637529
0.185360	7.124768
0.191114	5.041139
0.203697	4.635805
0.187260	4.633778
0.191335	6.540919
0.165092	6.652038
0.189098	5.915808
0.166558	5.873567
0.132264	7.285213
0.119883	7.152087
0.121791	5.149773
0.121273	7.432409
0.163590	7.008063
0.192185	5.883024
0.200504	5.636001
0.203288	6.372823
0.235981	8.506427
0.264341	7.513844
0.269855	9.103044
0.278005	7.037615
0.255239	9.890203
0.233489	9.886241
0.234069	7.419542
0.217524	5.334969
0.221875	5.478909
0.223099	5.854472
0.220314	8.331116
0.210039	7.649079
0.199593	11.556767
0.198198	11.168884
0.183726	10.657692
0.179996	12.953012
0.194542	20.777361
0.204525	17.670713
0.202235	20.210728
0.196990	20.649593
0.208643	26.261381
0.229091	26.831959
0.245088	20.448284
0.244700	21.023785
0.259986	25.697985
0.262960	25.823366
0.268790	23.516674
0.285491	31.315086
0.321459	28.116787
0.323014	31.961769
0.345770	29.668743
0.389611	25.963480
1.560586	79.203377
1.696375	57.830143
1.759671	88.779442
1.831092	74.426048
1.856171	96.417107
1.850860	87.771400
1.855446	83.053444
1.906071	94.215553
1.921892	63.742580
1.845927	60.409988
0.633499	30.376940
0.664254	36.646961
1.831142	55.929340
0.523306	31.888229
0.469020	28.958481
0.450151	27.089127
0.353638	29.435993
0.342769	25.775515
0.348299	26.985840
0.263805	25.152533
0.171651	24.444260
0.178242	22.420298
0.194337	23.701344
0.165075	18.396852
0.163329	20.393377
0.127363	19.318552
0.136707	8.435402
0.134467	7.539237
0.135741	7.843426
0.135429	7.170678
0.141152	7.863176
0.142304	8.362556
0.147040	9.282965
0.144985	8.823152
0.141465	8.869028
0.131950	11.234527
0.111875	10.226328
0.104961	9.490567
0.090027	7.867558
0.082052	11.603009
0.069433	10.496444
0.055876	11.587933
0.064058	9.756021
0.059147	11.494049
0.058932	12.068848
0.054361	11.261987
0.052338	9.273253
0.041868	10.097457
0.030602	8.169608
0.027452	3.460854
0.023241	4.802043
0.022640	7.931020
0.015266	3.824468
0.018240	4.857805
0.009285	1.804879
0.017383	4.363873
0.034868	2.370624
0.036300	4.911818
0.028153	8.861340
0.018878	7.965218
0.013593	8.861252
0.029651	9.102957
0.029980	8.697411
0.019312	9.250412
0.035979	8.251848
0.062953	11.860909
0.051646	13.014329
0.036642	9.082882
0.045761	8.482265
0.060921	6.880967
0.058432	10.699017
0.069333	8.647999
0.050296	9.085641
0.069627	6.416785
0.063852	9.709484
0.045530	6.467717
0.059779	3.948545
0.054363	4.376234
0.041725	4.143386
0.051773	5.743752
0.060949	3.922886
0.063090	2.717958
0.058030	3.446347
0.033053	5.428084
0.041455	4.950874
0.037223	5.326303
0.044625	7.465634
0.065686	8.226082
0.072976	9.079862
0.078185	9.189138
0.067796	6.210903
0.085322	6.410680
0.096162	6.565417
0.120708	4.018700
0.126026	5.976516
0.146434	4.705368
0.169266	4.158662
0.202800	3.841623
0.211218	4.562094
0.188433	nan
0.186292	3.865594
0.173510	3.374272
0.170173	6.336347
0.169577	5.616935
0.179174	6.766544
0.202801	5.650570
0.199194	7.053844
0.209501	6.098816
0.200847	12.218464
0.169795	9.115945
0.175349	10.671949
0.146109	10.532819
0.131675	13.801783
0.133726	12.211851
0.120849	13.240789
0.101242	13.629204
0.087158	16.843128
0.075541	13.329887
0.083847	15.318795
0.085594	15.785542
0.065540	12.730944
0.067141	10.872849
0.059460	11.220564
0.049332	9.909438
0.075923	9.482141
0.037062	10.242256
0.052347	8.352434
0.039110	8.399291
0.019379	8.870089
0.024519	8.609321
0.049602	10.500625
0.059365	11.890025
0.057804	10.795871
0.054662	11.970668
0.071963	12.455433
0.069789	11.739379
0.062595	10.308385
0.074566	11.850392
0.083183	12.231997
0.077160	12.261451
0.073096	15.423595
0.077349	14.168370
0.095765	13.723626
0.095540	16.812227
0.097523	15.406022
0.102018	15.713505
0.099347	16.029924
0.109681	15.153099
0.109761	12.104789
0.099970	12.759558
0.108610	11.351913
0.115216	11.878877
0.119347	11.688779
0.114558	11.508978
0.119781	11.434897
0.115605	11.582315
0.112739	11.915388
0.114745	9.971953
0.132234	9.593626
0.119556	9.476272
0.123750	10.157815
0.128640	9.459804
0.146883	9.634786
0.108998	6.461418
0.104986	9.956382
0.095235	7.824429
0.088113	7.964825
0.074773	6.329298
0.086083	4.568953
0.078820	5.082592
0.065847	5.638918
0.072700	4.669961
0.086204	4.854096
0.091560	3.754020
0.068753	5.608425
0.072294	3.653627
0.081833	4.409028
0.081070	1.944739
0.071939	1.752067
0.069135	3.070882
0.081552	2.579053
0.092085	2.246181
0.084300	1.697612
0.081821	4.592197
0.080220	3.805795
0.088828	4.213272
0.087255	2.908553
0.088219	2.326632
0.081035	0.514341
0.088566	2.266302
0.079590	nan
0.080366	2.974021
0.102339	nan
0.089457	2.810556
0.088348	1.351592
0.080895	3.603359
0.090098	3.977188
0.089510	3.234021
0.087240	3.026463
0.071693	5.808145
0.079270	5.876098
0.087574	4.705035
0.097363	4.833731
0.087385	5.626407
0.082261	5.920174
0.073552	5.460729
0.058910	6.260631
0.052550	4.260757
0.054746	5.104879
0.057564	5.158735
0.057618	5.971142
0.052810	5.096898
0.065616	3.489686
0.051471	4.927255
0.052804	2.461339
0.084083	3.538471
0.086476	3.573692
0.088135	2.510460
0.091138	nan
0.071283	1.963565
0.066450	3.269408
0.068207	2.777215
0.071876	2.245832
0.067608	2.130654
0.079498	2.554963
0.084389	2.883144
0.076652	2.173931
0.067130	1.665495
0.077250	1.135725
0.059925	0.543925
0.068132	4.024734
0.063761	1.561690
0.069735	nan
0.059454	0.695485
0.061491	nan
0.060959	3.358227
0.061365	1.352171
0.056782	2.240948
0.058644	nan
0.056198	1.251777
0.060432	1.985762
0.065992	2.220597
0.075973	nan
0.064140	2.852026
0.046923	2.683760
0.042161	3.061948
0.030744	3.447029
0.039491	3.967532
0.042506	3.158095
0.037041	1.038529
0.037186	2.688132
0.031578	3.054012
0.037078	3.209969
0.036316	2.874443
0.043896	2.350729
0.040106	2.485706
0.028307	5.495746
0.032942	5.112082
0.064642	4.742162
0.051464	5.433562
0.054670	4.928684
0.066713	5.719161
0.064720	5.447666
0.074170	5.804235
0.077296	6.611534
0.073510	6.676363
0.081445	9.131318
0.070792	7.940101
0.073711	8.865582
0.085618	9.678686
0.047793	7.685549
0.050696	9.955831
0.047077	12.978964
0.075140	14.342973
0.093922	11.752796
0.083590	12.838486
0.072058	16.030119
0.106391	16.724398
0.130734	16.210793
0.135834	15.762348
0.135442	17.355530
0.148737	18.222992
0.152572	20.122366
0.171216	19.638212
0.176193	21.117584
0.198884	19.056925
0.187239	19.797852
0.198439	19.195883
0.200641	22.852058
0.205208	18.989302
0.220677	16.983532
0.247328	19.058325
0.229708	19.493418
0.271654	15.040321
0.288074	18.139732
0.284738	21.074940
0.296614	23.281199
0.307625	22.313560
0.271596	24.654915
0.270197	24.805559
0.258364	23.358419
0.274062	22.726391
0.278949	22.405151
0.272606	18.316523
0.272719	16.677835
0.269748	13.489187
0.303333	15.451309
0.292128	13.387261
0.295127	14.165158
0.310883	13.144228
0.296022	9.126081
0.315372	10.441717
0.297897	11.178426
0.296940	13.918000
0.264211	10.370618
0.264831	10.225332
0.284327	11.300208
0.322876	13.886395
0.314791	8.629135
0.252619	10.441342
0.252132	12.763984
0.256424	11.790827
0.265821	9.871645
0.288332	11.309361
0.272890	13.945934
0.254652	12.534203
0.227173	11.722671
0.226124	14.771509
0.234229	11.211197
0.254725	9.591094
0.269436	10.706121
0.227040	9.172326
0.192977	7.840629
0.205207	11.189780
0.218177	8.940822
0.227688	11.453189
0.186453	10.466457
0.175616	12.374705
0.179444	12.009708
0.180845	9.370588
0.166849	9.102528
0.172922	10.443294
0.172387	9.250835
0.172382	9.979024
0.188068	10.010076
0.203833	11.878216
0.180843	10.553041
0.186361	9.229806
0.191139	9.728753
0.196373	10.038453
0.208455	9.428525
0.192955	10.375981
0.199860	9.159076
0.216109	7.667898
0.189498	5.644746
0.188550	6.974905
0.182579	4.955932
0.175019	5.302140
0.169784	4.559519
0.171781	2.799952
0.164462	5.186585
0.159122	3.482725
0.176945	1.956776
0.184027	2.906938
0.175776	1.735910
0.208854	9.082277
0.200846	7.070257
0.177398	4.988526
0.191283	7.102418
0.202328	7.664833
0.172403	5.402492
0.161488	4.442988
0.151360	7.119710
0.169172	9.561063
0.176220	5.738023
0.150991	8.362932
0.143278	8.207873
0.132410	6.788382
0.136878	7.607906
0.158486	9.664913
0.148532	7.639550
0.147809	6.809347
0.153808	8.595478
0.142214	9.603749
0.155579	9.017172
0.172064	9.133033
0.168664	6.197777
0.190887	4.542316
0.180498	3.592699
0.192007	3.189909
0.210171	4.636649
0.178686	1.798798
0.200200	1.939096
0.208497	3.843457
0.210443	3.215573
0.217414	9.033145
0.232225	6.429830
0.233672	3.514497
0.219331	2.674411
0.236102	5.115145
0.244655	7.485647
0.236193	5.467035
0.246596	3.848749
0.270774	7.595645
0.266147	4.596457
0.235864	3.675842
0.244966	4.198195
0.240488	3.955675
0.221539	1.254899
0.213323	4.005237
0.206499	4.396936
0.213378	5.631136
0.196471	5.583800
0.217171	2.984269
0.198282	2.814452
0.195972	4.815393
0.173419	3.798177
0.161319	2.554963
0.131304	3.222625
0.122196	4.084587
0.099276	4.013827
0.083413	4.339767
0.055174	4.045106
0.050426	2.563527
0.055084	3.632138
0.029398	2.456246
0.016556	nan
0.017564	nan
0.019901	1.604701
0.018166	nan
0.016305	2.499210
0.024813	2.639352
0.018968	0.201741
0.017019	0.768209
0.026251	3.044514
0.030597	1.797056
0.017800	3.221167
0.035614	3.202889
0.039595	0.335718
0.016085	2.865989
0.019364	nan
0.016670	3.127710
0.016695	3.219951
0.009098	3.153382
0.019358	2.746607
0.021640	3.282312
0.013060	2.628654
0.013184	3.027756
0.025154	2.268028
0.015448	nan
0.005606	1.526203
0.016182	0.606516
0.013663	1.811805
0.007392	3.836118
0.010654	nan
0.027112	2.086480
0.038053	1.577646
0.033551	4.032701
0.043448	2.896687
0.055405	2.198634
0.055116	2.363680
0.049665	2.820286
0.059241	4.393196
0.050626	5.541573
0.068443	5.854605
0.055753	8.098150
0.041242	7.773005
0.054153	4.441050
0.057126	5.822284
0.058195	5.504999
0.048524	4.087269
0.067427	6.486699
0.053651	6.080171
0.053825	5.574398
0.060191	5.654171
0.058880	6.614140
0.062970	6.219974
0.056689	6.605136
0.041520	4.165997
0.053023	5.131954
0.057339	6.652391
0.057191	4.931543
0.061401	5.352844
0.048010	4.951506
0.048200	4.844894
0.055230	6.510678
0.047743	5.260928
0.044724	3.182047
0.035166	2.163826
0.032080	4.555396
0.048703	4.829680
0.065321	5.525301
0.055375	3.797147
0.050130	4.090333
0.051765	4.241421
0.060338	5.355330
0.052804	6.149069
0.053660	3.909492
0.065004	5.547222
0.066536	3.112405
0.046097	5.746478
0.043994	8.606681
0.055448	8.382113
0.035236	8.802705
0.036430	7.031715
0.030200	11.075283
0.031862	10.116454
0.051076	11.228873
0.065673	9.559587
0.054787	9.512257
0.068077	9.231758
0.054538	10.806394
0.026129	9.182315
0.055921	10.402161
0.088012	9.918687
0.072784	8.814178
0.063235	8.844082
0.032595	8.313043
0.022772	7.984373
0.065975	9.769506
0.061380	7.635140
0.049316	7.878501
0.054796	7.394905
0.037349	7.808095
0.043395	7.402844
0.052581	5.753695
0.050416	7.021237
0.069777	6.668382
0.070519	7.494745
0.068319	7.977796
0.067055	7.387274
0.077155	6.743937
0.073103	6.472680
0.091596	7.191401
0.087943	7.865665
0.082096	7.196300
0.070091	7.509569
0.075493	7.450408
0.085356	7.482089
0.088918	6.131980
0.092599	6.241590
0.092513	6.629750
0.090739	4.939792
0.124199	5.115910
0.129245	4.958142
0.128808	3.771911
0.129041	3.246342
0.122732	5.218491
0.146243	6.878917
0.116237	5.263903
0.130324	4.409383
0.134647	5.498879
0.135462	5.280536
0.139549	6.277619
0.124637	4.583153
0.119024	5.672144
0.120126	6.431535
0.109697	5.568776
0.114708	4.925824
0.122814	4.874216
0.115010	5.177672
0.108928	5.355914
0.109433	5.811784
0.098008	5.691301
0.095576	5.075809
0.076956	6.662978
0.063698	6.543193
0.067201	7.768771
0.095798	6.236068
0.105169	5.365700
0.096336	4.914845
0.107746	5.607588
0.094099	4.412932
0.100923	4.982244
0.108431	5.994308
0.098737	6.187281
0.080565	4.696375
0.087463	4.662915
0.089237	4.849739
0.076325	5.655279
0.055933	5.388270
0.046719	5.275938
0.054763	2.772702
0.056968	4.335255
0.049585	3.299438
0.043821	3.191872
0.043396	4.329472
0.035784	3.172686
0.039545	2.937475
0.035265	0.250229
0.028172	2.195784
0.031228	nan
0.036905	1.729133
0.040284	2.882873
0.048598	1.786134
0.045855	2.380180
0.054209	2.853672
0.056766	nan
0.049617	2.776933
0.050848	3.037306
0.043550	0.918551
0.038466	1.386467
0.049470	4.048588
0.052294	3.050421
0.060305	nan
0.064880	1.702677
0.062887	1.961171
0.045902	1.835838
0.046869	2.776370
0.044847	2.947318
0.033257	4.119321
0.045657	3.841419
0.032478	3.226023
0.037563	3.393703
0.034952	4.855870
0.019887	4.333991
0.037576	2.129184
0.024752	3.282789
0.018172	4.099700
0.031168	3.826719
0.033970	3.741906
0.029148	2.040583
0.036677	4.214201
0.033099	2.684927
0.037528	5.253035
0.026832	3.910093
0.022585	5.472617
0.024884	3.589211
0.021193	4.247139
0.014614	4.569467
0.011016	3.458139
0.007589	5.802885
0.014305	4.439110
0.008762	5.893662
0.009337	5.472188
0.013881	4.855547
0.032356	4.212343
0.022085	4.428339
0.033759	5.090596
0.039710	3.022581
0.037517	4.561235
0.046969	4.072495
0.050708	1.810941
0.047443	4.633439
0.052089	4.317522
0.054819	4.962404
0.055057	2.716230
0.059256	2.438977
0.069146	3.637307
0.060750	3.028790
0.065152	2.929470
0.068366	4.993232
0.067197	5.090750
0.076132	5.633778
0.076999	5.544257
0.080304	6.286220
0.086262	4.381240
0.095016	5.655971
0.089682	5.233473
0.101009	4.251744
0.100305	4.823030
0.109858	4.524702
0.124993	3.474173
0.130905	5.578048
0.122845	4.600203
0.135566	4.774247
0.142665	4.021621
0.138282	4.286038
0.140439	4.633101
0.145193	7.199891
0.149188	3.523617
0.141983	3.445212
0.160685	4.145464
0.157227	3.301336
0.153091	1.997160
0.164400	4.059016
0.173281	4.440168
0.176630	4.343193
0.176757	3.199710
0.174623	nan
0.181359	3.749221
0.179530	5.477193
0.169269	5.449534
0.161092	9.816078
0.156887	7.343677
0.163655	5.033057
0.167354	5.317476
0.171687	7.281342
0.199544	9.312797
0.198947	7.738768
0.207799	5.810572
0.206904	8.189146
0.199423	9.249480
0.196460	9.785855
0.170706	10.572037
0.167113	14.816924
0.165899	15.379197
0.182708	14.176731
0.140420	11.866989
0.156442	11.930776
0.146711	12.157985
0.161462	12.494660
0.161432	16.308117
0.162789	15.161281
0.178936	13.981558
0.176354	13.244936
0.172387	15.687102
0.176395	17.591738
0.180407	15.125721
0.174527	18.442516
0.174313	14.557489
0.183845	18.639202
0.184598	16.989958
0.198985	18.997787
0.215723	18.295525
0.221065	18.874010
0.232415	16.305468
0.227349	18.786373
0.245524	20.392567
0.244959	19.507818
0.237775	15.607521
0.243683	15.133606
0.229846	11.275136
0.231277	9.712873
0.232989	11.268459
0.222800	9.265392
0.225862	12.441320
0.222109	12.075863
0.204242	10.218277
0.210651	11.688376
0.212181	11.247847
0.212330	11.837815
0.203265	10.767154
0.209796	12.383322
0.205182	12.042246
0.193818	11.825225
0.192628	11.460375
0.198623	13.087053
0.197196	10.733615
0.186959	11.575477
0.165147	9.011000
0.169438	10.979316
0.149682	7.225842
0.152354	7.189004
0.149684	9.789539
0.135968	8.057227
0.144402	9.871010
0.140145	12.195337
0.137909	11.090065
0.127254	10.586706
0.119412	10.481647
0.111635	10.922408
0.126438	11.198883
0.112705	13.996367
0.110529	16.872252
0.095358	12.680327
0.094124	11.722403
0.087771	14.575914
0.079107	18.175528
0.075566	28.030165
0.076433	25.382401
0.081632	23.694954
0.079925	24.991320
0.062610	25.616961
0.059930	27.728973
0.060401	27.254892
0.053346	29.101061
0.070765	16.700050
0.065685	23.141249
0.028240	25.029552
0.036632	20.114819
0.034550	22.820938
0.027181	22.003626
0.032029	22.234243
0.047787	20.774481
0.041816	21.010151
0.046163	19.716036
0.058715	16.440159
0.061738	12.630502
0.056753	16.675341
0.067650	14.600501
0.076879	15.532797
0.080673	11.595237
0.090571	14.906334
0.101383	13.094604
0.112493	9.237699
0.113296	8.274885
0.114709	8.196891
0.125685	10.151023
0.128913	10.490169
0.126385	9.540963
0.125743	6.201440
0.122608	9.586680
0.124353	10.137504
0.138653	9.501211
0.146637	8.926789
0.147433	8.529971
0.137930	9.782011
0.142166	9.784975
0.140381	7.335567
0.130201	9.892738
0.143521	8.796117
0.136216	7.001690
0.134553	8.840803
0.135543	7.966005
0.131451	9.285581
0.138748	9.490980
0.137106	10.188321
0.133907	9.316666
0.134683	8.890556
0.133358	10.198318
0.137284	8.965760
0.134421	10.711464
0.123629	9.361218
0.116132	9.569009
0.120477	9.809450
0.118024	9.118525
0.113052	9.994327
0.104485	8.591285
0.086585	7.708852
0.065789	7.205872
0.053117	6.660509
0.049923	6.540919
0.035557	7.186607
0.014030	5.061290
0.017872	6.045687
0.027207	5.770139
0.052134	4.747112
0.053396	5.541997
0.059616	6.626088
0.076264	6.087636
0.082727	4.956090
0.116493	3.048111
0.122668	7.375391
0.111533	6.419591
0.107945	8.518666
0.112945	6.371348
0.155330	5.324244
0.142748	6.434700
0.143179	5.082592
0.149114	6.005141
0.148809	4.978157
0.179979	5.047348
0.177207	5.504857
0.178334	5.601161
0.165277	4.858288
0.151861	7.387593
0.144014	7.704990
0.155282	8.633310
0.150850	9.060338
0.177511	9.204644
0.196066	10.232916
0.176653	9.973840
0.169960	9.963935
0.172226	10.316440
0.158355	9.110786
0.165870	10.614951
0.170276	10.871119
0.166967	9.122475
0.157764	9.434920
0.164590	10.499654
0.162946	11.656672
0.158118	10.864194
0.159182	9.253884
0.162825	8.577869
0.156050	8.922663
0.156919	9.403809
0.152190	9.252868
0.143610	9.894640
0.143248	9.820947
0.162523	10.197471
0.152061	10.806901
0.157032	8.173060
0.149666	10.062469
0.148794	10.335947
0.151176	6.707725
0.151305	6.980855
0.156367	7.021126
0.152441	5.388561
0.163061	4.972964
0.159925	7.415000
0.149215	6.950273
0.164145	8.367989
0.164934	7.039173
0.166234	7.287255
0.157062	7.061501
0.167366	7.130152
0.174574	6.993520
0.167003	7.096130
0.165925	6.999453
0.161216	7.938029
0.189585	8.817999
0.207878	9.395890
0.156707	8.979732
0.147043	8.265697
0.157615	8.850281
0.152897	8.632947
0.158021	9.189309
0.175005	8.868852
0.160508	9.479249
0.154154	8.092344
0.140575	9.835937
0.146012	9.299663
0.136113	8.424714
0.155372	8.461272
0.144582	8.787740
0.132257	8.108880
0.146629	9.190078
0.145395	9.236850
0.129494	9.826611
0.125651	10.265186
0.117844	10.272590
0.136446	10.836454
0.143401	9.692763
0.140464	10.037360
0.139206	10.842889
0.137257	12.012517
0.130479	10.958520
0.125533	10.354204
0.124946	10.079745
0.127709	10.648053
0.111780	10.633394
0.120341	12.351934
0.120984	10.896399
0.126935	10.179779
0.120578	8.000836
0.130117	5.264945
0.110028	10.548435
0.112159	10.754552
0.116200	10.175237
0.104199	10.535721
0.103189	9.981772
0.105560	10.898700
0.110353	10.732080
0.119127	8.233126
0.108406	9.882117
0.099397	6.466990
0.123241	5.612613
0.109542	8.312384
0.102765	11.204203
0.093210	9.438741
0.084766	8.374071
0.074823	12.477576
0.091540	11.030532
0.096431	8.690472
0.082265	5.304355
0.122242	4.516042
0.100798	5.036012
0.068103	5.920572
0.070880	7.814511
0.076654	6.101641
0.077105	6.572569
0.074010	4.697374
0.057061	3.265815
0.071898	7.653890
0.089919	10.034783
0.075406	9.703753
0.073322	8.039513
0.062376	11.090278
0.066480	9.011783
0.053206	8.791483
0.072370	9.351001
0.047639	8.880857
0.048690	10.641132
0.056707	5.911836
0.027597	6.204091
0.033011	6.765387
0.029935	9.205835
0.054027	5.515230
0.063019	6.785844
0.067932	3.937426
0.044129	6.763534
0.048992	6.640254
0.034484	6.573403
0.037186	5.550891
0.033320	5.724088
0.052129	4.823192
0.059831	6.862276
0.075834	7.282524
0.069917	4.718991
0.083709	5.819190
0.097147	3.976401
0.114399	2.679966
0.100179	3.603142
0.099275	6.829558
0.098506	5.417544
0.106771	1.392663
0.120198	4.057280
0.108694	5.203616
0.103325	5.220891
0.111212	5.789511
0.116878	6.044392
0.125025	5.918455
0.108986	3.621562
0.108662	4.006214
0.103157	5.154636
0.098982	4.927572
0.116941	8.267498
0.126126	6.393066
0.119812	6.065472
0.104231	7.668001
0.115231	6.439688
0.115379	8.201859
0.114157	9.258201
0.105433	9.108637
0.125325	9.404226
0.136555	10.305419
0.132513	10.630445
0.138703	8.182352
0.152942	7.607391
0.145927	7.273916
0.141042	6.493456
0.146046	6.478363
0.136922	8.029861
0.141109	7.064161
0.134019	4.750244
0.147576	5.258100
0.124596	8.554457
0.130450	7.307968
0.123192	5.403362
0.124638	4.137904
0.128917	4.287316
0.124211	3.573692
0.110840	6.416663
0.113361	7.237430
0.091423	8.950368
