0.065246	5.482908
0.062689	6.115741
0.074260	4.808560
0.077970	4.671972
0.060613	4.775723
0.096529	3.603142
0.080361	4.594413
0.064448	3.476651
0.064262	4.671972
0.035663	4.831139
0.039386	4.601224
0.054971	4.922167
0.089716	4.250639
0.091826	7.318357
0.067460	4.585202
0.076808	2.565969
0.075672	4.064798
0.077653	6.208255
0.048806	4.914367
0.059730	4.443693
0.057082	4.111522
0.062366	6.373191
0.080025	5.033679
0.077875	6.725448
0.078199	5.299629
0.072787	5.161921
0.061706	7.055509
0.067359	5.400898
0.080895	3.695383
0.086307	5.597106
0.098791	6.960519
0.088865	5.617912
0.110983	6.458994
0.106903	4.424979
0.100781	5.061753
0.117993	4.561579
0.110468	5.251842
0.126420	7.571890
0.121356	6.645088
0.126009	4.919781
0.133029	5.794378
0.126339	5.670626
0.129193	5.521899
0.147859	4.714842
0.134918	4.883684
0.134123	2.672068
0.128725	3.978566
0.119446	3.601186
0.116074	5.317329
0.127447	4.695875
0.124888	5.905343
0.130661	3.004919
0.143926	3.120443
0.154634	3.478677
0.149612	4.071149
0.153751	nan
0.164851	2.178607
0.153640	3.211188
0.167442	nan
0.165766	3.257174
0.165595	4.586909
0.182926	2.383138
0.186922	5.017477
0.168805	1.930601
0.173712	1.721875
0.164293	4.905437
0.178693	4.373729
0.187407	2.572367
0.174980	3.992119
0.164642	5.475335
0.146059	5.529125
0.159320	5.681800
0.153174	3.359625
0.154431	5.370222
0.152147	9.281446
0.150158	4.244188
0.159217	5.452120
0.160746	5.232874
0.168126	7.662890
0.179511	7.405700
0.154249	7.715860
0.158593	9.191271
0.136582	8.613051
0.114190	8.769355
0.119180	8.016779
0.120674	7.858192
0.095384	4.884966
0.093757	5.505283
0.079778	8.744305
0.061119	8.501083
0.057424	5.381728
0.047857	6.491888
0.076106	6.239834
0.113321	8.903237
0.069906	7.044956
0.075380	6.068569
0.075233	7.974359
0.078423	7.113877
0.091023	7.386003
0.097399	5.622787
0.111127	8.233602
0.083575	9.527483
0.106155	9.827249
0.133835	11.050694
0.121764	7.895881
0.109976	7.854205
0.113453	9.995895
0.122212	10.564992
0.121065	10.318189
0.122369	9.941100
0.121571	9.533157
0.116498	10.007648
0.116650	8.093893
0.117599	6.884039
0.132019	7.519887
0.138526	8.106465
0.128785	8.632856
0.121817	7.713219
0.120940	8.719002
0.081400	8.763010
0.096412	6.934140
0.077490	6.648976
0.060536	5.484194
0.079392	7.894492
0.064650	8.261052
0.031854	5.101657
0.024129	5.628216
0.023941	6.142316
0.020219	6.049313
0.019151	4.985543
0.020695	7.495163
0.024402	7.971017
0.052356	6.962544
0.071382	4.537142
0.072930	4.660059
0.107205	5.435867
0.105242	5.759136
0.088513	5.680698
0.098867	4.350577
0.094273	4.441050
0.096838	4.906395
0.154505	4.900328
0.175821	6.458387
0.163810	5.859418
0.204996	5.610799
0.217748	5.108252
0.233871	4.631242
0.229979	5.887149
0.236944	4.553333
0.254266	5.381436
0.300835	3.748595
0.304348	6.361385
0.267194	5.312467
0.273055	5.763757
0.322099	4.900168
0.340862	6.430073
0.375853	4.471968
0.367066	4.049748
0.372383	4.107331
0.422151	3.640964
0.431754	2.396893
0.408372	5.499591
0.397148	4.410270
0.415226	7.580265
0.413856	7.601108
0.397206	8.027520
0.393076	6.423616
0.383570	7.165543
0.356894	9.449195
0.348868	5.294456
0.301583	4.284576
0.318121	4.704536
0.305643	3.850375
0.339134	4.507713
0.298018	4.108474
0.256267	4.174070
0.265100	5.605773
0.242906	5.915411
0.216329	5.291349
0.243082	4.080176
0.185235	3.786618
0.145877	4.236989
0.190297	4.508581
0.147827	3.174905
0.148552	4.565353
0.104720	3.733948
0.137584	5.572711
0.088640	4.815881
0.117154	4.945494
0.135025	4.967293
0.134319	6.150469
0.185616	6.022198
0.193315	6.098560
0.162793	7.043288
0.152286	6.355597
0.169898	5.940904
0.172789	7.204893
0.170050	6.779147
0.168276	6.300902
0.144927	5.442058
0.180863	6.499603
0.135622	7.247379
0.192196	6.883584
0.154269	6.797259
0.102899	6.670847
0.092523	6.509837
0.102021	7.791825
0.068105	6.061985
0.103622	5.241396
0.128642	5.240948
0.123718	4.856838
0.142828	6.206866
0.153383	4.986014
0.144685	5.101044
0.154545	4.290967
0.124823	5.004039
0.116934	4.138471
0.122330	5.011700
0.136861	5.113155
0.116590	6.041282
0.121671	4.002695
0.122368	3.608786
0.141631	2.738330
0.143958	4.492229
0.132586	2.223767
0.127490	4.391235
0.132928	2.070286
0.139085	2.723137
0.164614	4.907033
0.171940	2.693949
0.158193	4.210670
0.111765	3.301099
0.090986	2.635791
0.092292	3.207041
0.091693	0.593471
0.097618	3.816886
0.090607	3.275388
0.092679	3.177616
0.083546	2.553431
0.066495	nan
0.065060	3.790957
0.068657	2.647347
0.079097	0.407344
0.081791	4.446864
0.071328	2.248619
0.067472	nan
0.069591	nan
0.035369	3.525616
0.054551	6.155051
0.022888	4.700041
0.024211	5.980052
0.011909	9.383875
0.031062	7.070922
0.056322	7.651332
0.049363	9.371006
0.061262	9.356613
0.063576	8.869293
0.071107	8.288694
0.061521	11.460237
0.083844	11.003992
0.077483	12.530761
0.106431	13.798370
0.104200	14.053264
0.094745	11.272841
0.102518	12.638634
0.101550	13.704233
0.083407	14.924384
0.080597	13.598027
0.081709	14.266118
0.084937	14.664379
0.091140	16.132225
0.089330	14.782131
0.110338	13.046173
0.111421	13.551678
0.115559	15.491700
0.113831	14.964615
0.129906	15.024814
0.135098	14.871594
0.148535	12.783078
0.146895	13.188909
0.162727	14.531212
0.168586	12.686758
0.185087	13.082437
0.203551	16.683865
0.189548	10.846144
0.192265	11.411493
0.187820	14.721319
0.203451	14.296503
0.180976	11.887849
0.182081	9.760117
0.203368	13.184924
0.185812	14.914124
0.228243	9.684837
0.256123	13.642437
0.256231	9.353012
0.254290	10.868162
0.271831	9.512751
0.272210	9.550075
0.297813	8.307387
0.294164	7.688911
0.297344	6.260381
0.298035	8.827412
0.297378	8.884915
0.302363	5.951702
0.288056	4.933765
0.308873	4.916438
0.307787	4.003281
0.315156	6.412635
0.318187	1.737262
0.339550	1.951970
0.338531	2.165995
0.337837	2.375242
0.339933	3.573692
0.374699	2.156942
0.374248	2.298879
0.421368	5.320272
0.467772	4.554021
0.505527	4.046848
0.507272	4.030759
0.528829	7.555840
0.508590	4.663083
0.525653	7.760499
0.526003	7.715352
0.532181	5.360445
0.528569	4.395868
0.526050	6.347336
0.526196	6.289209
0.533913	7.342610
0.490110	6.527256
0.504826	6.156705
0.508621	4.583153
0.480719	3.821806
0.480858	5.547504
0.495218	5.533938
0.455270	6.584117
0.421395	8.584260
0.402079	6.851311
0.419004	5.060515
0.418103	5.486763
0.405401	7.831733
0.364170	10.743905
0.337198	11.600577
0.354702	11.474663
0.354201	11.448532
0.348823	14.048070
0.324977	14.369649
0.291669	14.917493
0.290293	15.241014
0.269151	12.356886
0.269517	12.347490
0.268080	12.404140
0.283901	11.064378
0.296477	9.775600
0.244490	12.363167
0.244401	12.333447
0.269148	15.248324
0.280060	13.611348
0.273385	13.272034
0.270346	13.010894
0.270132	13.103944
0.244108	11.772127
0.256787	11.254537
0.269033	11.781048
0.262755	14.519595
0.263089	14.558946
0.253608	13.290166
0.266078	11.234878
0.266299	12.436088
0.256783	9.607094
0.256791	9.568845
0.228200	11.769130
0.222903	13.996816
0.196280	12.350982
0.187141	12.607445
0.183713	14.082268
0.183699	13.685786
0.179957	13.572618
0.179664	12.854848
0.177896	14.329125
0.176110	14.040862
0.185871	13.384976
0.186053	13.443923
0.192590	15.580286
0.186968	14.853321
0.182950	14.583936
0.167977	14.541632
0.167585	14.838836
0.179548	13.621718
0.164967	14.477971
0.156613	13.714304
0.150308	13.212856
0.151847	14.826453
0.152379	14.880826
0.166299	14.526512
0.168705	17.414059
0.171706	16.401705
0.160448	16.975664
0.149470	15.710060
0.149262	15.668874
0.143210	16.513897
0.127865	17.618876
0.131377	16.668556
0.117973	18.304031
0.117035	18.124386
0.115693	17.154648
0.109927	17.657101
0.112074	16.023552
0.102951	15.824540
0.111233	16.227160
0.108610	14.941783
0.109172	15.011486
0.119020	14.371343
0.128872	13.679650
0.163962	12.814760
0.161424	12.575493
0.169492	14.968810
0.145395	15.618384
0.142201	15.459232
0.115103	15.913899
0.107354	15.105834
0.117367	14.757902
0.112035	13.862418
0.114149	11.502299
0.114214	11.762999
0.103153	9.842229
0.113489	12.009970
0.111411	12.033972
0.108305	9.297893
0.115378	6.894383
0.104933	5.311288
0.105063	5.650154
0.112331	4.034060
0.104999	6.951399
0.095560	7.734618
0.080390	7.574063
0.080491	7.741299
0.078660	8.579331
0.091412	8.025958
0.085168	8.287371
0.078385	9.104766
0.080968	10.515095
0.075599	7.806790
0.073249	8.277535
0.080843	10.539069
0.075398	9.860047
0.065555	10.105525
0.076804	9.859809
0.089597	10.671509
0.087895	10.844913
0.081218	10.143145
0.081114	10.117616
0.069118	9.692036
0.071388	9.036266
0.072896	10.001694
0.086312	10.308689
0.058943	10.326692
0.083158	11.834569
0.054772	10.029160
0.060770	9.738334
0.059399	10.122959
0.056078	10.860442
0.064685	10.682447
0.050951	11.518919
0.040337	11.234318
0.055392	11.474253
0.060030	11.813747
0.061120	10.479104
0.065665	11.254745
0.069222	11.374749
0.058452	9.701167
0.077807	10.132940
0.077678	10.546652
0.077019	10.425717
0.062212	10.683622
0.068974	11.899650
0.058189	10.465184
0.055703	10.441867
0.078887	11.062534
0.106246	9.614514
0.091109	9.991504
0.104747	9.667831
0.108551	11.787502
0.126052	11.975711
0.142918	11.043031
0.127223	9.927768
0.142159	11.583872
0.136605	11.411426
0.139861	11.635938
0.202608	9.248802
0.204791	11.614897
0.196168	11.491798
0.161592	10.143764
0.175757	9.901290
0.223046	10.751637
0.249959	9.541290
0.235222	7.878899
0.262590	9.126339
0.316386	9.105368
0.319640	8.932581
0.273286	10.433157
0.273098	10.850912
0.292551	10.961166
0.270595	10.175237
0.279343	7.249649
0.269848	6.561480
0.291432	7.647441
0.300082	9.273760
0.309068	12.752241
0.343289	12.623670
0.293045	7.398293
0.207611	7.693902
0.236126	4.494494
0.261927	3.014542
0.211651	7.744838
0.247771	6.986574
0.216391	9.581039
0.206282	8.180532
0.210511	8.203483
0.193829	8.057323
0.174548	7.881284
0.174717	9.765574
0.203840	9.171387
0.161835	4.110951
0.140129	6.948470
0.190107	8.246531
0.200996	8.202813
0.195208	7.964726
0.174239	9.259470
0.152585	7.005045
0.146375	8.128274
0.125961	9.259555
0.103097	6.688902
0.107031	6.177528
0.108090	5.669384
0.067794	5.716696
0.043192	3.633000
0.031942	4.158662
0.044936	3.795290
0.052069	3.466956
0.046138	4.188860
0.058543	1.906120
0.072315	1.683724
0.036899	4.050135
0.034574	3.427900
0.019271	5.330270
0.032515	2.796036
0.051168	1.495639
0.047102	3.474173
0.036731	3.155119
0.043132	4.164118
0.030133	1.404415
0.035784	2.722563
0.056681	3.536258
0.062061	1.747594
0.052579	3.904082
0.069402	4.318972
0.053876	3.374272
0.029631	3.393242
0.024183	4.308810
0.068651	4.388025
0.044311	3.010384
0.066385	nan
0.075584	3.503566
0.037032	4.441050
0.034383	6.174992
0.039696	9.498655
0.046997	4.810677
0.046927	4.056508
0.053554	6.003576
0.101511	4.216244
0.055162	nan
0.096164	5.839070
0.064932	5.496743
0.080705	2.828600
0.080754	3.534044
0.093905	3.344446
0.067492	5.033834
0.105789	5.396982
0.099224	6.055911
0.055097	3.843660
0.045483	4.683856
0.049645	3.906688
0.058002	6.012439
0.084279	3.217763
0.084791	nan
0.090216	3.462211
0.121563	3.468761
0.092386	3.118938
0.053144	1.685117
0.102216	5.525867
0.119687	4.434346
0.156706	4.178007
0.120020	5.982801
0.168855	3.255011
0.166009	3.216059
0.137740	3.875100
0.210671	3.145429
0.228601	3.887203
0.240839	4.505976
0.258569	3.528945
0.231935	3.491032
0.238137	7.614081
0.227887	5.492896
0.240765	3.889215
0.254383	2.283506
0.250822	3.237166
0.258918	4.101037
0.283985	5.448384
0.299859	6.894497
0.291361	5.962481
0.283843	4.911499
0.247341	3.814835
0.213348	3.414400
0.173968	2.719686
0.169794	2.234652
0.179687	4.227370
0.193164	5.632526
0.143957	5.222390
0.144150	4.281652
0.172652	5.149469
0.121014	3.504906
0.111308	3.603142
0.123689	4.018895
0.103160	1.992844
0.077702	4.134118
0.100857	4.284028
0.104308	3.797353
0.079129	2.010052
0.115136	2.156216
0.059588	4.496758
0.055010	3.933647
0.031545	1.971918
0.021849	2.758834
0.050879	4.900807
0.094766	2.363017
0.056728	2.618211
0.019535	4.508755
0.040218	5.661506
0.022064	4.708528
0.038154	3.498200
0.088633	1.325276
0.084614	3.929067
0.097773	3.436111
0.093005	6.269880
0.035481	7.096682
0.036289	8.147621
0.018019	5.791675
0.021587	7.162811
0.008085	5.728464
0.007899	5.757369
0.021200	3.433604
0.046213	5.138815
0.069135	7.827932
0.068885	7.828232
0.079371	6.520414
0.073945	7.697566
0.104975	6.646149
0.105010	6.668499
0.140118	7.486379
0.140804	4.208624
0.141097	6.934931
0.178136	7.963153
0.178334	8.362650
0.178842	8.359746
0.213916	8.913177
0.238511	8.935211
0.203130	10.713147
0.189315	11.681666
0.191881	9.609460
0.163149	12.015715
0.131349	15.923814
0.123296	14.849570
0.097478	13.204958
0.125368	12.961427
0.167085	14.811729
0.188698	13.519452
0.195688	14.010543
0.195270	16.299541
0.200300	17.032629
0.240599	13.025896
0.201422	13.974318
0.214958	15.515197
0.215759	15.543809
0.229199	14.946194
0.236939	14.442262
0.250738	13.368556
0.217221	14.629927
0.242967	14.383404
0.241529	12.647442
0.215099	11.429891
0.226405	11.274302
0.202243	12.691764
0.227135	11.419804
0.210339	13.429386
0.191501	9.469738
0.200028	8.171335
0.243050	8.245201
0.252386	8.372480
0.241648	nan
0.259978	17.520351
0.261853	35.328274
0.234056	34.914318
0.241359	55.483795
0.304404	53.269722
0.290079	63.156815
0.299776	72.196915
0.303244	74.798843
0.300774	72.137848
0.360829	81.421249
0.356953	81.845543
0.298802	80.969170
0.267120	68.296036
0.298610	67.957466
0.315162	63.581238
0.311597	64.053703
0.282022	54.147251
0.309774	58.492355
0.301130	69.196274
0.268277	68.357803
0.239482	54.649155
0.233605	54.511330
0.218295	73.044205
0.180352	54.780838
0.194923	76.744759
0.201672	64.362167
0.189012	41.902218
0.188975	41.924774
0.102242	52.248253
0.156323	66.653702
0.159667	69.450165
0.125945	50.957451
0.119886	53.172314
0.119833	53.188213
0.179702	53.482368
0.203564	32.270844
0.194622	20.686069
0.146241	7.734010
0.118029	9.229213
0.149894	5.012325
0.165894	3.735834
0.181071	5.343328
0.179470	6.258255
0.195233	2.411543
0.174716	4.430814
0.182588	4.545417
0.204624	4.623798
0.213330	4.548861
0.219584	6.724516
0.225564	8.503110
0.243511	5.615123
0.260541	9.293004
0.253385	6.224882
0.258278	6.766891
0.254015	6.086993
0.239829	4.766533
0.245850	6.626915
0.260304	8.467845
0.255786	6.678709
0.255397	6.481022
0.265032	4.901126
0.270781	8.443385
0.271785	7.489203
0.287836	6.709709
0.296884	10.493455
0.281199	10.457467
0.285134	7.453455
0.253585	2.395586
0.272761	3.895450
0.291338	1.445069
0.283827	2.188643
0.307975	2.885587
0.303775	nan
0.283901	3.831625
0.292111	3.912695
0.288323	6.267632
0.270688	5.043468
0.268177	5.951965
0.253055	9.190759
0.266988	10.306027
0.232329	10.002243
0.254174	8.743050
0.233321	7.747468
0.248994	7.220963
0.260523	11.369854
0.235711	9.227175
0.251188	8.533277
0.233804	7.456398
0.228969	5.129512
0.222135	5.738842
0.217361	9.090728
0.216018	7.391727
0.214609	5.324832
0.241903	4.504238
0.254862	3.686687
0.261473	3.717980
0.241831	3.898664
0.220478	4.636817
0.228944	5.877431
0.191395	5.666206
0.193219	3.662614
0.205159	4.236804
0.187496	4.610573
0.187793	5.421589
0.209279	4.288047
0.186736	4.295161
0.204340	5.319389
0.217896	4.671972
0.213142	4.722972
0.216415	3.949535
0.217285	4.192224
0.200262	3.940209
0.200366	3.934840
0.202652	4.741996
0.210113	3.340699
0.249132	1.901598
0.235035	3.268929
0.236311	1.927355
0.242252	3.670301
0.236194	2.057010
0.228200	nan
0.225246	1.332345
0.214011	2.665909
0.223149	nan
0.209966	1.381377
0.202373	nan
0.185428	nan
0.192476	2.354722
0.205912	nan
0.214564	2.499210
0.215385	1.814826
0.212388	2.709883
0.228146	3.041941
0.229826	1.827291
0.212624	2.167801
0.199906	3.563162
0.212012	1.424338
0.213893	3.969110
0.219232	1.108522
0.215182	2.337373
0.215585	1.337036
0.213192	3.607485
0.209567	3.626746
0.208406	2.513887
0.211746	nan
0.240575	1.331169
0.235540	nan
0.253023	1.874234
0.231415	3.243930
0.249241	2.259384
0.240662	3.685626
0.229148	3.317420
0.233594	1.386467
0.246585	nan
0.229685	2.047858
0.246824	1.369426
0.226537	nan
0.220627	4.743152
0.221015	3.097026
0.211435	nan
0.203379	3.200933
0.204316	5.042071
0.216816	5.196539
0.193364	nan
0.192082	4.482983
0.186402	3.158343
0.186580	2.573279
0.184209	5.301401
0.173942	2.918225
0.184939	3.193098
0.182721	4.319878
0.179888	nan
0.183626	2.775806
0.166663	2.818898
0.136343	2.083101
0.121019	nan
0.120962	nan
0.114709	4.781948
0.120158	3.100057
0.156383	4.775887
0.124103	5.016385
0.103042	3.075976
0.116395	5.277125
0.120833	6.662037
0.142894	8.297009
0.152100	6.653922
0.139876	5.588145
0.140798	7.486693
0.133135	8.448115
0.171936	10.584856
0.169109	9.793541
0.150866	8.749499
0.188947	7.642216
0.177562	6.909588
0.177975	6.952638
0.218970	9.958821
0.191818	5.537615
0.192089	2.683177
0.150756	2.553738
0.124613	1.424338
0.196700	2.865443
0.196284	1.188922
0.169352	2.836614
0.209275	2.830260
0.222227	4.149617
0.222284	4.092820
0.228216	3.934840
0.178713	3.261257
0.163518	2.475292
0.166798	2.619705
0.182225	0.684138
0.160802	nan
0.160822	nan
0.151136	2.152219
0.123679	1.796185
0.123660	1.601772
0.095939	2.544218
0.100151	3.615937
0.100264	3.513829
0.067313	3.419669
0.029387	3.948743
0.033788	3.888410
0.033681	3.890625
0.051460	3.342339
0.062802	5.756689
0.097054	4.091290
0.097165	4.160357
0.097104	7.417852
0.100058	8.928808
0.094038	6.747304
0.093328	6.618874
0.102841	6.939333
0.102366	6.556942
0.107792	6.158994
0.107734	6.248236
0.100508	6.486337
0.125156	7.397551
0.120729	6.297919
0.135567	7.259581
0.123588	6.129042
0.104617	4.640531
0.100458	4.734065
0.101864	5.853803
0.105386	6.025448
0.095905	5.672559
0.104087	4.883523
0.106360	5.553993
0.097620	6.834029
0.098650	5.186888
0.096383	5.867965
0.113494	6.400167
0.105279	5.400463
0.109505	4.162426
0.090557	2.650893
0.085298	5.651679
0.079790	4.616851
0.085393	4.717830
0.093308	5.443064
0.098516	5.535212
0.086456	4.692205
0.079548	7.132349
0.084654	6.191203
0.085042	6.317905
0.082269	4.693707
0.084502	6.830131
0.074473	5.319536
0.051071	5.768510
0.021912	5.803695
0.033996	4.814581
0.034433	5.096437
0.038898	6.134279
0.043452	4.632425
0.055782	4.106759
0.060383	3.655983
0.066110	3.984464
0.060897	4.100273
0.052166	4.130898
0.050346	1.499820
0.050903	2.850378
0.066939	3.266055
0.067605	3.369397
0.060590	2.104410
0.068702	3.448618
0.058475	1.191553
0.063122	4.009729
0.067337	3.725132
0.087858	1.571682
0.075562	3.268690
0.049876	nan
0.024889	2.424492
0.042267	3.400847
0.050267	2.716518
0.059770	0.282548
0.053991	1.019514
0.066054	0.952846
0.053969	4.381776
0.050829	1.864604
0.068848	3.224324
0.096200	4.084779
0.116267	5.685933
0.089704	4.906555
0.202599	8.366302
0.195414	7.785390
0.202319	8.484387
0.205423	7.494849
0.198479	8.027716
0.202691	9.514481
0.202683	8.537315
0.210091	7.737858
0.216927	9.274097
0.225319	9.295112
0.220997	10.158587
0.235642	9.417631
0.228369	7.620354
0.217831	9.519586
0.229563	12.651783
0.239625	11.617056
0.233129	12.069433
0.243387	14.386621
0.242282	13.550521
0.239702	10.388891
0.236589	11.636274
0.234147	11.594898
0.234451	11.018016
0.248372	12.126924
0.229724	12.589204
0.218803	12.122267
0.184747	10.680173
0.166591	13.030713
0.197137	13.032397
0.223330	13.295890
0.199821	12.237573
0.200458	12.006511
0.215276	13.671677
0.189643	11.853766
0.159629	13.856248
0.173744	11.281739
0.209082	11.667027
0.150365	12.139462
0.153932	10.955443
0.147807	9.761160
0.182499	7.312789
0.147298	6.013481
0.140324	6.354118
0.113619	5.676836
0.113883	6.045169
0.115118	4.605815
0.111897	3.024393
0.101209	3.732690
0.101409	3.962596
0.127595	5.628773
0.129397	6.036485
0.116069	7.327768
0.116249	7.040397
0.145463	7.798960
0.152926	9.541208
0.152801	9.603340
0.167926	6.122651
0.186603	7.215647
0.184992	9.307158
0.185145	9.272662
0.204085	10.633174
0.185457	8.919941
0.190855	9.340352
0.191260	9.372512
0.193636	9.404309
0.184921	7.703669
0.184970	7.551278
0.190005	7.552522
0.209909	7.987804
0.217569	8.251564
0.217604	8.358435
0.194068	6.272003
0.211612	6.228152
0.200133	6.922384
0.207621	6.155814
0.207137	6.000967
0.203530	6.447951
0.200370	6.763418
0.211768	6.205353
0.212398	6.520174
0.217812	8.183405
0.237218	8.809555
0.232936	7.410352
0.235339	7.091935
0.231131	7.129493
0.229422	7.533416
0.208140	5.999401
0.208008	6.044003
0.197790	8.129238
0.207469	7.154168
0.237970	5.591367
0.242884	6.798181
0.242435	6.994976
0.208919	6.405425
0.198593	6.573284
0.204670	6.053971
0.205357	5.940245
0.221039	4.082286
0.221482	4.338685
0.224919	4.448272
0.205815	4.486126
0.197859	5.145210
0.193189	5.145667
0.206720	4.430284
0.183967	4.394978
0.181301	3.930461
0.175951	4.343734
0.181088	4.478965
0.177717	4.595094
0.164655	3.409123
0.139493	3.375664
0.132927	3.960620
0.155284	3.723030
0.162374	2.672947
0.159331	2.945724
0.161760	4.538350
0.165828	4.031536
0.176899	3.990942
0.161055	1.341128
0.179073	nan
0.170642	3.844678
0.158695	nan
0.156848	3.290411
0.143260	nan
0.133202	nan
0.147108	5.018881
0.152212	2.545141
0.152238	2.077833
0.144446	3.597924
0.145983	nan
0.141856	2.412193
0.155211	3.033438
0.166785	3.506469
0.169882	2.953420
0.186682	5.527567
0.193466	3.632784
0.191904	4.242344
0.195182	3.927871
0.197446	5.708060
0.193199	6.586852
0.206514	5.953280
0.185827	5.227485
0.187581	7.187697
0.183344	5.161314
0.178261	4.641880
0.178161	4.448095
0.188706	4.931384
0.180739	4.209927
0.175597	3.248752
0.171146	4.167125
0.167102	3.874090
0.167043	3.852611
0.166009	4.192597
0.165394	3.018175
0.156879	3.142939
0.158187	3.182293
0.157189	4.075185
0.155569	3.673285
0.148898	3.223353
0.145011	3.555465
0.143422	0.461400
0.141116	1.890037
0.140611	1.828576
0.142588	3.771911
0.151225	4.328026
0.142180	3.945570
0.139588	3.886598
0.141707	4.019090
0.142322	3.966150
0.143561	3.868630
0.143642	2.101432
0.138172	nan
0.136460	nan
0.134413	0.391671
0.138883	3.532271
0.142410	4.427102
0.139845	3.197263
0.137823	4.129191
0.131851	4.442108
0.128913	4.636817
0.123013	2.677043
0.126841	2.073308
0.127884	2.274232
0.127312	2.223767
0.125449	3.563821
0.124893	3.298964
0.124756	2.765352
0.123156	3.163296
0.119113	2.541755
0.116215	1.749832
0.114687	3.345382
0.110837	3.128460
0.103970	3.220681
0.098155	3.952507
0.098370	4.022399
0.094302	4.431697
0.092489	3.841419
0.089535	3.967729
0.090075	4.018311
0.091030	4.395690
0.091959	4.399785
0.094856	2.730601
0.095427	2.825832
0.095058	3.531163
0.095210	4.421616
0.090049	4.943119
0.090295	4.949134
0.093488	3.446121
0.094663	3.342105
0.085481	4.744473
0.090171	3.901274
0.095090	2.291718
0.094961	4.658379
0.097542	3.246101
0.097398	3.330608
0.103248	4.941535
0.110334	5.915279
0.110089	5.966813
0.111266	6.823708
0.108613	4.939157
0.113786	6.705974
0.113598	5.758456
0.113009	10.037751
0.113021	10.023922
0.112401	8.726187
0.122874	7.043845
0.125580	5.063455
0.125655	5.050759
0.121935	6.339930
0.121013	8.975194
0.120364	9.052898
0.114438	8.148583
0.114882	6.570424
0.119858	6.642849
0.122864	7.109031
0.116069	8.599031
0.120186	8.591102
0.116713	8.181970
0.115530	8.971089
0.115233	9.004738
0.125165	8.244726
0.117301	6.416785
0.127736	7.573442
0.138589	8.693446
0.138370	8.655152
0.138132	8.659225
0.146385	10.577892
0.159303	10.675254
0.161563	9.946381
0.161378	9.671154
0.168630	8.487896
0.168844	8.510201
0.176572	8.338448
0.188269	9.703671
0.188569	9.685970
0.195852	10.960166
0.196282	10.552001
0.196514	10.547691
0.183894	10.619676
0.187200	9.938262
0.194204	9.575395
0.194410	9.538744
0.199563	10.157738
0.208211	11.558667
0.208430	11.545908
0.225743	10.037595
0.230331	11.546791
0.230751	11.559752
0.239338	12.216601
0.249130	11.818592
0.261406	12.864362
0.261594	12.848072
0.259758	12.806129
0.255950	12.401673
0.256187	12.879535
0.240451	10.919250
0.244702	8.115640
0.245165	8.105498
0.267485	9.670991
0.275332	9.126425
0.281297	12.493780
0.292915	12.490265
0.321740	12.203950
0.328455	10.860660
0.328623	10.860154
0.336693	10.528205
0.357249	13.261805
0.357220	13.273688
0.359855	13.866436
0.371241	13.567646
0.357425	15.325968
0.357464	15.341376
0.339078	10.362830
0.332224	11.181231
0.306274	11.561380
0.305849	11.584143
0.295922	11.402559
0.274993	10.048832
0.255860	10.125436
0.256094	10.106610
0.245513	11.029678
0.237107	8.473116
0.242531	9.297134
0.214840	7.897170
0.203663	11.420834
0.212993	10.886466
0.242868	9.309011
0.226004	8.393133
0.214716	10.569962
0.204861	8.198421
0.210802	6.213928
0.210731	6.158231
0.173802	10.648715
0.138452	8.843373
0.159690	7.651025
0.169275	7.596779
0.169441	7.578405
0.142363	8.798076
0.119782	10.137349
0.072236	10.001773
0.045824	9.697937
0.046102	9.695189
0.103661	7.856797
0.083605	7.825030
0.109999	6.546663
0.109928	6.493335
0.109056	6.156323
0.061194	5.137444
0.078703	2.981645
0.078993	3.142441
0.086788	4.100081
0.063979	4.258000
0.086860	4.144709
0.086614	4.316253
0.116369	4.966347
0.109109	4.274515
0.110037	4.162426
0.108941	0.803077
0.134969	3.381457
0.143044	4.246032
0.146972	3.251883
0.126257	2.265266
0.126229	2.184347
0.105020	2.161292
0.143626	3.205576
0.144207	3.252846
0.152077	nan
0.117760	3.860325
0.125179	3.996823
0.097913	3.760895
0.073496	5.443783
0.093499	5.396691
0.093208	5.527143
0.164594	7.722659
0.179065	5.104266
0.166750	5.482908
0.153703	6.719973
0.255988	8.526297
0.256662	8.465160
0.173916	7.729350
0.154901	10.055458
0.154879	10.042045
0.160296	10.059744
0.186582	10.053588
0.258496	12.084432
0.258546	12.026737
0.217290	9.125481
0.233137	8.193928
0.233063	8.065971
0.235099	9.060338
0.264103	7.574373
0.254376	7.244137
0.288461	13.055069
0.316251	10.564027
0.315758	10.471923
0.304695	8.330552
0.287794	9.470483
0.334794	9.809850
0.334212	9.771030
0.263121	11.939514
0.254293	12.155276
0.274537	12.930952
0.306378	16.153141
0.300218	16.794323
0.300714	16.543974
0.280519	17.881756
0.307216	16.927797
0.307214	16.913218
0.294615	15.930421
0.264471	18.695763
0.264580	18.716312
0.257590	19.523655
0.223950	17.050837
0.223717	17.006687
0.224776	17.442909
0.211316	15.935595
0.207065	15.571616
0.216477	14.226404
0.211964	13.860663
0.211548	13.878653
0.183117	11.076344
0.189933	12.209217
0.190164	12.262985
0.153715	11.560294
0.150799	9.794181
0.154714	10.674006
0.151274	11.794086
0.170553	13.529778
0.142449	9.918608
0.142242	9.409890
0.140601	7.728438
0.140506	7.721745
0.150734	9.491640
0.151695	10.921691
0.152130	10.955443
0.143004	9.711663
0.143130	9.693088
0.136592	7.415635
0.150487	7.626108
0.150907	7.640985
0.157089	9.224456
0.153271	9.878549
0.153430	9.817756
0.124516	8.973099
0.124329	8.963575
0.113745	9.819352
0.118787	10.421056
0.121298	10.916450
0.126703	11.110263
0.126911	11.101298
0.108370	9.506242
0.126382	10.270605
0.126338	10.271216
0.130109	13.376241
0.129952	13.367265
0.179639	14.418442
0.180104	14.351014
0.194133	13.850188
0.169601	13.667717
0.169324	13.670931
0.204945	14.603133
0.205468	14.603133
0.221590	14.474394
0.206257	15.931947
0.206409	15.932590
0.181615	15.505277
0.195012	14.150527
0.195082	14.150360
0.212409	12.630875
0.209135	12.821430
0.208896	12.881300
0.221438	11.441957
0.248680	13.518176
0.239110	13.426173
0.233814	12.869239
0.233703	12.868081
0.230699	12.495414
0.235174	12.693186
0.235177	12.694174
0.245664	12.450141
0.264005	12.065794
0.253695	12.226291
0.248442	13.672767
0.248052	13.727514
0.260381	12.772890
0.277438	11.516264
0.269302	11.522593
0.268045	11.225592
0.267503	11.298750
0.283369	14.096580
0.262685	18.271021
0.262605	18.283577
0.279442	23.956713
0.289513	27.495766
0.289623	27.493382
0.304878	29.345821
0.305126	29.348465
0.303319	46.703640
0.306449	41.638321
0.306327	41.675358
0.292265	50.602829
0.274750	50.466381
0.274891	50.450043
0.261632	44.068264
0.280116	49.608101
0.279347	49.622917
0.276200	56.066296
0.275739	56.079113
0.275533	58.276314
0.291576	56.131657
0.291741	56.148960
0.263147	53.599121
0.262879	53.612827
0.237693	44.060505
0.234699	49.284588
0.234286	49.295727
0.239037	52.258549
0.238731	52.288448
0.225490	57.147778
0.221034	45.982353
0.220483	45.974819
0.219728	49.803120
0.220015	49.787197
0.196078	53.474129
0.186095	49.125034
0.186343	48.987984
0.160145	49.552979
0.149616	56.264736
0.149774	56.279076
0.141614	67.805359
0.140816	68.045013
0.140598	68.078239
0.151769	77.932144
0.139387	84.304878
0.139336	84.337852
0.152453	82.227470
0.154724	82.123299
0.168573	85.739098
0.168364	85.774002
0.169405	74.798531
0.182534	81.478653
0.182496	81.461563
0.183063	80.739426
0.194400	68.631500
0.194874	68.592232
0.158156	80.220718
0.153620	80.459816
0.152643	80.579277
0.174476	81.798088
0.184986	94.479050
0.141939	80.682076
0.133112	86.923004
0.133493	86.895111
0.121411	99.730522
0.104748	89.128647
0.066659	90.261261
0.073230	90.210434
0.061443	98.503433
0.060558	99.082115
0.082715	100.879219
0.104419	110.252365
0.110309	97.527527
0.102246	88.758446
0.090918	81.945984
0.104844	85.621422
0.109333	85.633499
0.105505	78.214211
0.097592	73.383553
0.095005	77.094681
0.101124	86.986877
0.096361	81.096390
0.106464	80.710640
0.112017	77.326477
0.123520	71.338242
0.141597	75.957458
0.186155	65.862297
0.190753	62.731010
0.193282	50.466911
0.203333	57.608826
0.194198	62.995781
0.212490	70.353714
0.211768	71.912369
0.234611	66.805229
0.208580	67.813072
0.210495	68.315346
0.225060	62.654510
0.235745	61.515232
0.245664	65.601555
0.226516	62.824207
0.227861	65.855728
0.238742	69.387085
0.235523	76.883850
0.241689	93.048615
0.248433	82.050644
0.257476	62.102566
0.254921	77.766022
0.266788	83.396690
0.280736	65.879990
0.296568	94.340202
0.314394	68.229210
0.342132	55.096634
0.336810	74.128967
0.372701	75.182281
0.371488	90.434906
0.374922	97.797638
0.381665	57.803032
0.419446	55.829105
0.477695	27.580252
0.484235	29.403631
0.538497	31.517694
0.527110	38.216423
0.531246	38.232822
0.601660	29.091925
0.649289	31.160746
0.657864	37.272984
0.684972	39.550728
0.710362	33.153919
0.726976	35.604992
0.690193	35.531845
0.649672	35.295734
0.648213	44.139465
0.674911	42.517658
0.653324	35.652325
0.680466	28.480717
0.743641	27.155308
0.719512	30.402084
0.722063	26.873697
0.743241	26.840054
0.697774	27.134003
0.720274	27.862429
0.739497	27.116528
0.753258	24.152531
0.749957	26.335058
0.755341	25.084242
0.801296	21.879337
0.786526	25.983507
0.813266	26.060686
0.829605	24.635296
0.851374	25.565552
0.810958	26.903696
0.777293	26.507629
0.788622	27.462694
0.802480	25.477051
0.790400	24.541502
0.763241	23.374039
0.796987	24.960051
0.814377	23.887703
0.822126	24.314545
0.777371	23.781397
0.766025	23.479343
0.749243	23.472963
0.780716	23.795084
0.769267	22.493504
0.764317	21.438452
0.819910	23.530748
0.839232	21.966658
0.887520	21.316408
0.882838	21.827305
0.871432	21.216169
0.935259	19.556095
0.923346	20.590668
0.879966	21.960888
0.846879	22.454529
0.897502	20.743662
0.902927	21.208452
0.896616	21.952925
0.909704	21.631083
0.906107	21.711308
0.907606	22.088181
0.910231	21.077702
0.915347	21.772367
0.883183	23.941078
0.883025	23.815050
0.932207	21.716564
0.828837	21.027454
0.866013	19.751472
0.828529	19.192646
0.814910	18.090313
0.787442	18.560717
0.763413	16.901556
0.771947	15.340765
0.732551	14.978508
0.711075	16.428976
0.680531	16.386183
0.623414	17.756197
0.580249	16.708984
0.567840	16.104601
0.505418	17.407423
0.551262	18.577440
0.505865	18.132971
0.524949	17.990681
0.497252	16.728247
0.461359	16.741108
0.437652	18.659773
0.395156	16.173838
0.407379	15.308438
0.416090	16.323759
0.434137	15.800259
0.419329	15.834807
0.424228	15.604403
0.386817	14.215037
0.371006	13.171056
0.377412	13.686418
0.433094	13.692263
0.418454	14.312411
0.367286	14.973740
0.360717	14.055720
0.382373	16.069065
0.363214	13.871698
0.399875	12.524688
0.403550	12.873749
0.384522	12.848257
0.356735	14.627727
0.371385	14.300838
0.405465	13.703088
0.432603	14.256598
0.392630	13.167660
0.369999	12.196174
0.395372	11.626231
0.453761	12.101484
0.468513	12.341392
0.485557	12.703130
0.446297	12.469654
0.453894	12.798163
0.496156	11.630546
0.492873	12.227958
0.454080	13.903731
0.466500	13.979483
0.468731	12.129379
0.419609	11.601727
0.430623	12.238662
0.450871	13.791718
0.413128	12.409511
0.388655	11.271660
0.393318	12.164177
0.403894	11.877027
0.390592	14.420400
0.378313	15.429293
0.408340	14.674066
0.384636	13.251923
0.390533	12.935076
0.368106	14.392512
0.378709	14.526188
0.349118	14.385204
0.331763	14.990294
0.315084	13.942726
0.289641	13.363392
0.283340	14.546757
0.283278	14.286784
0.286123	13.362568
0.272441	15.471365
0.258909	15.961294
0.288872	15.010074
0.275777	14.582212
0.261648	14.530023
0.260281	14.351505
0.260010	15.581494
0.270790	15.170908
0.248852	15.052841
0.272391	13.179985
0.252297	13.297423
0.251418	12.343170
0.260961	12.431926
0.223596	12.990200
0.233954	12.747812
0.234950	13.067380
0.224635	13.596181
0.249965	11.577913
0.216808	9.052985
0.205595	8.579696
0.192937	9.931084
0.215528	9.274943
0.186399	9.970460
0.194079	10.065973
0.202913	8.383795
0.207443	8.832026
0.193700	9.508796
0.170685	8.092150
0.160008	6.247234
0.159679	6.734757
0.158636	5.944989
0.143923	6.089308
0.133581	6.646149
0.126756	4.511359
0.118419	2.983744
0.116064	3.363119
0.127934	3.775852
0.123407	1.794877
0.112404	4.340488
0.098912	3.907690
0.086208	3.330373
0.075947	3.842846
0.067075	2.233951
0.051091	0.730610
0.041063	3.500437
0.045045	1.349854
0.051629	1.870472
0.057641	3.327316
0.074956	3.754228
0.079819	0.265408
0.081680	3.839585
0.084270	5.237212
0.105923	2.726298
0.128485	4.920099
0.134824	3.914295
0.135746	4.496410
0.118320	3.329903
0.108761	4.011876
0.116602	3.768173
0.103458	2.949707
0.107738	5.727507
0.119139	5.642665
0.102586	5.647658
0.098013	5.403796
0.092212	3.606617
0.103758	5.067627
0.068160	4.068263
0.057296	3.792402
0.039640	4.828545
0.030680	3.227964
0.012877	4.314801
0.009932	5.321009
0.053123	5.133785
0.026232	2.571758
0.044993	4.054385
0.045215	2.618211
0.070075	5.500161
0.072967	6.054876
0.105366	6.379455
0.177987	6.826118
0.188841	7.162483
0.167449	7.966398
0.178240	7.030489
0.200302	6.697093
0.194569	4.762425
0.179586	3.625234
0.195037	0.606516
0.154065	3.600534
0.200397	8.027032
0.166096	5.584221
0.170183	4.554193
0.192888	4.055157
0.217495	6.921140
0.181253	7.895186
0.122700	7.463851
0.195329	6.810841
0.177832	7.562886
0.117083	5.472903
0.071375	5.952228
0.144892	7.815915
0.138155	10.345041
0.176783	9.340101
0.248888	9.872677
0.337462	9.034099
0.346317	9.050475
0.348666	10.032127
0.333182	8.038052
0.302399	11.030105
0.273784	8.703533
0.273319	8.697951
0.223196	8.814445
0.223658	9.250412
0.223760	9.248971
0.203589	11.288061
0.177989	13.495874
0.177742	13.497036
0.158182	12.894812
0.170739	13.687563
0.152654	16.642477
0.152568	16.656204
0.142261	16.683298
0.142186	16.660591
0.119431	18.696056
0.120794	17.337549
0.109128	18.904646
0.109127	18.896200
0.106821	17.598257
0.108954	16.953068
0.106875	16.261047
0.107285	16.296700
0.086326	16.221741
0.108022	16.607138
0.105973	15.684899
0.109297	17.171492
0.089915	17.775351
0.113693	17.306072
0.113448	17.316963
0.102051	17.111132
0.109088	17.191885
0.107683	15.530975
0.107929	15.501073
0.103653	13.064798
0.113583	15.809597
0.120060	15.016088
0.114510	14.270573
0.114638	14.285357
0.099857	14.163331
0.099865	14.624615
0.098331	15.074362
0.103139	15.058575
0.100139	14.331534
0.109626	14.140043
0.117363	15.907484
0.111581	14.804097
0.102222	14.567190
0.102073	14.882884
0.105314	14.741725
0.095328	14.523486
0.079701	14.435305
0.083105	14.412182
0.096318	14.456220
0.077276	14.624238
0.113632	15.462229
0.125026	13.778057
0.149648	14.927960
0.164632	15.945200
0.165493	15.913406
0.175304	13.369202
0.178582	12.633607
0.175785	14.108265
0.211287	15.442670
0.192241	14.183427
0.179960	14.463763
0.179653	14.508674
0.160125	14.396383
0.172827	13.276524
0.183403	11.832714
0.158413	12.923671
0.173356	15.128940
0.176069	12.172747
0.175624	10.753095
0.182441	9.818474
0.198024	9.197321
0.190668	9.015347
0.200484	8.571474
0.190721	8.167500
0.190111	7.152744
0.179222	7.931612
0.190312	8.027910
0.190445	8.052072
0.193522	7.691356
0.192221	4.973279
0.204877	6.649565
0.223952	6.816128
0.219248	5.730513
0.214051	6.209390
0.210438	6.933462
0.211813	6.824281
0.221868	8.760506
0.216434	5.307748
0.219356	3.401307
0.214749	4.800576
0.217799	4.955616
0.208856	5.123097
0.208729	5.139881
0.196191	3.000487
0.189083	3.200688
0.154496	1.840096
0.148892	3.402457
0.144345	5.557798
0.144012	3.732480
0.156348	3.435883
0.157208	2.877165
0.177749	nan
0.170732	nan
0.143541	4.744143
0.147907	1.119063
0.158040	5.498595
0.156505	5.880228
0.153425	5.621534
0.149440	5.417544
0.153157	6.899493
0.140466	6.912308
0.140452	6.857024
0.116122	5.134851
0.130829	6.982313
0.126944	9.616061
0.122802	9.699309
0.120342	10.606381
0.115101	10.738140
0.130702	7.330333
0.116738	9.446542
0.096944	9.141865
0.086431	11.765199
0.129142	11.291741
0.128910	11.278055
0.074229	10.599433
0.105749	8.813023
0.100384	8.781229
0.106546	8.830696
0.133048	6.897223
0.129047	6.602290
0.131435	8.667453
0.127647	6.765387
0.143514	7.134215
0.152124	5.502581
0.143449	5.098433
0.170726	4.738693
0.147934	2.757131
0.117537	4.364591
0.117812	4.310262
0.143647	5.347722
0.154582	6.541996
0.126190	5.354599
0.125923	5.409444
0.132368	5.559488
0.138906	7.413733
0.132136	8.964711
0.132239	8.935474
0.110887	8.247102
0.122928	5.470185
0.104806	5.747159
0.104909	5.714505
0.103189	6.198409
0.115202	4.009339
0.106253	3.946165
0.106399	3.906688
0.086810	6.870602
0.114329	8.389866
0.097549	6.662155
0.089090	4.268651
0.084793	4.824003
0.086073	3.864581
0.067154	6.022068
0.067266	5.005760
0.059481	4.592197
0.062986	5.900302
0.056767	5.477909
0.042508	4.836969
0.032654	4.334532
0.029432	5.878763
0.022351	1.537953
0.037767	5.903618
0.030294	1.038529
0.018361	3.567334
0.037252	4.088610
0.049384	2.731174
0.045661	4.446159
0.029597	4.142631
0.031034	0.896996
0.082418	6.571021
0.078183	7.132020
0.096512	6.027917
0.094150	5.858884
0.071672	5.576644
0.094058	5.090750
0.127736	4.162990
0.138786	3.835709
0.150715	5.084440
0.129192	5.017165
0.127348	5.001535
0.109494	4.872288
0.102225	4.324769
0.081936	6.303512
0.117414	6.115741
0.139390	6.334369
0.113143	4.917393
0.086477	4.667446
0.091481	4.668117
0.091866	3.808057
0.087451	5.726823
0.117525	4.789310
0.139437	4.708528
0.147696	3.828968
0.124651	5.656248
0.095717	4.783749
0.118100	5.990127
0.125928	6.260381
0.111770	5.578188
0.111712	7.105285
0.120332	6.177022
0.101386	6.489475
0.083050	5.205121
0.091557	4.438229
0.074926	4.705867
0.095187	3.866606
0.068199	6.016994
0.089868	6.088665
0.086058	4.673983
0.111874	5.616935
0.097354	6.475825
0.078214	4.640868
0.080802	4.090907
0.089480	5.247367
0.083375	4.334893
0.076667	2.667084
0.066820	2.878525
0.065225	5.008731
0.069262	2.785939
0.063259	2.331337
0.050436	4.081327
0.054130	4.633439
0.054375	5.000909
0.064551	5.137139
0.065805	6.194238
0.057852	5.066391
0.069932	4.513441
0.119347	7.091825
0.114876	5.365408
0.110957	6.707258
0.107800	6.338818
0.105643	7.340583
0.140710	5.933914
0.130665	6.285099
0.132591	7.348475
0.136246	6.990272
0.132423	6.673900
0.145588	6.271753
0.171844	5.853134
0.176895	6.883242
0.173359	5.839204
0.174168	5.496600
0.149305	6.261632
0.159271	6.349803
0.181454	8.212072
0.167460	6.806701
0.165084	7.825530
0.151838	6.933914
0.142127	7.053288
0.138487	7.748782
0.168958	7.384411
0.196079	7.027035
0.191559	4.889291
0.207421	7.189004
0.201964	7.177011
0.211084	6.784343
0.214238	7.031269
0.210542	5.977695
0.209078	8.022152
0.213248	9.215789
0.221490	9.285665
0.222670	9.086761
0.203998	9.351754
0.205782	8.169226
0.196692	9.079776
0.211388	9.731251
0.228447	11.121900
0.264318	10.059198
0.292634	13.294709
0.228225	10.231309
0.244596	12.120196
0.227718	11.202243
0.235939	10.510546
0.239079	10.092487
0.273153	12.164370
0.251562	12.135004
0.237858	12.487942
0.227132	12.370967
0.218381	11.912229
0.250386	12.585404
0.266284	11.229712
0.279518	11.106876
0.281556	11.913216
0.293933	12.218591
0.281767	11.377851
0.275030	12.718247
0.302808	12.556768
0.299699	13.179926
0.268219	13.276230
0.328380	13.063838
0.324070	12.554895
0.296327	13.201928
0.297377	12.719234
0.285251	12.605330
0.289903	12.604024
0.304202	13.794561
0.309497	11.989649
0.316695	12.939502
0.302486	12.316839
0.297925	13.174152
0.297560	13.536792
0.278749	12.427508
0.305880	13.872037
0.289718	14.931377
0.287749	14.058734
0.305572	14.899383
0.343270	16.179712
0.390330	17.703321
0.408946	17.634123
0.349349	16.068476
0.347781	12.466320
0.368104	10.471398
0.440170	12.807842
0.474473	9.069501
0.493047	8.551435
0.546512	11.230411
0.555170	11.859587
0.547866	11.444560
0.547993	11.445724
0.545079	11.176671
0.545525	9.731332
0.543580	11.156033
0.427058	13.068460
0.411702	12.474559
0.412176	12.509026
0.456700	12.879291
0.484924	11.429754
0.496696	12.083976
0.428630	13.998832
0.392868	15.162006
0.393638	15.174994
0.363284	13.571463
0.294392	13.662778
0.246163	12.152051
0.248458	11.880790
0.239193	11.766932
0.234567	10.832186
0.217498	10.938974
0.209310	10.162442
0.210880	10.143609
0.227843	11.064023
0.250100	9.442641
0.229856	8.188764
0.230697	8.186563
0.203232	8.668630
0.194836	10.572259
0.222146	10.490767
0.216165	10.759435
0.224034	12.145466
0.196433	10.798630
0.194470	12.976123
0.222359	13.817634
0.230343	14.603401
0.209281	12.178156
0.191640	11.829003
0.173363	11.256069
0.173597	11.255791
0.189322	11.198604
0.197797	9.947640
0.187992	10.692715
0.175580	10.466158
0.175438	10.469228
0.147340	10.976460
0.146749	10.648715
0.144996	11.792558
0.130190	9.474040
0.127287	9.212982
0.128944	9.210516
0.155844	8.019710
0.131480	9.142037
0.136237	11.074858
0.132130	10.008900
0.121280	7.641908
0.111593	6.229535
0.082613	9.294101
0.083170	6.658745
0.087519	6.644381
0.112480	8.106368
0.123599	10.364646
0.120424	9.906591
0.097721	7.376983
0.101940	6.036355
0.077570	7.389819
0.083811	6.332886
0.079966	9.286762
0.100485	7.824028
0.105794	7.073358
0.107915	9.234474
0.087007	8.803328
0.059232	3.193098
0.051640	4.790781
0.065897	9.826053
0.080947	9.381953
0.071664	3.589865
0.059839	nan
0.046999	nan
0.036344	1.295410
0.050762	5.083978
0.046350	7.374011
0.074791	9.534472
0.058455	8.628863
0.045226	5.624736
0.015336	5.103652
0.026924	4.811002
0.025069	3.995843
0.023837	4.794864
0.023528	4.882561
0.039560	3.319779
0.037188	6.190444
0.032361	3.940209
0.034309	6.769552
0.044899	1.359675
0.050704	2.751732
0.042039	4.935669
0.051677	6.353749
0.066754	3.630414
0.055240	5.142470
0.053384	4.877267
0.051208	5.882226
0.054176	6.621595
0.058538	8.468584
0.072666	9.852256
0.062317	6.571378
0.055711	7.185518
0.073446	5.869699
0.050694	5.298743
0.059459	5.575802
0.065773	3.826105
0.073996	nan
0.040848	1.360251
0.078041	3.118436
0.060082	nan
0.062548	1.536426
0.062894	1.320543
0.056169	nan
0.092169	3.213624
0.094342	nan
0.069421	3.364515
0.074553	0.861386
0.061169	2.169245
0.058568	2.828324
0.056381	3.916094
0.043402	1.842222
0.055732	3.636230
0.051126	4.161673
0.036544	5.777869
0.058071	7.423236
0.081461	8.964538
0.161251	8.037173
0.163433	9.520655
0.160918	8.545111
0.171814	13.189623
0.166071	11.884815
0.268541	30.270916
0.251934	53.371555
0.186954	69.887123
0.235153	90.853226
0.246434	102.258759
0.237176	107.522720
0.268750	97.815315
0.285841	119.875771
0.332234	109.576904
0.416664	123.649750
0.429519	137.805954
0.391542	151.251343
0.308532	143.879211
0.344391	127.059517
0.293235	58.087276
0.172573	60.731197
0.098744	39.563988
0.043235	15.067800
0.040488	15.979733
0.062271	10.044074
0.080303	7.510299
0.103104	2.851751
0.139383	9.364817
0.117756	3.910894
0.062676	3.430183
0.086282	2.534045
0.072440	2.474344
0.086088	4.792904
0.078680	4.130329
0.067755	1.956376
0.083792	6.233430
0.092761	4.293155
0.094013	4.178381
0.057836	4.620919
0.070360	8.184649
0.056593	8.191442
0.081674	7.868752
0.080518	5.812996
0.067205	8.847271
0.072427	8.194024
0.077113	10.017197
0.071471	7.348688
0.073462	6.348324
0.050865	7.232667
0.035344	5.226586
0.040601	3.942195
0.028343	3.061692
0.030538	1.869635
0.024010	4.467239
0.024272	5.248711
0.040643	4.413996
0.039609	5.715738
0.051639	5.295639
0.052653	6.168522
0.056785	4.666272
0.062363	4.863764
0.047457	6.144355
0.062764	7.070478
0.054196	6.883129
0.053509	6.175373
0.059710	6.688902
0.073751	5.077352
0.073922	4.842955
0.068871	2.665616
0.067188	2.506715
0.057232	2.958716
0.059214	2.647938
0.080587	2.851751
0.062601	3.026204
0.063177	3.975022
0.075240	3.747341
0.083383	4.437875
0.085298	4.298258
0.080886	5.613310
0.098546	6.614258
0.116218	4.169942
0.113013	5.824166
0.103802	4.612609
0.098995	3.167994
0.113208	6.968278
0.128321	5.065310
0.133175	5.060670
0.123693	4.806769
0.113976	5.868498
0.122640	6.424713
0.136894	5.112695
0.149236	4.045493
0.141800	5.575802
0.150238	3.061436
0.151243	3.203133
0.146157	2.958452
0.147335	4.246401
0.156356	4.114948
0.141484	3.729752
0.139607	1.000137
0.142684	4.466012
0.150232	2.948911
0.173768	2.925994
0.182186	0.584166
0.193003	5.784099
0.186767	5.301993
0.176484	7.486379
0.192874	6.903578
0.195679	6.178795
0.190741	7.049513
0.213579	9.297976
0.229235	10.476936
0.216065	9.771111
0.216986	9.063365
0.201186	7.758582
0.206271	10.628602
0.218742	10.806684
0.219009	10.668277
0.192821	12.439052
0.191921	9.740829
0.170644	11.116400
0.186117	11.827610
0.195857	11.248894
0.188566	10.537729
0.182416	8.907372
0.176123	9.233541
0.183994	9.337332
0.191543	9.319694
0.205469	9.089435
0.216764	7.956165
0.210231	8.687226
0.226162	8.808132
0.217156	9.082795
0.243391	10.080367
0.250060	6.957142
0.240571	5.649600
0.242448	6.833456
0.244642	5.593748
0.243995	5.734065
0.203178	2.895606
0.206980	4.591174
0.219574	3.839789
0.231463	2.813896
0.246309	1.953574
0.232815	nan
0.240311	3.841623
0.237260	4.051874
0.232391	3.074449
0.243081	3.748176
0.222008	3.836525
0.228008	5.036167
0.208562	3.720506
0.207184	6.184622
0.212228	5.866763
0.214137	6.063922
0.209906	8.199852
0.193317	7.727829
0.195520	9.130116
0.194826	9.544494
0.183676	10.352388
0.198041	7.929440
0.173036	9.305895
0.174497	10.224029
0.176260	10.162519
0.178902	16.620659
0.180202	10.726893
0.179936	11.504276
0.193010	17.803844
0.220084	15.490687
0.240006	12.635655
0.248451	14.654904
0.250204	13.045151
0.251544	16.535522
0.271454	14.796302
0.272437	13.001184
0.236117	12.937622
0.257750	14.375435
0.262306	14.087003
0.265132	14.714123
0.260615	13.174567
0.264142	11.621510
0.253505	13.696787
0.253631	13.279243
0.241205	16.867128
0.239781	18.223595
0.250255	12.454047
0.222402	10.637817
0.206719	13.034805
0.198845	12.876124
0.196392	13.841348
0.186199	12.019302
0.184103	11.525111
0.178337	12.416777
0.192941	11.406547
0.176941	12.069108
0.174013	12.298999
0.173686	12.831091
0.171894	13.273688
0.179565	13.407756
0.171538	12.995512
0.160320	14.178557
0.165412	13.831708
0.161590	13.315522
0.167176	15.179648
0.144815	15.852599
0.117000	15.444551
0.135032	13.699137
0.134032	11.899715
0.124176	13.352527
0.159359	10.187244
0.138089	8.657233
0.130299	10.407885
0.124477	10.361091
0.111721	9.150604
0.125321	10.718122
0.100212	9.507478
0.104213	10.080290
0.114247	9.851063
0.105064	9.792500
0.113597	10.739966
0.079476	9.008391
0.076602	8.712890
0.074426	9.590767
0.069254	10.152643
0.071175	11.453119
0.068139	11.292783
0.058675	9.535376
0.058209	10.343905
0.071722	10.631552
0.066454	8.364899
0.071409	6.192974
0.056516	8.570469
0.064650	6.185762
0.064248	8.052948
0.060064	8.885092
0.055496	7.626929
0.064160	7.467838
0.080499	13.290698
0.084292	10.806755
0.101656	8.664199
0.106256	11.378057
0.098659	10.164988
0.132036	8.547861
0.147122	7.130811
0.152125	5.584361
0.156788	8.065001
0.161761	8.503940
0.167011	5.168439
0.185132	8.646187
0.227501	8.013358
0.225523	6.512843
0.223621	7.179410
0.262336	5.595007
0.283212	7.022242
0.287809	8.976241
0.288599	7.931612
0.280336	7.591828
0.279605	7.238079
0.271110	7.597192
0.254579	7.690642
0.248508	5.431256
0.250588	3.064758
0.239165	3.957654
0.256323	6.755772
0.242991	5.161770
0.206979	4.011681
0.192496	6.901423
0.198282	4.616512
0.195431	4.791761
0.183695	4.859899
0.192333	5.911571
0.185239	6.304878
0.161239	6.007878
0.161907	4.022399
0.165709	5.805853
0.152313	4.174258
0.115297	4.926460
0.114776	3.962398
0.109183	2.614920
0.114290	3.601838
0.116612	5.500303
0.107884	5.048433
0.075059	7.509048
0.084060	3.975022
0.079458	7.062277
0.094240	6.567683
0.094878	6.623605
0.074732	7.417325
0.068963	8.356840
0.059683	9.191356
0.057495	9.230656
0.062559	7.667183
0.057228	8.385196
0.064951	8.187807
0.084563	6.813830
0.084734	6.395148
0.082534	7.919159
0.086407	8.430293
0.083419	7.423657
0.079919	6.523295
0.072921	7.561540
0.087690	5.805313
0.085829	7.573545
0.087773	5.683729
0.091888	3.329668
0.101831	nan
0.089802	2.928133
0.120838	3.940209
0.099286	1.820854
0.072648	3.152637
0.073786	3.177123
0.067997	2.646164
0.077088	3.911094
0.059535	nan
0.024890	nan
0.028892	1.487769
0.037565	4.302991
0.032530	4.696042
0.028676	4.708029
0.057275	7.374540
0.065900	6.220603
0.062057	8.602311
0.094419	8.478661
0.086907	8.098343
0.085382	11.760065
0.084459	11.489751
0.076370	10.217587
0.064066	11.810163
0.111978	12.609311
0.124640	10.449144
0.107850	11.229712
0.129511	11.759999
0.105480	13.720653
0.084744	15.088623
0.097432	13.223360
0.064524	13.521310
0.081467	15.870718
0.063434	13.765638
0.068600	13.380404
0.081987	12.437790
0.052408	10.337768
0.063125	11.550184
0.050376	11.066431
0.077968	9.883228
0.048414	11.126198
0.073700	9.545315
0.064209	6.675659
0.060236	8.099988
0.061856	9.345218
0.053496	7.473186
0.068657	7.090940
0.031872	5.833167
0.033728	7.553974
0.015865	7.581918
0.015948	7.609862
0.030409	6.477034
0.032349	7.596779
0.041079	6.999900
0.040835	7.008286
0.037281	8.182926
0.036991	5.889010
0.036922	5.892600
0.038803	6.412757
0.035806	5.794919
0.037528	5.535635
0.037522	5.504999
0.051908	5.909187
0.041172	6.294560
0.022489	6.842733
0.036709	7.980054
0.036733	7.994176
0.017593	9.562374
0.035400	8.358715
0.036081	8.327542
0.040419	7.642933
0.039955	9.275366
0.046635	8.928106
0.047087	8.956318
0.063365	11.134298
0.053731	10.554303
0.054020	13.912587
0.070199	12.260172
0.070715	12.279155
0.085140	12.084041
0.069223	13.156098
0.045940	13.472893
0.035966	11.180107
0.035775	11.183332
0.067694	9.696481
0.056235	11.009334
0.070970	10.492784
0.035658	10.424137
0.054007	8.478568
0.051736	9.283471
0.051885	9.836574
0.049177	9.941810
0.075529	10.781557
0.078682	10.969745
0.088775	11.533340
0.093800	8.406656
0.054187	8.841690
0.057699	11.057645
0.079000	11.036995
0.084203	4.680511
0.083995	6.858965
0.080189	6.153397
0.075152	6.881536
0.083965	6.373069
0.062917	3.249957
0.070113	2.711904
0.081775	5.727097
0.070282	4.029011
0.074177	2.975074
0.061928	3.197508
0.058583	3.150899
0.072924	nan
0.061273	2.949442
0.054947	1.477739
0.080280	5.181904
0.061858	4.486126
0.050527	1.418280
0.069148	4.690035
0.058197	3.168735
0.058919	4.582811
0.058644	3.648481
0.061836	4.459345
0.079894	3.745670
0.074482	2.118127
0.083454	2.897768
0.076810	3.786618
0.088683	2.915005
0.083856	3.566017
0.089854	3.249475
0.101658	2.277671
0.073671	3.254289
0.075987	nan
0.077865	3.063736
0.096406	1.568192
0.092205	nan
0.087030	nan
0.100491	2.139452
0.066189	2.809998
0.073672	0.318981
0.055277	nan
0.065521	nan
0.053823	nan
0.070461	2.841852
0.085934	1.384207
0.085787	3.085124
0.089000	3.597271
0.065425	1.871309
0.080299	1.571183
0.103671	2.202547
0.096930	4.269017
0.141478	2.594183
0.136302	4.112283
0.129744	3.342105
0.145894	3.617236
0.142374	3.986233
0.142611	3.200688
0.197646	5.768646
0.186788	4.026290
0.192160	6.684218
0.186070	5.767967
0.186032	5.052464
0.201133	6.721022
0.220891	5.761311
0.218214	5.323067
0.242723	4.736215
0.222182	4.197076
0.230462	4.286404
0.250414	4.661908
0.240247	2.791553
0.256488	4.763740
0.247532	3.327551
0.236822	5.140033
0.233131	5.294899
0.222962	3.227479
0.235400	3.481376
0.228740	2.947583
0.239085	3.481826
0.219497	nan
0.217002	2.855317
0.220474	nan
0.220479	1.698995
0.209889	0.969136
0.227684	3.248752
0.209397	3.974825
0.193490	2.374912
0.218463	2.532809
0.217485	nan
0.211888	2.826663
0.249158	3.728073
0.233160	1.917583
0.222751	4.048395
0.224335	2.045181
0.218131	3.124454
0.231294	3.218493
0.208745	2.635196
0.206401	2.096957
0.198703	2.028657
0.198747	2.468009
0.209385	nan
0.212801	0.582825
0.180831	2.155490
0.191082	4.128243
0.185667	5.255121
0.199250	3.019471
0.197948	2.733466
0.163604	1.704514
0.151239	0.185575
0.089345	nan
0.064093	2.580266
0.041005	nan
0.063716	2.763087
0.042546	nan
0.056971	2.529717
0.060328	3.491704
0.090430	2.305000
0.077533	nan
0.091221	1.480385
0.105984	nan
0.124888	nan
0.140178	3.028273
0.133261	0.713264
0.146561	nan
0.158040	3.248511
0.162748	nan
0.186994	2.971652
0.195560	1.724147
0.212342	nan
0.220445	nan
0.241867	2.391007
0.239802	1.399950
0.276309	1.800972
0.330627	3.183523
0.328080	6.025708
0.351205	5.948807
0.355072	5.730650
0.357949	4.830977
0.374299	5.266432
0.397457	7.698583
0.394275	5.383182
0.419563	4.922963
0.453688	2.101059
0.430479	5.337170
0.442851	5.999139
0.475307	5.377361
0.487353	6.275373
0.492775	5.460873
0.496767	7.546816
0.528015	7.232343
0.521710	5.979136
0.528343	5.536626
0.521795	6.213928
0.552586	5.003414
0.551666	6.838039
0.531221	4.202482
0.544375	3.677758
0.556188	3.484972
0.565416	1.928979
0.578880	5.804774
0.578867	6.219470
0.569268	6.931429
0.557868	5.842824
0.594123	6.833570
0.581447	3.186718
0.594019	6.328185
0.572428	4.181378
0.576668	5.125848
0.600761	5.543550
0.635712	4.758807
0.631558	5.348014
0.634435	5.661644
0.621982	6.553597
0.608602	4.333810
0.570143	2.720549
0.530450	6.976141
0.538107	3.278494
0.516026	3.306785
0.492845	5.579031
0.526905	4.714344
0.531456	4.668620
0.544710	5.313498
0.592061	5.080281
0.581229	5.144145
0.578096	4.267734
0.587949	4.973436
0.577696	5.809494
0.542153	4.674485
0.542948	1.698074
0.540582	2.887214
0.547463	4.655017
0.513006	5.214739
0.513273	6.030385
0.514696	5.905608
0.530280	5.384055
0.484819	4.574433
0.493069	7.290586
0.518385	6.162171
0.509420	7.002138
0.454672	7.960201
0.456612	6.459842
0.450377	5.871166
0.420075	4.492752
0.434875	7.910451
0.412054	5.140491
0.389422	6.544031
0.425690	5.147188
0.408533	5.282612
0.366814	6.339930
0.350367	5.455135
0.370198	4.775394
0.340638	4.515695
0.346825	6.059918
0.372512	4.476342
0.340986	5.059123
0.369908	4.537832
0.311163	1.637533
0.311233	nan
0.285592	2.678213
0.229006	3.270844
0.273211	8.964275
0.290448	8.847271
0.300396	1.462298
0.271619	4.403697
0.239745	6.491405
0.233446	5.426353
0.174752	3.193588
0.131649	6.047500
0.164599	5.311730
0.084516	7.995842
0.074447	6.933350
0.051522	4.529544
0.032991	5.759273
0.048338	5.519771
0.053940	5.647382
0.064173	5.544257
0.064232	5.688824
0.056356	2.428685
0.092019	5.503150
0.093775	4.465311
0.084688	5.701198
0.051848	5.286760
0.079012	5.618608
0.082733	6.320261
0.097170	6.970188
0.124530	7.050624
0.156470	4.607685
0.207500	4.629044
0.190520	4.650474
0.175242	6.064439
0.179752	5.358545
0.224470	6.438350
0.213169	3.726393
0.193327	5.528134
0.170682	11.012607
0.173067	5.672421
0.184739	12.702019
0.173580	10.610666
0.159296	7.428403
0.158614	7.244245
0.133557	12.790133
0.118542	11.866196
0.129113	11.863950
0.101994	10.406303
0.122742	8.295498
0.137013	12.267142
0.141528	14.088785
0.131293	11.393480
0.108477	12.251022
0.118645	12.050121
0.130308	11.327924
0.121296	12.510279
0.090007	10.999858
0.049952	13.382983
0.059981	13.066899
0.058575	15.972260
0.053988	12.188970
0.063609	14.043265
0.052362	13.179867
0.065404	12.509527
0.051169	11.758533
0.037413	14.437425
0.022941	10.713074
0.029601	12.169590
0.042821	12.084496
0.050074	10.557718
0.045747	11.324809
0.049187	10.989021
0.049915	12.271552
0.080448	13.111365
0.107636	12.005138
0.090003	12.382245
0.079281	11.921770
0.104666	11.938004
0.109123	13.864965
0.123930	14.489458
0.153015	12.084432
0.151981	11.202734
0.149784	11.833509
0.149201	13.150850
0.091254	5.145362
0.094391	2.847906
0.094602	4.580419
0.096706	4.030371
0.102648	4.337782
0.122667	4.603265
0.157132	3.875908
0.104061	3.272519
0.131367	2.601114
0.081646	5.697901
0.097690	5.241396
0.133657	6.674251
0.147273	5.211435
0.133009	5.580995
0.130871	4.985386
0.177248	5.731880
0.189738	6.722886
0.166803	4.275248
0.132521	7.527383
0.147360	5.200908
0.130561	6.110233
0.129211	8.523631
0.089266	7.652457
0.099405	6.606439
0.117595	10.116609
0.128226	7.778746
0.156099	7.194341
0.206502	9.580222
0.211613	10.790279
0.149322	6.699197
0.155473	7.101867
0.218561	8.310875
0.226198	9.551387
0.188415	9.188372
0.229557	9.476604
0.204063	9.877596
0.198986	9.780409
0.159243	10.232687
0.182845	11.612737
0.176911	10.700555
0.147594	12.590700
0.201898	10.755717
0.260274	14.128050
0.293241	13.062037
0.238786	13.244402
0.196964	11.432566
0.247204	12.219683
0.213777	9.706174
0.233007	9.660615
0.250543	9.718760
0.188738	7.290048
0.202606	8.193258
0.180453	8.692184
0.166930	6.925890
0.142807	5.460586
0.146950	5.449247
0.113253	7.583364
0.084820	7.447989
0.087712	7.744434
0.069856	8.038635
0.166584	7.157341
0.170150	6.937189
0.180474	3.068587
0.173085	5.138662
0.185728	4.824490
0.198258	1.955176
0.221033	6.317039
0.238189	5.334088
0.245637	9.403476
0.260253	6.492974
0.279571	6.771055
0.309311	6.955791
0.310181	6.610350
0.325461	7.234616
0.325146	5.527992
0.339330	6.565774
0.321899	10.270225
0.324970	6.538285
0.334794	6.390003
0.325165	8.828654
0.335280	6.677419
0.302930	7.006163
0.338324	5.802750
0.318818	1.623612
0.253567	12.917601
0.311140	8.530429
0.325669	3.693052
0.345397	7.257423
0.309689	4.328749
0.306887	10.838334
0.350226	4.915164
0.316540	3.141444
0.261973	3.282550
0.235045	4.338504
0.251276	3.405447
0.160787	nan
0.131159	8.970740
0.134070	6.467717
0.158163	9.325157
0.123926	9.266322
0.129036	11.068911
0.127076	12.117996
0.131789	11.374128
0.134329	13.345181
0.145727	9.697694
0.128927	10.179933
0.142097	10.997722
0.117361	10.026346
0.106628	7.268637
0.097019	6.806241
0.094255	7.932501
0.095599	10.996510
0.125488	7.189440
0.095537	12.785287
0.097432	10.812775
0.082176	11.863883
0.102459	6.963444
0.096208	6.527495
0.098904	6.441512
0.119410	5.243337
0.103532	5.859819
0.097504	5.873700
0.074096	4.511012
0.086877	7.336314
0.077847	7.709970
0.069570	9.412388
0.056364	6.934479
0.061364	7.366571
0.078807	7.061944
0.044058	5.327626
0.068038	9.307748
0.055451	10.675916
0.037299	12.238151
0.026894	8.403674
0.037443	8.114577
0.037059	12.765888
0.046840	9.795700
0.062717	11.363854
0.080468	9.416134
0.092104	9.682572
0.112181	12.631620
0.115787	12.471289
0.126915	9.518598
0.160941	10.626464
0.173240	8.014238
0.180921	9.415384
0.167964	10.370089
0.224215	15.625370
0.283926	25.121267
0.278548	9.274268
0.262160	11.366821
0.234066	7.886550
0.226509	6.991504
0.227337	6.993968
0.230093	8.268539
0.235460	7.601521
0.203834	6.111130
0.193849	7.936154
0.182056	13.227157
0.163373	11.370405
0.152892	6.274375
0.133323	8.128080
0.122819	8.213503
0.154758	6.673900
0.123594	5.218341
0.149562	5.432265
0.150023	5.455709
0.148889	4.597138
0.115419	5.021221
0.077678	4.609044
0.078285	4.709027
0.103327	5.225238
0.091528	nan
0.086484	nan
0.060378	1.426534
0.079475	2.536515
0.093562	2.957658
0.084958	4.465661
0.104094	3.272280
0.090835	3.521617
0.082630	3.490583
0.083481	3.785377
0.068991	2.113317
0.073759	3.257655
0.074520	2.372604
0.076055	2.304660
0.067645	3.046827
0.065249	nan
0.069541	2.303302
0.081233	3.452702
0.081277	0.508218
0.100137	2.737472
0.099851	2.866535
0.100138	2.063469
0.112466	1.314007
0.089037	2.860248
0.076095	nan
0.101752	3.144682
0.091252	3.468310
0.100720	nan
0.095010	2.916616
0.110797	3.079791
0.077275	nan
0.085358	4.515175
0.064086	7.584189
0.091124	4.495017
0.092843	4.346977
0.090463	4.400852
0.106283	5.044865
0.106680	5.515372
0.114721	6.370734
0.104863	5.036323
0.099817	4.782930
0.102131	5.320714
0.093182	4.748761
0.094689	6.434821
0.101723	7.804583
0.088966	6.576500
0.090560	7.249108
0.099154	4.287134
0.096097	5.551596
0.086959	6.389880
0.090594	7.157123
0.089503	8.458588
0.110653	13.115313
0.101582	11.900244
0.086064	13.286328
0.077808	7.533624
0.091577	7.496206
0.105317	12.207741
0.143238	11.577508
0.149338	15.646408
0.149556	13.381517
0.161288	16.717115
0.159173	12.583970
0.147625	10.787881
0.173628	11.669715
0.177341	10.719657
0.210296	7.167510
0.193789	9.630474
0.215880	10.814297
0.227880	11.310540
0.225227	8.451638
0.255704	8.555465
0.261754	6.948244
0.278087	7.572512
0.323710	10.907111
0.290555	12.713313
0.240476	11.453736
0.280838	10.458666
0.311292	14.171029
0.330831	18.999527
0.375845	16.186314
0.402424	17.649799
0.419246	18.351377
0.425818	21.409346
0.412179	23.657297
0.452372	20.993101
0.480158	25.160089
0.510734	27.240887
0.577259	27.251413
0.606141	33.394360
0.546437	35.997093
0.586885	28.497484
0.587196	28.482857
0.620801	31.787247
0.676934	28.313360
0.713113	31.038424
0.796869	24.622551
0.803025	19.082571
0.803741	19.081993
0.807894	19.318716
0.872192	20.219601
0.850030	19.797415
0.746061	16.841215
0.729829	18.054304
0.712703	20.409229
0.724213	18.983007
0.732362	16.179276
0.746753	19.404255
0.790582	18.256731
0.798363	14.447151
0.813223	13.422432
0.802117	15.964344
0.821415	18.323002
0.795999	11.889036
0.796986	15.766631
0.790800	12.599667
0.819283	15.759906
0.897797	17.988016
0.870540	14.574891
0.845714	11.910187
0.781336	9.260570
0.745454	10.967030
0.681255	6.861020
0.666952	11.549100
0.694630	9.990562
0.725845	8.843285
0.697913	12.091372
0.687009	9.323309
0.651779	11.506660
0.645334	13.034022
0.653346	20.990290
0.674660	17.389812
0.661417	28.137474
0.675429	19.727884
0.657433	11.388594
0.663674	4.741336
0.660609	3.447029
0.661080	9.552371
0.639949	6.154669
0.633801	14.185418
0.614486	7.492445
0.619975	7.917378
0.609876	6.615324
0.585733	8.314456
0.558721	4.828870
0.550459	3.379836
0.543156	5.964319
0.536608	6.412391
0.503983	5.922819
0.478565	6.121884
0.439619	9.885131
0.396046	5.546234
0.378889	4.466888
0.382782	4.787348
0.366592	7.181920
0.359385	5.749747
0.344016	6.706791
0.325786	5.685382
0.308617	6.393923
0.300937	5.767017
0.261711	6.808542
0.282932	7.263248
0.275536	6.743821
0.253978	5.232276
0.250034	2.698884
0.201481	5.073804
0.204159	6.860221
0.185837	7.362317
0.157872	5.838131
0.153634	8.794957
0.101976	9.262263
0.099707	4.712517
0.075883	4.847479
0.077409	2.662384
0.099977	2.494821
0.115607	2.077457
0.141023	3.173919
0.125829	2.555269
0.138542	4.441755
0.137772	3.983678
0.112851	4.629213
0.148659	5.700924
0.136285	4.998247
0.161766	6.510678
0.159551	3.895249
0.143679	6.113308
0.124454	3.769004
0.161857	5.084594
0.135557	3.764640
0.117651	6.206866
0.162222	5.792756
0.143788	7.122679
0.158101	6.959394
0.168762	7.404854
0.160477	6.700951
0.159151	7.319855
0.174237	6.007748
0.183576	7.884365
0.208829	8.379589
0.188629	10.127448
0.180138	12.603525
0.191133	13.330184
0.180480	14.220004
0.170780	14.350904
0.151113	17.397673
0.152326	11.238434
0.224414	12.830113
0.144524	10.720827
0.261313	10.819731
0.290438	6.691360
0.305676	11.152869
0.378809	7.895980
0.355248	10.311958
0.359212	6.037522
0.333742	7.378470
0.348418	3.824468
0.394856	11.584481
0.292645	2.926796
0.319016	24.858641
0.357627	19.237867
0.321485	13.870341
0.404693	36.055428
0.476950	71.337891
0.456647	28.181665
0.440193	62.942245
0.468708	16.240318
0.485338	25.078487
0.572086	45.989189
0.574804	48.635784
0.610439	43.399960
0.643332	15.467864
0.670352	16.337463
0.634024	10.765333
0.677127	13.117525
0.630334	7.666059
0.684513	37.460800
0.676545	31.123955
0.611206	28.829838
0.597350	11.805647
0.615471	10.695354
0.610412	12.490517
0.675329	7.368273
0.681085	6.543073
0.637214	8.881298
0.598673	7.311612
0.626772	5.087519
0.702159	13.692263
0.683174	16.750629
0.741376	18.465008
0.757699	18.490704
0.758733	17.783882
0.754130	15.774596
0.736205	12.568567
0.767215	8.956668
0.692860	9.059301
0.636163	11.975121
0.602762	9.328517
0.607684	4.206764
0.528909	6.698028
0.558638	12.528256
0.609850	7.704482
0.572009	6.913781
0.573883	6.460691
0.541794	21.821064
0.548080	18.366320
0.455525	10.078656
0.456351	15.458014
0.483036	5.236613
0.443757	7.573545
0.430410	6.937302
0.441753	7.291122
0.447825	6.929056
0.453939	7.312789
0.462885	9.006217
0.452320	7.865067
0.443640	3.245859
0.412517	18.831306
0.391954	8.849662
0.417680	9.727223
0.425583	11.211057
0.428058	9.163095
0.390683	8.387531
0.367413	13.490582
0.380064	18.255011
0.357158	19.840122
0.368263	15.708110
0.326423	1.718691
0.311405	9.493869
0.352737	16.378178
0.316823	9.748870
0.313254	12.968989
0.323168	11.184805
0.304487	14.637275
0.298240	12.655624
0.292251	16.250324
0.274759	13.709269
0.312159	8.056742
0.304532	10.959378
0.276326	8.523355
0.256209	6.657098
0.220220	5.761448
0.206940	6.847424
0.212258	4.861027
0.188310	6.055006
0.185668	4.414883
0.180545	4.086311
0.184628	3.273237
0.165895	1.276542
0.175646	nan
0.175425	3.382614
0.152441	3.307258
0.155011	2.284877
0.159804	2.840751
0.173108	0.982769
0.165495	4.989310
0.167161	2.088354
0.181607	3.898664
0.187046	3.557886
0.206187	4.072110
0.212867	5.974681
0.208163	5.783422
0.217831	5.792080
0.220871	5.564134
0.242062	2.554044
0.232355	4.198940
0.218794	4.460224
0.237572	4.077489
0.253060	5.858482
0.250160	8.083241
0.236544	7.228009
0.242100	8.025764
0.245444	6.934479
0.250466	5.344060
0.248069	8.234458
0.248481	8.347273
0.243720	5.772038
0.250499	6.890065
0.234387	8.012967
0.244962	6.077981
0.260411	7.504249
0.274635	6.398086
0.274859	7.464586
0.294222	8.195840
0.294226	7.061168
0.286104	8.585174
0.287810	8.610140
0.296488	7.916686
0.293068	7.752623
0.293367	6.568994
0.291313	7.641293
0.285602	5.810302
0.297371	5.628633
0.300638	5.152965
0.306356	5.101504
0.302971	5.625432
0.310543	5.377798
0.312427	3.051191
0.314864	3.819347
0.326514	3.988784
0.338770	3.266534
0.349386	2.892360
0.352802	nan
0.349285	2.027885
0.348685	nan
0.354295	2.438014
0.356735	0.873119
0.356608	2.462611
0.367011	3.076994
0.355122	0.947079
0.358366	3.996627
0.354979	4.239390
0.349443	3.374968
0.353580	5.216990
0.352803	3.957456
0.341259	2.838269
0.332377	4.557286
0.319268	3.411877
0.318103	4.976426
0.314330	4.739189
0.320351	3.760687
0.304854	4.994016
0.303767	3.988784
0.298731	3.085885
0.302939	5.529267
0.294408	5.896319
0.280993	5.331739
0.279802	3.196283
0.276397	6.255000
0.266778	6.303636
0.248813	7.079667
0.256462	5.405969
0.242347	6.149961
0.237000	6.162044
0.240877	6.158994
0.230952	9.108550
0.218081	6.838382
0.208930	9.917976
0.202301	7.103852
0.189981	7.292519
0.182822	5.846575
0.183410	7.209022
0.182608	8.065292
0.180468	8.234553
0.186831	8.941873
0.177651	9.451433
0.185655	10.731497
0.189381	8.842753
0.186677	4.918348
0.218101	5.594728
0.226954	4.936621
0.223541	13.428510
0.212983	9.718923
0.210330	8.301915
0.225636	8.254601
0.220002	8.932405
0.207836	13.241145
0.180496	7.460073
0.164433	5.024026
0.158053	7.691255
0.148864	3.155119
0.154214	11.596588
0.127856	5.538040
0.115407	3.944776
0.114228	3.329903
0.137284	5.333208
0.159116	4.412932
0.146078	4.719489
0.161856	5.343474
0.170141	4.199313
0.163859	6.125081
0.200136	4.347517
0.204361	3.284934
0.200916	13.116150
0.223077	9.691470
0.273509	14.966188
0.284860	16.210745
0.276195	10.423160
0.318686	6.708893
0.312864	2.841026
0.322178	4.114758
0.337198	7.407393
0.370161	6.013481
0.361077	3.907690
0.377042	4.460047
0.389378	9.203878
0.393093	10.533192
0.410589	6.933124
0.416673	10.906609
0.428132	5.165712
0.460975	4.469166
0.513446	4.495887
0.506363	6.247986
0.515466	7.958824
0.532767	10.624619
0.560844	6.314062
0.618085	6.196514
0.616362	6.433117
0.651009	8.018635
0.599813	11.487021
0.672339	7.717891
0.722732	6.464326
0.749809	6.608810
0.819920	6.422884
0.778862	7.208695
0.849830	6.915027
0.855411	8.284724
0.863124	7.228227
0.953666	9.085382
0.992035	12.892804
0.924477	12.843739
0.927845	11.861899
0.944131	10.356249
0.892296	14.862618
0.811216	10.212754
0.862039	14.630625
0.765639	10.837105
0.831483	8.793265
0.760186	11.875443
0.817672	11.363233
0.717963	10.977887
0.711620	11.861899
0.732084	7.679636
0.664206	9.455495
0.628854	12.608565
0.553411	11.816734
0.550987	10.851490
0.462599	12.356822
0.447722	11.584007
0.406157	11.127606
0.433079	9.544412
0.403345	8.726097
0.397862	9.714406
0.397360	9.341359
0.364072	10.151795
0.362648	9.666453
0.380558	8.033567
0.393536	10.723240
0.389217	8.954481
0.369684	12.678533
0.351630	9.011087
0.343900	6.768626
0.347454	8.450340
0.365820	9.735518
0.347100	7.700618
0.312764	8.808399
0.321389	6.550849
0.326159	8.485034
0.326535	8.484480
0.309721	8.451082
0.295839	6.699197
0.297748	9.179328
0.270502	10.095672
0.241291	15.013054
0.220937	12.907030
0.196900	12.595184
0.173728	15.153721
0.148769	14.747526
0.107133	17.085493
0.094420	15.103649
0.105996	18.214060
0.085735	16.239254
0.107370	12.623174
0.077789	17.136456
0.058570	12.586089
0.070037	14.876345
0.069266	14.013846
0.062503	13.994460
0.064591	13.277647
0.059768	12.653271
0.067082	11.456336
0.059913	10.739235
0.065514	8.710821
0.069708	8.990632
0.072171	8.131742
0.069580	8.709382
0.049119	6.542595
0.054888	7.961381
0.033716	10.080833
0.051455	7.709462
0.049868	7.148472
0.040085	6.119453
0.032296	3.674564
0.033412	5.381582
0.034303	4.545245
0.043080	5.266135
0.089727	4.968239
0.055544	4.148296
0.042148	2.640538
0.060190	2.685801
0.064114	nan
0.109160	1.044541
0.105684	2.021313
0.119175	1.535407
0.118274	2.374912
0.119724	nan
0.141816	0.650115
0.130878	1.857455
0.094425	1.590001
0.094772	1.750726
0.108864	1.352750
0.083099	nan
0.070955	2.696853
0.115743	1.201365
0.090555	3.111148
0.034718	2.558637
0.027827	5.150837
0.057251	4.221625
0.067331	4.140362
0.099145	4.934875
0.086877	4.312078
0.080941	4.457765
0.110771	2.411543
0.144021	5.470614
0.138154	4.081710
0.153756	5.149773
0.137487	4.314257
0.135592	5.566525
0.117031	5.301401
0.132230	6.706441
0.112696	6.959056
0.136297	6.174612
0.134013	6.276122
0.129340	5.563008
0.107679	4.425687
0.109815	7.203479
0.080199	7.785088
0.095244	9.551551
0.095356	8.606862
0.110166	8.874414
0.097121	7.981330
0.095529	8.560683
0.104294	7.240244
0.111132	8.686775
0.113335	9.625428
0.103908	9.419793
0.123922	9.650064
0.143248	7.813709
0.140236	5.356645
0.155640	6.084935
0.169939	5.833972
0.183676	6.229661
0.176259	6.248738
0.177022	7.708344
0.190553	5.933914
0.196899	5.350503
0.187627	6.975916
0.140005	7.998193
0.185024	8.168746
0.147982	5.864361
0.147411	5.575521
0.130674	4.588786
0.150377	4.046073
0.135178	2.637572
0.202820	3.287555
0.170340	4.548344
0.178414	2.040199
0.177692	3.613122
0.143415	3.883777
0.106847	4.302810
0.109879	4.393730
0.092147	5.945778
0.110793	6.255626
0.107054	6.061727
0.114161	6.288587
0.123304	6.928943
0.121759	7.343890
0.122391	7.842428
0.113621	8.195361
0.084602	8.744752
0.121234	7.945033
0.119176	7.230610
0.142330	10.001225
0.159820	9.373932
0.159103	7.799261
0.137149	8.716755
0.171757	7.143430
0.168558	7.703567
0.169694	7.327021
0.159673	6.425444
0.176283	6.547261
0.186720	7.012644
0.192403	5.708335
0.202945	5.993132
0.237261	5.760768
0.248854	6.383382
0.237111	6.804054
0.255211	4.026095
0.228824	4.983815
0.224248	5.658601
0.241349	4.222181
0.227962	4.699874
0.202699	5.286908
0.206503	4.307356
0.217441	4.262778
0.218128	4.208066
0.257668	5.212486
0.228491	4.881439
0.236856	3.962398
0.248670	1.680466
0.247087	2.498583
0.248667	3.929067
0.253578	2.498270
0.258281	2.834130
0.252172	2.665909
0.241875	3.922087
0.241418	4.092246
0.269726	3.060669
0.277409	4.504238
0.247563	4.912455
0.243945	5.084748
0.232940	4.029982
0.242348	4.249718
0.230919	4.518122
0.234695	4.522625
0.218967	3.340464
0.200045	4.065569
0.205607	4.735553
0.209611	3.809085
0.185513	5.116675
0.166343	6.706791
0.161476	5.701885
0.143930	2.518242
0.148080	2.590560
0.156325	2.934275
0.148272	5.583379
0.135542	3.858905
0.119925	8.776499
0.122517	7.420281
0.126785	3.942791
0.137485	7.819522
0.122748	7.277791
0.134574	7.195539
0.127943	8.258112
0.103265	5.392192
0.116267	2.572975
0.111027	3.728703
0.113062	nan
0.123189	2.185064
0.161063	2.599006
0.180470	4.098555
0.183718	2.708438
0.205581	1.997944
0.214132	1.177013
0.218712	2.993435
0.221353	2.007324
0.200010	nan
0.210719	3.100562
0.232914	0.773286
0.213329	1.672997
0.198236	2.567798
0.204541	0.905679
0.211285	2.311104
0.219922	3.211675
0.225319	3.225538
0.227714	0.837428
0.235405	2.766768
0.228970	7.564647
0.228104	10.400050
0.190279	7.699092
0.191365	7.950453
0.208291	8.736327
0.238518	7.467943
0.230102	6.815209
0.268944	6.310589
0.242676	8.754065
0.250264	4.443165
0.279949	9.491722
0.311893	17.855412
0.291155	13.594161
0.300639	13.245527
0.275806	14.298808
0.281914	12.617703
0.263848	13.350059
0.286615	13.311221
0.243534	14.542010
0.239408	13.526067
0.246650	12.178930
0.262521	11.360818
0.271460	12.144497
0.288054	12.029215
0.242087	12.821185
0.255017	11.672872
0.229245	11.014885
0.223943	10.955158
0.236785	10.866215
0.227646	12.044003
0.225305	11.829201
0.223707	12.143531
0.254659	13.902545
0.261445	11.957625
0.278074	12.336180
0.290083	15.485008
0.276546	13.595316
0.265651	12.037881
0.264936	12.939198
0.265073	12.650480
0.270415	12.201250
0.292247	13.333419
0.274390	12.997262
0.281980	12.849661
0.234234	9.185984
0.313822	11.546587
0.324923	14.313619
0.308338	13.548900
0.304718	14.014741
0.289436	12.681069
0.287966	12.480341
0.271756	12.402811
0.276948	10.130078
0.259104	11.776122
0.296079	11.306659
0.307076	6.292819
0.318259	7.515929
0.271200	6.235189
0.265507	5.609124
0.241037	4.391770
0.236939	5.273415
0.275620	5.966813
0.202083	6.286220
0.214698	4.231257
0.221146	3.991335
0.199658	0.927033
0.231793	3.325198
0.248585	3.604011
0.227849	2.145298
0.227364	1.406643
0.233959	3.456101
0.203281	3.857891
0.222056	2.395586
0.212046	3.171945
0.207940	4.205647
0.289166	4.335435
0.237412	8.810088
0.215667	7.724990
0.228931	6.129170
0.245437	8.460347
0.254069	7.263356
0.313653	5.464170
0.269154	7.196082
0.215773	7.492758
0.200647	5.686759
0.204736	6.646385
0.137538	6.394046
0.201456	8.557937
0.227988	7.012867
0.184187	5.963269
0.237055	7.202827
0.224563	7.451248
0.194044	8.968557
0.181833	9.443139
0.192283	7.458708
0.178116	7.493490
0.128803	8.115252
0.153364	8.744573
0.163098	7.038950
0.150624	5.555826
0.144020	8.238168
0.178263	9.625184
0.138511	11.241713
0.127936	10.080445
0.160735	10.891434
0.149844	9.257186
0.182843	8.846651
0.180157	11.761333
0.173698	11.998343
0.190562	12.667765
0.196423	10.449144
0.194399	9.680386
