0.525955	17.950010
0.500317	15.697359
0.461464	17.654428
0.486913	15.057692
0.483042	14.751359
0.472053	15.967442
0.522910	16.375204
0.432805	14.872808
0.494458	15.814862
0.498165	17.188274
0.482807	15.143357
0.581649	14.986785
0.473926	14.926960
0.488786	16.198727
0.488680	14.772202
0.512902	15.965131
0.532034	15.878580
0.532967	14.327646
0.552954	15.209511
0.529429	15.840856
0.550313	18.118748
0.581565	16.512470
0.624880	17.144751
0.575900	15.858640
0.571644	15.325096
0.548036	15.821711
0.648268	14.650834
0.565631	15.230089
0.492271	15.147657
0.581715	14.476887
0.547192	13.888825
0.533731	12.531136
0.575683	11.706205
0.751116	14.042651
0.640398	14.088228
0.518256	11.660842
0.586124	10.558387
0.608265	12.246734
0.609001	11.021430
0.473647	9.787537
0.469413	10.136885
0.501306	9.483132
0.421648	8.674501
0.461097	8.581614
0.512681	9.557620
0.412825	11.852841
0.366319	9.954571
0.318842	10.741133
0.331356	11.076982
0.331253	14.302979
0.317044	11.617731
0.314756	12.614471
0.318323	14.745877
0.317080	14.129661
0.325112	11.688712
0.324622	18.245922
0.338797	15.740863
0.330315	16.603258
0.306829	21.830408
0.285326	18.678007
0.289768	20.743586
0.266569	18.175789
0.257575	18.879801
0.246273	18.213802
0.201634	19.782152
0.196766	20.061676
0.177876	23.052885
0.160658	19.162304
0.147483	19.507938
0.141544	18.649321
0.142802	19.074741
0.142588	19.148264
0.140867	21.643967
0.130069	20.481695
0.138480	19.515276
0.130508	19.266172
0.131833	19.260662
0.133176	18.205515
0.135014	20.476507
0.136974	19.428356
0.141470	19.552036
0.147561	19.469076
0.148401	19.203541
0.177779	18.603107
0.208069	20.689455
0.208134	20.824656
0.191035	21.842487
0.192617	18.283577
0.200922	20.259483
0.197028	22.137402
0.221949	21.151217
0.223889	20.732544
0.228727	20.119589
0.206297	21.581928
0.226978	19.735138
0.212758	19.625792
0.210732	20.863771
0.218101	21.704342
0.209239	22.750505
0.210540	21.826115
0.214716	22.021513
0.200457	19.151302
0.213909	19.882261
0.239108	19.379477
0.233995	18.022936
0.238375	17.785118
0.235259	17.538954
0.241193	18.364994
0.249459	17.682669
0.246635	17.399115
0.241181	17.472929
0.250463	15.788131
0.254289	15.172614
0.277575	16.352985
0.281780	14.011829
0.238290	15.206826
0.210321	15.362803
0.194610	15.417790
0.189141	16.016300
0.200520	15.353961
0.162986	16.109621
0.145131	16.460831
0.115084	16.585699
0.195745	26.785233
0.089836	13.078059
0.079737	14.106541
0.110759	12.816840
0.119096	12.565198
0.166577	12.794731
0.212154	11.787835
0.226277	12.164046
0.239328	11.592329
0.227093	12.405277
0.232890	10.667468
0.229482	11.242061
0.246797	10.305648
0.280104	9.608480
0.266920	10.209455
0.250201	9.922873
0.250778	10.351102
0.248823	10.475216
0.219688	8.156463
0.223967	8.831583
0.228395	9.858219
0.232586	9.515056
0.233176	8.677482
0.224876	9.135006
0.244474	8.741168
0.242684	7.972786
0.228713	7.822527
0.220217	7.254076
0.213845	7.665343
0.200851	7.066379
0.204523	5.899505
0.197870	6.744518
0.203145	7.728742
0.202653	8.237502
0.197630	7.767259
0.199821	7.070700
0.204867	7.505814
0.202631	8.555190
0.176099	6.209012
0.178755	6.147795
0.189763	6.770130
0.189114	6.640609
0.186047	7.506022
0.177465	8.290302
0.148861	6.415077
0.159051	7.137288
0.151362	6.913328
0.162848	7.829032
0.179611	7.290371
0.185332	7.719413
0.185981	7.694309
0.160718	9.006217
0.161716	9.556062
0.203221	9.155825
0.234192	11.674214
0.211673	10.520311
0.194919	11.905776
0.195246	11.056156
0.190549	11.181231
0.176721	11.980489
0.166699	11.017235
0.166229	11.966277
0.154545	12.125759
0.170281	11.652030
0.157433	13.024270
0.153630	12.221415
0.131336	13.337360
0.122299	13.139513
0.119623	13.067260
0.117492	12.243212
0.117213	13.793651
0.121258	11.550592
0.136558	12.866191
0.119918	12.398701
0.124490	11.622117
0.127000	12.278388
0.112985	12.489136
0.115393	12.743443
0.128834	10.781050
0.129185	10.966528
0.134740	11.719125
0.140318	10.395603
0.138309	10.073679
0.124441	10.697406
0.121746	10.450795
0.114034	10.531630
0.112662	9.542522
0.105558	8.552076
0.135534	9.453837
0.121925	8.229986
0.111255	8.973272
0.118025	8.123647
0.121238	8.093021
0.135271	8.319072
0.135023	7.870842
0.138195	7.693902
0.136252	7.823428
0.144793	8.175072
0.162274	8.136365
0.156931	7.830633
0.142609	9.183424
0.142273	8.128562
0.130893	7.625183
0.138472	6.816818
0.131631	7.007168
0.120051	7.210978
0.116253	7.705193
0.119401	7.510822
0.141630	6.195881
0.147170	6.037781
0.152419	6.822330
0.176928	7.795646
0.176796	8.363306
0.198535	7.147596
0.173940	6.916612
0.183785	6.648034
0.176652	7.850813
0.162390	7.617373
0.188020	8.313043
0.201503	7.285642
0.221013	8.005339
0.210002	7.676473
0.196100	7.899848
0.196825	8.203099
0.194837	8.444683
0.199495	7.779451
0.204825	8.238738
0.215006	8.819777
0.204050	8.183500
0.208828	7.536327
0.224825	8.371733
0.246807	7.747569
0.260136	8.318413
0.266207	8.211214
0.278402	8.506980
0.269899	8.441065
0.278460	9.155227
0.290475	9.859888
0.285604	9.851699
0.279181	9.204218
0.267748	8.653341
0.262708	6.494781
0.256883	7.275208
0.262035	9.159418
0.256119	8.559585
0.262388	8.251374
0.291175	8.152524
0.289226	9.315993
0.291271	8.534470
0.289302	8.719722
0.283886	9.504097
0.258110	7.927167
0.267507	8.603404
0.263387	9.170105
0.284983	10.366535
0.255981	8.218365
0.256780	9.148719
0.278008	9.628521
0.269391	9.090728
0.273186	8.324343
0.292092	9.129430
0.295312	7.323385
0.283337	8.591467
0.271897	9.145464
0.281804	8.609503
0.270503	8.536030
0.277162	7.297780
0.279646	7.988589
0.272380	7.928353
0.264961	7.465846
0.262153	7.464691
0.250401	7.775825
0.260654	7.094475
0.255817	7.689319
0.246917	7.341010
0.229362	6.023758
0.199635	6.102026
0.178128	6.687731
0.162342	5.026830
0.168472	3.922686
0.133585	5.203315
0.135965	5.321302
0.147392	2.998399
0.155255	1.004042
0.123375	3.536701
0.116800	1.021048
0.112900	2.376230
0.100564	4.241790
0.109951	3.262937
0.107638	1.313411
0.102942	2.482870
0.106107	2.494194
0.091537	2.420615
0.077840	3.783929
0.080400	3.605314
0.080774	2.776933
0.083014	4.433640
0.126980	0.977179
0.192466	3.626314
0.208956	2.764503
0.222218	3.171698
0.235856	nan
0.271696	4.187926
0.260025	4.183811
0.317614	0.921953
0.313239	4.132034
0.285745	3.813603
0.322179	4.810351
0.306331	5.284538
0.349408	3.221410
0.331539	4.441755
0.338072	5.447235
0.346719	3.392550
0.329242	3.963781
0.315591	3.482275
0.311649	3.169230
0.338825	4.162802
0.330340	3.648052
0.312537	3.626962
0.294996	3.070882
0.213389	4.931225
0.196465	5.278163
0.177358	5.929029
0.156701	6.492611
0.143780	6.017125
0.073381	4.315345
0.099893	5.392918
0.088585	3.958247
0.070588	6.725331
0.072901	5.692952
0.095615	8.966635
0.110888	6.541757
0.099172	5.260630
0.093289	5.764437
0.078162	6.408603
0.079238	7.295203
0.074727	7.547957
0.068923	8.634944
0.090395	8.322743
0.113726	9.615084
0.042840	7.186935
0.098946	6.222114
0.107538	6.050348
0.091768	7.059171
0.125372	7.744030
0.086030	6.524375
0.065544	6.917631
0.062182	6.780649
0.136393	6.037781
0.090585	6.977151
0.113723	5.298743
0.114924	7.028373
0.121378	7.085527
0.118859	5.559488
0.116501	6.101512
0.108244	7.172098
0.102660	7.435991
0.105946	7.632678
0.146366	7.983782
0.120677	8.376689
0.117930	8.887383
0.131271	8.296724
0.151951	9.617039
0.167666	10.688315
0.163750	9.119040
0.217154	8.834953
0.191148	8.476997
0.198284	8.551160
0.221356	8.187328
0.185244	8.891172
0.186454	7.910451
0.184727	7.254941
0.198162	7.828732
0.190176	7.333645
0.226918	7.565682
0.204089	7.011526
0.273009	6.344992
0.191850	6.655216
0.205184	5.830213
0.200250	6.325585
0.200249	7.005827
0.163675	5.735840
0.262891	4.697708
0.170076	5.794648
0.179115	6.683163
0.186421	5.912631
0.201030	5.579031
0.216287	5.772310
0.247988	5.869699
0.241317	5.045641
0.255623	5.324686
0.272074	5.576364
0.243232	5.592768
0.251602	6.855082
0.235429	7.146500
0.220745	8.008273
0.235940	7.840230
0.262248	7.548165
0.236033	7.603478
0.247260	8.259629
0.239053	7.926278
0.246789	7.780055
0.254399	7.060502
0.224937	8.809911
0.203751	7.852010
0.192772	7.309575
0.166064	6.528816
0.164441	7.948186
0.155825	7.634217
0.185113	9.433260
0.156794	9.311534
0.161207	9.181718
0.167994	8.584169
0.227064	9.975176
0.189367	9.081328
0.215999	10.273963
0.210530	9.718842
0.210367	9.355776
0.219352	9.231249
0.219143	9.697937
0.252111	9.301516
0.234709	9.777445
0.241032	8.478568
0.270598	8.154829
0.280334	10.170382
0.285281	10.594255
0.283762	10.727989
0.286785	10.492262
0.292136	10.989164
0.391188	11.396783
0.339301	10.386778
0.442539	12.382499
0.389625	12.441132
0.320183	11.073230
0.349349	12.437538
0.312305	11.378057
0.372115	11.311788
0.348160	11.007410
0.415478	11.212246
0.402403	11.246453
0.393616	10.774576
0.352647	10.998505
0.352938	9.986796
0.367784	11.255791
0.378005	11.875640
0.400585	10.650041
0.373654	11.347562
0.393309	12.436467
0.362973	11.711764
0.396148	12.370839
0.387452	10.968601
0.379625	12.395854
0.392007	12.376543
0.385344	12.739874
0.376082	11.627311
0.388288	12.345330
0.383606	13.339537
0.451437	14.394310
0.409316	14.175404
0.408877	15.878234
0.410266	14.854959
0.425210	15.256403
0.447942	14.919702
0.491963	15.859680
0.435566	15.367452
0.441027	15.722348
0.465650	15.473904
0.455820	17.667288
0.549932	17.627836
0.531454	15.429804
0.502288	15.433263
0.551886	14.456598
0.479469	15.048356
0.527026	16.503716
0.541556	17.097216
0.514719	17.072523
0.535833	19.009745
0.500746	5.248263
0.415463	6.019077
0.417640	6.290205
0.405950	6.263883
0.401858	5.944330
0.400588	6.042578
0.395019	6.352516
0.379404	6.693700
0.398015	6.703404
0.416358	7.018671
0.419003	7.338555
0.438887	7.364019
0.441299	7.561229
0.439724	7.384942
0.441951	7.946413
0.418835	6.199419
0.429288	5.192018
0.417735	5.977433
0.410610	5.133480
0.418101	5.106259
0.412271	6.567324
0.402445	7.290586
0.398256	6.881422
0.392491	6.712160
0.401128	6.252747
0.385355	5.219841
0.380265	6.758321
0.385313	6.731151
0.382638	7.454191
0.373562	7.461857
0.360870	7.161717
0.340807	7.835633
0.340617	6.773600
0.338683	7.092597
0.332972	8.227035
0.329614	7.088511
0.361133	7.590900
0.354251	8.326131
0.347266	7.037838
0.353819	8.315869
0.351489	7.497774
0.353815	9.594851
0.353174	9.111732
0.341540	8.283684
0.361924	8.823772
0.357312	8.424808
0.344047	8.953169
0.339465	8.849662
0.349453	9.213068
0.348794	9.431931
0.340444	9.327509
0.337465	9.534143
0.340311	10.213752
0.345460	9.286762
0.346247	9.586353
0.349273	10.214672
0.345601	9.664913
0.329384	9.449693
0.344006	9.355776
0.328992	10.116687
0.331922	8.676849
0.328760	9.760036
0.319244	9.206687
0.324317	9.083485
0.343112	9.783613
0.315030	9.940232
0.337978	9.601791
0.354073	9.597464
0.365711	9.800260
0.367236	9.133806
0.367783	8.887031
0.355715	8.039708
0.372094	7.705397
0.356762	7.876412
0.342993	8.468953
0.354184	8.541627
0.353104	9.768063
0.361641	9.783772
0.386442	8.997687
0.372564	10.390399
0.378705	8.797987
0.392447	7.554078
0.396964	7.804281
0.414779	6.929960
0.412080	7.092818
0.391906	6.320012
0.413423	7.513011
0.402425	4.722475
0.384922	4.795517
0.366985	5.841752
0.385358	5.110704
0.351049	3.635369
0.379752	3.819552
0.373065	4.513441
0.377935	2.643797
0.394695	2.165634
0.389832	0.823289
0.373165	3.407515
0.367264	2.288642
0.362399	2.280419
0.389147	1.306840
0.378737	3.740650
0.380631	1.746250
0.379073	4.583665
0.348535	4.481062
0.378885	4.332726
0.383561	4.306629
0.410141	5.264647
0.407321	6.128404
0.411748	6.808196
0.394853	6.458267
0.389142	6.477638
0.379737	5.021688
0.347571	6.318773
0.360185	6.451958
0.350748	6.479693
0.391290	6.280737
0.376877	6.740220
0.358165	7.801168
0.349132	7.067598
0.349561	9.057658
0.368926	8.075290
0.370357	7.544014
0.406432	7.296814
0.413074	6.720672
0.377230	7.304002
0.348736	7.456608
0.355802	7.451564
0.350308	8.200140
0.341070	6.169918
0.341787	6.646738
0.335715	7.587804
0.345107	6.973671
0.368815	6.590774
0.388078	6.282108
0.407343	7.386003
0.423643	7.233208
0.400330	7.453246
0.400499	8.026642
0.402872	7.036502
0.397476	7.225951
0.417252	7.508422
0.429052	8.895666
0.410944	8.519311
0.404726	8.393600
0.406406	8.875385
0.425119	10.118777
0.410545	9.019257
0.395743	11.225243
0.372687	10.294615
0.349815	8.890028
0.366612	7.627750
0.363997	8.036492
0.350256	8.643196
0.351294	8.943538
0.358020	9.916237
0.333797	7.983390
0.322840	9.793301
0.341980	9.312292
0.332276	8.371545
0.350109	11.022853
0.351321	10.788753
0.326018	10.009057
0.333070	10.468630
0.325816	9.726336
0.330901	12.430600
0.343472	12.314738
0.313948	11.578117
0.312258	12.226803
0.309359	13.965500
0.309791	12.293068
0.316869	15.022985
0.294585	14.903017
0.294388	15.550576
0.283332	15.629188
0.291639	15.251207
0.263810	14.669143
0.278762	15.395982
0.269457	13.787393
0.282982	15.816252
0.310599	18.181580
0.282771	16.306479
0.285195	18.078362
0.325413	19.791176
0.305444	18.916412
0.304250	17.017307
0.304243	20.709986
0.308390	17.667732
0.312855	21.273525
0.324599	19.750517
0.316480	19.967302
0.322286	15.927215
0.358030	18.309956
0.335747	16.378563
0.333959	18.286715
0.320155	17.581596
0.329581	17.178308
0.336844	18.933279
0.322734	19.426939
0.305232	17.008997
0.322507	19.427626
0.297660	16.298723
0.285496	16.173740
0.265082	16.279390
0.272408	15.095592
0.244103	17.923765
0.231051	14.492763
0.230361	16.748005
0.210383	14.676524
0.209841	15.583107
0.191161	14.594694
0.195643	16.826004
0.189846	14.432314
0.169838	13.520787
0.195231	13.741965
0.179017	14.020395
0.182259	13.186411
0.176512	14.087337
0.181403	12.884528
0.191283	13.236938
0.185358	13.444624
0.191728	14.419042
0.194760	11.609224
0.200131	14.634165
0.196337	12.826567
0.197299	13.619589
0.204544	13.613019
0.210522	15.317616
0.207892	14.388695
0.218412	14.332137
0.239137	15.256457
0.233339	13.940814
0.226360	16.327944
0.239623	15.044758
0.246760	14.226514
0.250888	14.511647
0.250982	13.721854
0.256614	13.867512
0.267492	15.611345
0.278767	13.564293
0.287194	14.120216
0.298787	14.147256
0.301863	13.230536
0.321120	13.897748
0.332805	13.207988
0.353863	13.680396
0.342064	11.756398
0.349416	12.753534
0.342044	12.939077
0.329715	10.891002
0.310934	12.060594
0.344533	11.781648
0.358368	11.393480
0.337673	10.782576
0.304089	10.504131
0.295628	9.025509
0.269699	9.850187
0.278802	10.677751
0.287647	10.585153
0.298915	10.330638
0.329402	10.189168
0.316127	9.820548
0.314127	10.049923
0.316513	10.315149
0.323247	9.847563
0.343440	10.277166
0.332548	11.861702
0.334079	11.490367
0.343750	11.683143
0.319935	11.922427
0.317936	10.312413
0.293411	9.513492
0.337423	9.603586
0.346373	9.457484
0.339463	8.379121
0.288097	7.401468
0.279105	7.205328
0.262667	7.091162
0.266005	7.163466
0.244281	5.990388
0.276152	4.942485
0.276416	5.818920
0.275154	5.079664
0.275673	4.862476
0.257175	4.385348
0.312314	2.759402
0.287524	4.290784
0.283849	4.403875
0.262716	4.173882
0.285889	3.781032
0.246498	1.059421
0.262821	2.293425
0.239109	2.151855
0.221139	nan
0.234107	3.540904
0.259341	nan
0.251619	3.181801
0.245046	2.563222
0.267794	3.355196
0.269068	3.240308
0.292700	3.778339
0.313601	3.553703
0.292706	3.897459
0.302302	2.787344
0.313197	6.518492
0.240116	3.565798
0.237362	3.102077
0.272111	5.628911
0.257182	5.162528
0.281285	6.365692
0.287217	5.864227
0.293808	4.676327
0.302644	6.583522
0.293844	6.640019
0.311726	7.294345
0.294315	7.008956
0.306515	7.261631
0.292160	7.189004
0.267533	6.700249
0.234639	7.190312
0.253475	5.700511
0.276836	6.914121
0.254428	4.765383
0.275930	6.694286
0.275454	6.431413
0.260715	6.721954
0.328595	6.710760
0.334777	7.627032
0.341228	5.788294
0.299811	5.956568
0.302704	2.390025
0.337279	6.674369
0.343255	5.407852
0.308953	5.184321
0.290270	4.297894
0.317783	3.538692
0.347878	3.996431
0.350325	2.982169
0.303509	4.501978
0.342379	5.167985
0.294402	5.860219
0.354831	3.463341
0.354121	4.323320
0.313312	4.336880
0.285298	5.411181
0.268790	4.869877
0.339510	5.318653
0.325160	4.438405
0.354707	5.532665
0.324004	5.646133
0.315263	4.785875
0.326464	3.950526
0.296207	5.323950
0.299345	4.735222
0.298151	4.659723
0.260596	5.136071
0.218793	6.411291
0.249308	6.809462
0.254488	3.857079
0.224687	4.622274
0.244204	3.880551
0.200174	3.500437
0.202783	3.900270
0.226612	5.463310
0.223870	5.162983
0.249189	6.754380
0.193750	4.658884
0.215006	4.029982
0.201288	4.574090
0.202921	5.100429
0.227649	3.848952
0.197382	5.750156
0.188667	5.546799
0.169698	5.376051
0.175799	6.134407
0.163158	6.126615
0.170607	6.360401
0.176674	6.110874
0.209440	6.049572
0.252864	6.738942
0.269447	6.578762
0.254437	5.299777
0.262984	5.280092
0.242668	5.258547
0.275028	5.125848
0.230305	4.273050
0.235033	7.845524
0.231788	6.326329
0.257228	6.079141
0.245253	5.567932
0.233125	5.476336
0.234320	5.941694
0.231417	6.051901
0.206681	6.245353
0.200193	6.070762
0.189697	5.538181
0.197510	5.037255
0.173123	5.641000
0.173632	5.448672
0.202481	4.860544
0.175969	6.805895
0.160606	5.997442
0.131802	5.868098
0.125558	6.020247
0.117224	6.336594
0.115397	5.768510
0.102637	5.701335
0.092102	6.420201
0.088804	5.045486
0.095560	5.930482
0.088200	5.947885
0.105169	6.077337
0.099657	5.652232
0.101633	6.046982
0.112658	7.219119
0.110392	6.798643
0.114290	5.809898
0.107369	6.085706
0.110090	5.830213
0.114862	6.228403
0.110007	6.638839
0.113721	5.735977
0.113419	5.763350
0.108785	5.496458
0.121795	5.254674
0.116294	6.521375
0.126131	6.429465
0.158184	5.632944
0.156012	6.955003
0.145331	5.583941
0.151644	4.508235
0.155070	5.416387
0.138604	5.868631
0.165354	5.752198
0.191914	5.188096
0.178885	5.926387
0.148475	5.189454
0.150538	5.239305
0.163804	5.835314
0.138870	5.411181
0.163403	6.559808
0.180237	4.413287
0.166927	5.120804
0.160511	5.794107
0.196567	5.695427
0.203800	5.399593
0.171984	5.924274
0.192830	5.598225
0.227912	5.290610
0.205386	5.243935
0.230726	5.906138
0.230312	5.463310
0.223477	5.364679
0.229736	4.492578
0.239562	4.200618
0.262035	4.910542
0.267102	5.504288
0.256477	5.584501
0.250525	4.387846
0.238138	4.875019
0.243634	6.320632
0.234186	5.763621
0.245909	5.176916
0.256944	5.123097
0.248723	5.637251
0.254907	3.917494
0.233959	4.994486
0.243922	5.201961
0.229364	4.517082
0.255687	5.323215
0.237413	4.973436
0.264667	5.392918
0.277229	5.750156
0.270703	5.707512
0.260627	5.260036
0.269204	5.901893
0.291417	5.743071
0.298467	6.324843
0.306282	4.955616
0.321675	4.791761
0.313619	4.545073
0.310733	5.853134
0.306453	6.783535
0.306057	5.655279
0.306469	5.990649
0.285219	6.810037
0.268610	4.561235
0.281921	6.345116
0.270729	5.840679
0.266086	6.251870
0.245107	4.279091
0.262964	5.180544
0.255508	4.829031
0.276623	4.328026
0.280040	5.012012
0.264954	4.936462
0.275937	5.200154
0.289942	5.616796
0.286358	5.563290
0.283760	5.755736
